variables = x,rho,u,v,p
0   3.8571   2.6293   0   10.3333
0.0100233433433433   3.8571   2.6293   0   10.3333
0.0200466866866867   3.8571   2.6293   0   10.3333
0.03007003003003   3.8571   2.6293   0   10.3333
0.0400933733733734   3.8571   2.6293   0   10.3333
0.0501167167167167   3.8571   2.6293   0   10.3333
0.0601400600600601   3.8571   2.6293   0   10.3333
0.0701634034034034   3.8571   2.6293   0   10.3333
0.0801867467467468   3.8571   2.6293   0   10.3333
0.0902100900900901   3.8571   2.6293   0   10.3333
0.100233433433433   3.8571   2.6293   0   10.3333
0.110256776776777   3.8571   2.6293   0   10.3333
0.12028012012012   3.8571   2.6293   0   10.3333
0.130303463463463   3.8571   2.6293   0   10.3333
0.140326806806807   3.8571   2.6293   0   10.3333
0.15035015015015   3.8571   2.6293   0   10.3333
0.160373493493494   3.8571   2.6293   0   10.3333
0.170396836836837   3.8571   2.6293   0   10.3333
0.18042018018018   3.8571   2.6293   0   10.3333
0.190443523523524   3.8571   2.6293   0   10.3333
0.200466866866867   3.8571   2.6293   0   10.3333
0.21049021021021   3.8571   2.6293   0   10.3333
0.220513553553554   3.8571   2.6293   0   10.3333
0.230536896896897   3.8571   2.6293   0   10.3333
0.24056024024024   3.8571   2.6293   0   10.3333
0.250583583583584   3.8571   2.6293   0   10.3333
0.260606926926927   3.8571   2.6293   0   10.3333
0.27063027027027   3.8571   2.6293   0   10.3333
0.280653613613614   3.8571   2.6293   0   10.3333
0.290676956956957   3.8571   2.6293   0   10.3333
0.3007003003003   3.8571   2.6293   0   10.3333
0.310723643643644   3.8571   2.6293   0   10.3333
0.320746986986987   3.8571   2.6293   0   10.3333
0.330770330330331   3.8571   2.6293   0   10.3333
0.340793673673674   3.8571   2.6293   0   10.3333
0.350817017017017   3.8571   2.6293   0   10.3333
0.360840360360361   3.8571   2.6293   0   10.3333
0.370863703703704   3.8571   2.6293   0   10.3333
0.380887047047047   3.8571   2.6293   0   10.3333
0.390910390390391   3.8571   2.6293   0   10.3333
0.400933733733734   3.8571   2.6293   0   10.3333
0.410957077077078   3.8571   2.6293   0   10.3333
0.420980420420421   3.8571   2.6293   0   10.3333
0.431003763763764   3.8571   2.6293   0   10.3333
0.441027107107108   3.8571   2.6293   0   10.3333
0.451050450450451   3.8571   2.6293   0   10.3333
0.461073793793794   3.8571   2.6293   0   10.3333
0.471097137137138   3.8571   2.6293   0   10.3333
0.481120480480481   3.8571   2.6293   0   10.3333
0.491143823823825   3.8571   2.6293   0   10.3333
0.501167167167168   3.8571   2.6293   0   10.3333
0.511190510510511   3.8571   2.6293   0   10.3333
0.521213853853855   3.8571   2.6293   0   10.3333
0.531237197197198   3.8571   2.6293   0   10.3333
0.541260540540541   3.8571   2.6293   -2.08666012262036e-16   10.3333
0.551283883883884   3.85709999999999   2.6293   -3.00724467978314e-16   10.3333
0.561307227227228   3.85709999999997   2.62930000000002   9.75106799368141e-17   10.3332999999999
0.571330570570571   3.85709999999993   2.62930000000004   1.35315848524953e-16   10.3332999999997
0.581353913913914   3.85709999999983   2.6293000000001   3.93514495465554e-16   10.3332999999993
0.591377257257258   3.85709999999966   2.6293000000002   -3.72217006509623e-17   10.3332999999985
0.601400600600601   3.8570999999993   2.62930000000041   -2.09503191572681e-16   10.3332999999969
0.611423943943944   3.85709999999861   2.62930000000082   -4.32051405396212e-16   10.3332999999938
0.621447287287288   3.85709999999725   2.62930000000162   -6.88139835762257e-16   10.3332999999877
0.631470630630631   3.85709999999463   2.62930000000316   -7.279695562244e-16   10.3332999999761
0.641493973973974   3.85709999998962   2.6293000000061   -3.43948511627194e-16   10.3332999999539
0.651517317317318   3.85709999998012   2.62930000001166   -4.95232448839373e-16   10.333299999912
0.661540660660661   3.85709999996227   2.62930000002207   -2.35747662236999e-16   10.3332999998335
0.671564004004004   3.85709999992909   2.62930000004138   -3.38461990937819e-16   10.3332999996879
0.681587347347348   3.85709999986798   2.62930000007687   -3.15874944593672e-16   10.3332999994204
0.691610690690691   3.85709999975649   2.62930000014146   -1.13125399396294e-16   10.3332999989337
0.701634034034034   3.85709999955505   2.62930000025787   4.33767148847722e-16   10.3332999980564
0.711657377377378   3.85709999919459   2.62930000046568   5.60463731608053e-16   10.3332999964907
0.721680720720721   3.85709999855573   2.6293000008331   9.54797564543872e-16   10.333299993723
0.731704064064064   3.85709999743442   2.62930000147643   9.04788346609333e-16   10.3332999888775
0.741727407407408   3.85709999548526   2.62930000259201   1.07010471325575e-15   10.3332999804765
0.751750750750751   3.85709999212988   2.62930000450779   1.02364438830803e-15   10.3332999660519
0.761774094094094   3.85709998640972   2.62930000776585   1.09734707342158e-15   10.3332999415248
0.771797437437437   3.8570999767528   2.6293000132528   1.02313122010877e-15   10.3332999002247
0.781820780780781   3.85709996060839   2.6293000224036   1.12355130551802e-15   10.3332998313583
0.791844124124124   3.85709993388119   2.62930003751592   1.56862464785146e-15   10.3332997176451
0.801867467467467   3.85709989006615   2.62930006222985   1.82838266986738e-15   10.3332995317143
0.811890810810811   3.8570998189408   2.62930010225033   1.79152483898529e-15   10.3332992306754
0.821914154154154   3.85709970461369   2.62930016642233   1.66579993820078e-15   10.3332987480428
0.831937497497497   3.85709952264767   2.62930026831062   1.54293437256373e-15   10.3332979818712
0.841960840840841   3.85709923587336   2.62930042849162   8.03580116818059e-16   10.3332967775462
0.851984184184184   3.85709878837466   2.62930067783542   3.64158906184143e-16   10.3332949031461
0.862007527527527   3.85709809696135   2.62930106214385   -1.21769586701063e-16   10.3332920146299
0.872030870870871   3.85709703924056   2.62930164861681   -3.86554624944846e-16   10.3332876073142
0.882054214214214   3.85709543715885   2.62930253474368   -3.96598399912706e-16   10.3332809491664
0.892077557557557   3.85709303461292   2.62930386035681   -2.46714957991749e-16   10.3332709903954
0.902100900900901   3.85708946743035   2.62930582373495   -7.04377397732357e-17   10.333256242693
0.912124244244244   3.85708422371783   2.6293087027953   -1.41753179133998e-16   10.3332346203565
0.922147587587587   3.85707659229073   2.62931288255011   2.14312988752911e-17   10.3332032344984
0.932170930930931   3.85706559667301   2.62931889010621   2.51708299098395e-16   10.333158130797
0.942194274274274   3.85704991203961   2.62932743852718   4.51830489438495e-16   10.333093960943
0.952217617617617   3.85702776252602   2.62933948082661   1.04411185736005e-15   10.3330035783427
0.96224096096096   3.85699679662318   2.62935627518075   2.04403848603465e-15   10.3328775500158
0.972264304304304   3.85695393898217   2.62937946210355   2.82144974629272e-15   10.3327035792481
0.982287647647647   3.85689521794356   2.62941115378331   3.51476577687441e-15   10.332465837685
0.99231099099099   3.85681556953416   2.62945403501332   4.05338897042535e-15   10.3321442113605
1.00233433433433   3.85670862056517   2.62951147415255   4.51581303830449e-15   10.3317134727121
1.01235767767768   3.85656645580155   2.62958764134168   4.8782894547377e-15   10.3311423998175
1.02238102102102   3.85637937687656   2.62968762982182   5.31575385250621e-15   10.330392874557
1.03240436436436   3.85613566355231   2.62981757474114   5.63116045459169e-15   10.329419002541
1.04242770770771   3.85582135085708   2.62998476240557   5.59905801272353e-15   10.3281663085539
1.05245105105105   3.85542003827653   2.63019772168568   5.57001528730434e-15   10.3265710708034
1.06247439439439   3.85491274920092   2.63046628840368   5.48772906679375e-15   10.324559864128
1.07249773773774   3.85427785987872   2.63080163316608   5.50187882457012e-15   10.3220493851461
1.08252108108108   3.85349111686914   2.63121624343402   5.24216678208162e-15   10.3189466299209
1.09254442442442   3.85252576016791   2.63172385174072   5.03401899342681e-15   10.31514948619
1.10256776776777   3.85135276568067   2.6323393039102   4.93566648879465e-15   10.3105477872245
1.11259111111111   3.84994121558332   2.6330783638475   4.73731780618605e-15   10.3050248532898
1.12261445445445   3.84825879858544   2.63395745480546   4.58702871666356e-15   10.2984595205906
1.1326377977978   3.84627243463821   2.63499334074101   4.15191283268046e-15   10.2907286283276
1.14266114114114   3.84394901080007   2.63620275514389   3.90681151501625e-15   10.2817099044919
1.15268448448449   3.84125620748266   2.63760198820578   3.61145823697656e-15   10.2712851629922
1.16270782782783   3.8381633878486   2.6392064460681   3.6903262721064e-15   10.259343701323
1.17273117117117   3.8346425183411   2.64103019786683   3.96423622374934e-15   10.2457857715503
1.18275451451452   3.83066908564433   2.64308552720604   4.25245450600672e-15   10.2305259894741
1.19277785785786   3.82622297502703   2.64538250448047   4.7242180991488e-15   10.2134965480976
1.2028012012012   3.82128927697619   2.64792859520055   5.2225932542773e-15   10.1946501116256
1.21282454454455   3.81585899300247   2.65072831733164   5.71705651523705e-15   10.1739622838448
1.22284788788789   3.80992961701391   2.65378295790748   6.24206284633187e-15   10.1514335678839
1.23287123123123   3.80350557509785   2.65709035612812   6.67018378815125e-15   10.1270907605327
1.24289457457458   3.79659851326324   2.66064475711745   6.88030292341614e-15   10.1009877509496
1.25291791791792   3.78922742905371   2.66443673777831   7.21914679113289e-15   10.0732057183146
1.26294126126126   3.78141864842481   2.66845320396059   7.40999271888908e-15   10.0438527438724
1.27296460460461   3.77320565352085   2.67267745658917   7.16270023867493e-15   10.0130628685737
1.28298794794795   3.76462876979769   2.67708932353187   6.69972774105388e-15   9.98099463755207
1.29301129129129   3.75573472231383   2.68166535378723   6.12875516548253e-15   9.94782917710722
1.30303463463464   3.74657607111477   2.686379070924   5.63374235171164e-15   9.91376784941019
1.31305797797798   3.73721053477299   2.69120128343044   5.15316572792776e-15   9.87902952606958
1.32308132132132   3.72770020973451   2.69610045050587   5.04000639187722e-15   9.84384751561075
1.33310466466467   3.71811069165513   2.70104310258843   4.64242327259651e-15   9.80846617367613
1.34312800800801   3.7085101039095   2.70599431628817   4.19554004094559e-15   9.77313722028356
1.35315135135135   3.69896803844104   2.7109182431138   3.89256051301573e-15   9.73811578763064
1.3631746946947   3.68955441554635   2.7157786902082   3.94865057304061e-15   9.70365622629699
1.37319803803804   3.68033827239196   2.72053974907151   4.35130295938452e-15   9.67000770840754
1.38322138138138   3.67138649519615   2.72516646488193   4.62152006817603e-15   9.63740968382433
1.39324472472473   3.66276251697218   2.72962553460343   4.78815888534095e-15   9.60608726925853
1.40326806806807   3.65452501109678   2.73388601685804   5.03347349551177e-15   9.5762466787377
1.41329141141141   3.6467266199621   2.73792003101073   5.54131165356662e-15   9.54807083428528
1.42331475475476   3.63941276646119   2.74170341773996   5.93483424122784e-15   9.52171532393991
1.4333380980981   3.63262060264785   2.74521632937721   5.96982866263922e-15   9.49730489543374
1.44336144144144   3.62637815309263   2.74844371638093   5.89665547016877e-15   9.47493068271307
1.45338478478479   3.62070370884083   2.75137567726849   5.50294578112185e-15   9.45464835428807
1.46340812812813   3.61560552049244   2.75400764370753   5.49932278286081e-15   9.43647734392486
1.47343147147147   3.61108182548118   2.75634038039289   5.29861150156285e-15   9.42040127470585
1.48345481481482   3.60712122573588   2.7583797903943   5.57926279962721e-15   9.40636961940285
1.49347815815816   3.60370340911402   2.76013652988794   5.82306118062176e-15   9.39430055916395
1.50350150150151   3.60080018366314   2.76162545015377   5.81979138774799e-15   9.3840849172133
1.51352484484485   3.59837677073315   2.76286489775174   5.82277300393866e-15   9.37559096469148
1.52354818818819   3.5963932840872   2.76387591423774   6.11640469695988e-15   9.36866983191828
1.53357153153154   3.5948063098136   2.76468138332875   6.27142848612368e-15   9.36316121837763
1.54359487487488   3.59357049749122   2.76530517532275   6.76146911545065e-15   9.35889908342095
1.55361821821822   3.59264007702087   2.76577133576025   7.04402372411037e-15   9.35571701773786
1.56364156156157   3.5919702269574   2.76610335837945   7.34633408154892e-15   9.35345303962671
1.57366490490491   3.5915182372606   2.76632357248757   7.56985556906153e-15   9.3519536232802
1.58368824824825   3.59124442974072   2.76645266335245   7.4143172328815e-15   9.35107684001542
1.5937115915916   3.5911128205691   2.76650933254996   7.55060648858987e-15   9.35069456856475
1.60373493493494   3.59109152876426   2.76651009463287   7.81529570022919e-15   9.35069379918038
1.61375827827828   3.59115295080076   2.76646919792183   8.0862974162173e-15   9.35097711240032
1.62378162162163   3.59127373336511   2.76639865115986   8.34202464778945e-15   9.35146245341884
1.63380496496497   3.59143458344792   2.76630833432712   8.374382375048e-15   9.3520823461495
1.64382830830831   3.59161995766248   2.76620617087205   8.2261532599913e-15   9.35278269842592
1.65385165165166   3.59181767160254   2.76609833955108   8.07264178022177e-15   9.3535213439992
1.663874994995   3.59201846612645   2.76598950644405   8.29146774864322e-15   9.35426645150689
1.67389833833834   3.59221556168206   2.76588306097321   8.28819506497384e-15   9.35499490903357
1.68392168168169   3.59240422510495   2.76578134339869   8.219575531798e-15   9.35569076859101
1.69394502502503   3.59258136650945   2.76568585488695   7.90269332600588e-15   9.35634381055794
1.70396836836837   3.59274517752784   2.76559744455808   7.86729002711293e-15   9.35694826583956
1.71399171171172   3.59289481660687   2.76551647073046   8.05642412889096e-15   9.35750171450367
1.72401505505506   3.59303014252192   2.76544293581271   8.47664129537746e-15   9.35800416453004
1.7340383983984   3.59315149374264   2.76537659593536   8.47503134268809e-15   9.35845730315723
1.74406174174175   3.59325950868942   2.76531704751316   8.43094760867994e-15   9.35886390583762
1.75408508508509   3.59335498009484   2.7652637935624   8.43105449044309e-15   9.35922738349458
1.76410842842843   3.59343873542872   2.76521629286019   8.3301707462084e-15   9.35955144698933
1.77413177177178   3.59351153445392   2.76517399501802   8.23042225989698e-15   9.35983986780127
1.78415511511512   3.59357397426622   2.76513636433947   7.72478316328899e-15   9.36009631531137
1.79417845845846   3.59362639148696   2.76510289501502   7.01317001602236e-15   9.36032425324316
1.80420180180181   3.59366875052682   2.7650731198355   6.45394618329972e-15   9.36052688035511
1.81422514514515   3.59370050599486   2.76504661422327   5.72651531851307e-15   9.36070710309099
1.82424848848849   3.59372042643693   2.76502299701763   4.81373974432578e-15   9.36086753037617
1.83427183183184   3.59372636578232   2.76500192912514   3.78002492486131e-15   9.36101048297166
1.84429517517518   3.59371496837708   2.76498311086723   2.94829162208477e-15   9.36113801170328
1.85431851851853   3.59368129358622   2.76496627862745   2.02175082113141e-15   9.3612519204524
1.86434186186187   3.59361834702776   2.76495120121814   1.13709361570908e-15   9.36135379104445
1.87436520520521   3.59351650797502   2.76493767624524   3.08043694278411e-16   9.36144500813332
1.88438854854856   3.59336284675022   2.76492552664541   -3.44049543998107e-16   9.36152678289584
1.8944118918919   3.59314033240363   2.76491459749346   -5.51720227939547e-16   9.36160017486777
1.90443523523524   3.59282693987839   2.76490475312628   -9.33935932720431e-16   9.36166611161002
1.91445857857859   3.59239467725523   2.76489587459423   -1.37570913789462e-15   9.36172540613125
1.92448192192193   3.59180856733041   2.76488785742947   -1.50688246997506e-15   9.36177877214146
1.93450526526527   3.59102563313648   2.76488060970812   -1.53370044351366e-15   9.36182683729559
1.94452860860862   3.58999395310991   2.76487405037733   -1.17926068746507e-15   9.36187015462782
1.95455195195196   3.58865186708982   2.76486810781607   -7.74072126185849e-16   9.36190921238961
1.9645752952953   3.58692742749269   2.76486271859963   -1.17500833452496e-17   9.36194444249971
1.97459863863865   3.58473819889936   2.76485782643948   5.66551300479265e-16   9.3619762277994
1.98462198198199   3.58199151188389   2.76485338127353   8.95024207214514e-16   9.36200490828608
1.99464532532533   3.57858527132271   2.76484933848441   1.87673548974259e-15   9.36203078647671
2.00466866866868   3.57440940416097   2.76484565822702   2.63492232512839e-15   9.36205413203181
2.01469201201202   3.56934800586602   2.76484230484873   3.48319356557136e-15   9.36207518575078
2.02471535535536   3.56328220866218   2.76483924638867   4.2177902249194e-15   9.36209416303215
2.03473869869871   3.55609374930797   2.76483645414438   4.68865449803154e-15   9.36211125687695
2.04476204204205   3.54766916200957   2.76483390229587   4.8709451194118e-15   9.3621266405007
2.05478538538539   3.53790446654884   2.76483156757906   4.42347521050828e-15   9.36214046960879
2.06480872872874   3.52671016724887   2.76482942900118   3.66954513179573e-15   9.36215288438074
2.07483207207208   3.51401633000024   2.76482746759248   2.78247185761019e-15   9.36216401120191
2.08485541541542   3.49977746733981   2.76482566618894   2.06969861679871e-15   9.36217396417516
2.09487875875877   3.48397694020992   2.76482400924163   9.69913095442541e-16   9.36218284644016
2.10490210210211   3.46663058325269   2.76482248264897   3.16485979078034e-17   9.36219075132422
2.11492544544545   3.44778928055451   2.76482107360863   -6.54258554968536e-16   9.36219776334566
2.1249487887888   3.42754026103187   2.7648197704862   -1.70810265641745e-15   9.36220395908791
2.13497213213214   3.40600694544924   2.76481856269836   -2.37845611862877e-15   9.36220940796089
2.14499547547548   3.3833472566442   2.76481744060831   -2.68781369369121e-15   9.36221417286409
2.15501881881883   3.35975039535472   2.7648163954319   -2.91491390961129e-15   9.36221831076473
2.16504216216217   3.33543217921843   2.76481541915284   -2.59713444979638e-15   9.36222187320267
2.17506550550551   3.31062913445886   2.76481450444576   -2.64086743353756e-15   9.36222490673276
2.18508884884886   3.28559161094783   2.76481364460617   -2.25989887104935e-15   9.36222745331407
2.1951121921922   3.2605762549883   2.76481283348642   -2.03817647051075e-15   9.36222955065433
2.20513553553555   3.23583821502606   2.76481206543688   -2.05293842333866e-15   9.36223123251673
2.21515887887889   3.21162347030535   2.76481133525183   -1.62566627313659e-15   9.36223252899537
2.22518222222223   3.18816166027828   2.76481063811954   -1.08370034947976e-15   9.36223346676418
2.23520556556558   3.16565975478688   2.76480996957608   -6.99129757690012e-16   9.3622340693037
2.24522890890892   3.14429684526782   2.76480932546253   -5.00292775005091e-16   9.36223435710854
2.25525225225226   3.12422026086503   2.76480870188517   -3.34845141290358e-16   9.3622343478777
2.26527559559561   3.10554312694563   2.76480809517837   -3.44554171065086e-16   9.36223405668922
2.27529893893895   3.08834339418024   2.76480750186984   -5.33369939603194e-16   9.36223349615906
2.28532228228229   3.07266428097136   2.76480691864773   -8.96442785257853e-16   9.36223267658387
2.29534562562564   3.05851599668622   2.76480634232916   -1.18091313453972e-15   9.36223160606503
2.30536896896898   3.0458785526545   2.76480576982923   -1.49283970501475e-15   9.36223029061008
2.31539231231232   3.03470542537349   2.76480519812946   -1.79094930013562e-15   9.36222873420304
2.32541565565567   3.0249278131963   2.76480462424316   -2.18345037296994e-15   9.36222693882871
2.33543899899901   3.01645922361648   2.76480404517394   -2.83051018499944e-15   9.36222490442319
2.34546234234235   3.00920014125818   2.76480345785975   -3.68373734394091e-15   9.36222262869729
2.3554856856857   3.00304255382371   2.76480285908856   -4.5268654226629e-15   9.36222010673325
2.36550902902904   2.99787415077624   2.76480224535908   -5.13379670477616e-15   9.36221733016356
2.37553237237238   2.99358205335516   2.76480161263615   -5.32935471661695e-15   9.36221428556872
2.38555571571573   2.99005598061827   2.76480095590469   -5.62977296000882e-15   9.36221095139939
2.39557905905907   2.9871908009642   2.76480026833903   -5.9354636700184e-15   9.36220729209828
2.40560240240241   2.98488845902865   2.7647995397379   -6.12397403318162e-15   9.36220324689178
2.41562574574576   2.98305930174247   2.76479875355808   -6.34966543560256e-15   9.36219870842266
2.4256490890891   2.98162285321004   2.76479788127327   -6.58435656073662e-15   9.3621934820076
2.43567243243244   2.98050810505381   2.76479687162878   -6.72858690987645e-15   9.36218720793081
2.44569577577579   2.97965339645177   2.76479563015558   -6.93028035289427e-15   9.36217921321242
2.45571911911913   2.97900595559813   2.76479398009836   -6.93616525286279e-15   9.36216822881609
2.46574246246247   2.97852116012837   2.76479158788076   -7.05884267198935e-15   9.36215185012684
2.47576580580582   2.97816154423373   2.7647878209117   -7.46714679340905e-15   9.36212550763629
2.48578914914916   2.97789552606153   2.76478147631248   -7.88901561310826e-15   9.362080503249
2.4958124924925   2.97769573263821   2.76477026339959   -8.04283223830368e-15   9.3620002641886
2.50583583583585   2.97753662542936   2.76474981642595   -7.87834575268508e-15   9.36185319712353
2.51585917917919   2.97739080878011   2.76471181126568   -7.62012880423675e-15   9.36157905830809
2.52588252252253   2.97722280341251   2.76464037289388   -7.80424100847045e-15   9.36106296022998
2.53590586586588   2.97697793524481   2.76450522277974   -7.91779261380125e-15   9.36008581288583
2.54592920920922   2.97656184658791   2.76424860862827   -8.22592940957547e-15   9.35822988049918
2.55595255255257   2.97580207858343   2.76376037761926   -8.33664414796092e-15   9.35469896317877
2.56597589589591   2.97437551746132   2.76283044683828   -8.45484855126225e-15   9.34797660619506
2.57599923923925   2.97167118031522   2.76105820800158   -8.77495608754076e-15   9.33517854189669
2.5860225825826   2.96653153203463   2.75767996414864   -8.82531713605973e-15   9.31083344723308
2.59604592592594   2.95676907354926   2.75124067522122   -8.84859274152316e-15   9.26461491830199
2.60606926926928   2.93827950375132   2.73897120130397   -8.57618188624091e-15   9.17722207014668
2.61609261261263   2.90347517723044   2.71561327311046   -8.36155019266063e-15   9.01325407441755
2.62611595595597   2.83873420422497   2.67122879475606   -8.24014405569904e-15   8.71014639328864
2.63613929929931   2.72100921668561   2.58723125301115   -7.9885833556716e-15   8.16537570070901
2.64616264264266   2.5159760390523   2.42974847799755   -7.40095538095244e-15   7.23679936360786
2.656185985986   2.18682225631901   2.14137287535377   -6.31386542872069e-15   5.8028541433413
2.66620932932934   1.73277064626933   1.64627410839619   -4.1686016689871e-15   3.95554641557177
2.67623267267269   1.25634346439736   0.937708178814444   -1.84281769833285e-15   2.23532790245093
2.68625601601603   0.938812338066991   0.301966939806051   -2.91854342936842e-16   1.29932700982626
2.69627935935937   0.825285755594554   0.0526664879563164   -3.71912053344426e-18   1.04622337961039
2.70630270270272   0.803466931817429   0.00712819099789202   -3.72909265702529e-21   1.0060990135577
2.71632604604606   0.800447897878669   0.000920469981777768   -2.80181713558199e-25   1.00078432979086
2.7263493893894   0.800057456436172   0.000118076776846397   -1.7122351501212e-30   1.00010055708323
2.73637273273275   0.80000736408732   1.51336767735577e-05   -8.44026074539086e-37   1.00001288728938
2.74639607607609   0.800000943736352   1.93943925991191e-06   -2.83675288545488e-44   1.00000165154085
2.75641941941943   0.800000120941717   2.485430536958e-07   -5.90145434821924e-53   1.00000021164804
2.76644276276278   0.800000015498892   3.18512263451299e-08   -1.44498297519244e-63   1.00000002712306
2.77646610610612   0.800000001986209   4.08178740541582e-09   -1.97688883086295e-74   1.00000000347586
2.78648944944946   0.800000000254535   5.23087113876258e-10   -2.07547165338952e-86   1.00000000044544
2.79651279279281   0.800000000032619   6.70339213988843e-11   -2.58422353460301e-99   1.00000000005708
2.80653613613615   0.80000000000418   8.58988631516819e-12   -2.83345105195239e-113   1.00000000000731
2.81655947947949   0.800000000000536   1.10037569315321e-12   -2.90454042058754e-128   1.00000000000094
2.82658282282284   0.800000000000068   1.40596094698577e-13   -2.7332146154589e-144   1.00000000000012
2.83660616616618   0.800000000000009   1.77217314578693e-14   -2.27300978190652e-161   1.00000000000001
2.84662950950952   0.800000000000001   2.07886493300212e-15   -1.64457565783694e-179   1
2.85665285285287   0.8   1.97610714689057e-16   -8.96909053028691e-199   1
2.86667619619621   0.8   0   -2.27279001660524e-219   1
2.87669953953955   0.8   0   0   1
2.8867228828829   0.8   0   0   1
2.89674622622624   0.8   0   0   1
2.90676956956958   0.8   0   0   1
2.91679291291293   0.8   0   0   1
2.92681625625627   0.8   0   0   1
2.93683959959962   0.8   0   0   1
2.94686294294296   0.8   0   0   1
2.9568862862863   0.8   0   0   1
2.96690962962965   0.8   0   0   1
2.97693297297299   0.8   0   0   1
2.98695631631633   0.8   0   0   1
2.99697965965968   0.8   0   0   1
3.00700300300302   0.8   0   0   1
3.01702634634636   0.8   0   0   1
3.02704968968971   0.8   0   0   1
3.03707303303305   0.8   0   0   1
3.04709637637639   0.8   0   0   1
3.05711971971974   0.8   0   0   1
3.06714306306308   0.8   0   0   1
3.07716640640642   0.8   0   0   1
3.08718974974977   0.8   0   0   1
3.09721309309311   0.8   0   0   1
3.10723643643645   0.8   0   0   1
3.1172597797798   0.8   0   0   1
3.12728312312314   0.8   0   0   1
3.13730646646648   0.8   0   0   1
3.14732980980983   0.8   0   0   1
3.15735315315317   0.8   0   0   1
3.16737649649651   0.8   0   0   1
3.17739983983986   0.8   0   0   1
3.1874231831832   0.8   0   0   1
3.19744652652654   0.8   0   0   1
3.20746986986989   0.8   0   0   1
3.21749321321323   0.8   0   0   1
3.22751655655657   0.8   0   0   1
3.23753989989992   0.8   0   0   1
3.24756324324326   0.8   0   0   1
3.2575865865866   0.8   0   0   1
3.26760992992995   0.8   0   0   1
3.27763327327329   0.8   0   0   1
3.28765661661664   0.8   0   0   1
3.29767995995998   0.8   0   0   1
3.30770330330332   0.8   0   0   1
3.31772664664667   0.8   0   0   1
3.32774998999001   0.8   0   0   1
3.33777333333335   0.8   0   0   1
3.3477966766767   0.8   0   0   1
3.35782002002004   0.8   0   0   1
3.36784336336338   0.8   0   0   1
3.37786670670673   0.8   0   0   1
3.38789005005007   0.8   0   0   1
3.39791339339341   0.8   0   0   1
3.40793673673676   0.8   0   0   1
3.4179600800801   0.8   0   0   1
3.42798342342344   0.8   0   0   1
3.43800676676679   0.8   0   0   1
3.44803011011013   0.8   0   0   1
3.45805345345347   0.8   0   0   1
3.46807679679682   0.8   0   0   1
3.47810014014016   0.8   0   0   1
3.4881234834835   0.8   0   0   1
3.49814682682685   0.8   0   0   1
3.50817017017019   0.8   0   0   1
3.51819351351353   0.8   0   0   1
3.52821685685688   0.8   0   0   1
3.53824020020022   0.8   0   0   1
3.54826354354356   0.8   0   0   1
3.55828688688691   0.8   0   0   1
3.56831023023025   0.8   0   0   1
3.57833357357359   0.8   0   0   1
3.58835691691694   0.8   0   0   1
3.59838026026028   0.8   0   0   1
3.60840360360362   0.8   0   0   1
3.61842694694697   0.8   0   0   1
3.62845029029031   0.8   0   0   1
3.63847363363366   0.8   0   0   1
3.648496976977   0.8   0   0   1
3.65852032032034   0.8   0   0   1
3.66854366366369   0.8   0   0   1
3.67856700700703   0.8   0   0   1
3.68859035035037   0.8   0   0   1
3.69861369369372   0.8   0   0   1
3.70863703703706   0.8   0   0   1
3.7186603803804   0.8   0   0   1
3.72868372372375   0.8   0   0   1
3.73870706706709   0.8   0   0   1
3.74873041041043   0.8   0   0   1
3.75875375375378   0.8   0   0   1
3.76877709709712   0.8   0   0   1
3.77880044044046   0.8   0   0   1
3.78882378378381   0.8   0   0   1
3.79884712712715   0.8   0   0   1
3.80887047047049   0.8   0   0   1
3.81889381381384   0.8   0   0   1
3.82891715715718   0.8   0   0   1
3.83894050050052   0.8   0   0   1
3.84896384384387   0.8   0   0   1
3.85898718718721   0.8   0   0   1
3.86901053053055   0.8   0   0   1
3.8790338738739   0.8   0   0   1
3.88905721721724   0.8   0   0   1
3.89908056056058   0.8   0   0   1
3.90910390390393   0.8   0   0   1
3.91912724724727   0.8   0   0   1
3.92915059059061   0.8   0   0   1
3.93917393393396   0.8   0   0   1
3.9491972772773   0.8   0   0   1
3.95922062062064   0.8   0   0   1
3.96924396396399   0.8   0   0   1
3.97926730730733   0.8   0   0   1
3.98929065065068   0.8   0   0   1
3.99931399399402   0.8   0   0   1
4.00933733733736   0.8   0   0   1
4.01936068068071   0.8   0   0   1
4.02938402402405   0.8   0   0   1
4.03940736736739   0.8   0   0   1
4.04943071071074   0.8   0   0   1
4.05945405405408   0.8   0   0   1
4.06947739739742   0.8   0   0   1
4.07950074074077   0.8   0   0   1
4.08952408408411   0.8   0   0   1
4.09954742742745   0.8   0   0   1
4.1095707707708   0.8   0   0   1
4.11959411411414   0.8   0   0   1
4.12961745745748   0.8   0   0   1
4.13964080080083   0.8   0   0   1
4.14966414414417   0.8   0   0   1
4.15968748748751   0.8   0   0   1
4.16971083083086   0.8   0   0   1
4.1797341741742   0.8   0   0   1
4.18975751751754   0.8   0   0   1
4.19978086086089   0.8   0   0   1
4.20980420420423   0.8   0   0   1
4.21982754754757   0.8   0   0   1
4.22985089089092   0.8   0   0   1
4.23987423423426   0.8   0   0   1
4.2498975775776   0.8   0   0   1
4.25992092092095   0.8   0   0   1
4.26994426426429   0.8   0   0   1
4.27996760760763   0.8   0   0   1
4.28999095095098   0.8   0   0   1
4.30001429429432   0.8   0   0   1
4.31003763763766   0.8   0   0   1
4.32006098098101   0.8   0   0   1
4.33008432432435   0.8   0   0   1
4.3401076676677   0.8   0   0   1
4.35013101101104   0.8   0   0   1
4.36015435435438   0.8   0   0   1
4.37017769769773   0.8   0   0   1
4.38020104104107   0.8   0   0   1
4.39022438438441   0.8   0   0   1
4.40024772772776   0.8   0   0   1
4.4102710710711   0.8   0   0   1
4.42029441441444   0.8   0   0   1
4.43031775775779   0.8   0   0   1
4.44034110110113   0.8   0   0   1
4.45036444444447   0.8   0   0   1
4.46038778778782   0.8   0   0   1
4.47041113113116   0.8   0   0   1
4.4804344744745   0.8   0   0   1
4.49045781781785   0.8   0   0   1
4.50048116116119   0.8   0   0   1
4.51050450450453   0.8   0   0   1
4.52052784784788   0.8   0   0   1
4.53055119119122   0.8   0   0   1
4.54057453453456   0.8   0   0   1
4.55059787787791   0.8   0   0   1
4.56062122122125   0.8   0   0   1
4.57064456456459   0.8   0   0   1
4.58066790790794   0.8   0   0   1
4.59069125125128   0.8   0   0   1
4.60071459459462   0.8   0   0   1
4.61073793793797   0.8   0   0   1
4.62076128128131   0.8   0   0   1
4.63078462462465   0.8   0   0   1
4.640807967968   0.8   0   0   1
4.65083131131134   0.8   0   0   1
4.66085465465468   0.8   0   0   1
4.67087799799803   0.8   0   0   1
4.68090134134137   0.8   0   0   1
4.69092468468472   0.8   0   0   1
4.70094802802806   0.8   0   0   1
4.7109713713714   0.8   0   0   1
4.72099471471475   0.8   0   0   1
4.73101805805809   0.8   0   0   1
4.74104140140143   0.8   0   0   1
4.75106474474478   0.8   0   0   1
4.76108808808812   0.8   0   0   1
4.77111143143146   0.8   0   0   1
4.78113477477481   0.8   0   0   1
4.79115811811815   0.8   0   0   1
4.80118146146149   0.8   0   0   1
4.81120480480484   0.8   0   0   1
4.82122814814818   0.8   0   0   1
4.83125149149152   0.8   0   0   1
4.84127483483487   0.8   0   0   1
4.85129817817821   0.8   0   0   1
4.86132152152155   0.8   0   0   1
4.8713448648649   0.8   0   0   1
4.88136820820824   0.8   0   0   1
4.89139155155158   0.8   0   0   1
4.90141489489493   0.8   0   0   1
4.91143823823827   0.8   0   0   1
4.92146158158161   0.8   0   0   1
4.93148492492496   0.8   0   0   1
4.9415082682683   0.8   0   0   1
4.95153161161164   0.8   0   0   1
4.96155495495499   0.8   0   0   1
4.97157829829833   0.8   0   0   1
4.98160164164167   0.8   0   0   1
4.99162498498502   0.8   0   0   1
5.00164832832836   0.8   0   0   1
5.0116716716717   0.8   0   0   1
5.02169501501505   0.8   0   0   1
5.03171835835839   0.8   0   0   1
5.04174170170173   0.8   0   0   1
5.05176504504508   0.8   0   0   1
5.06178838838842   0.8   0   0   1
5.07181173173177   0.8   0   0   1
5.08183507507511   0.8   0   0   1
5.09185841841845   0.8   0   0   1
5.1018817617618   0.8   0   0   1
5.11190510510514   0.8   0   0   1
5.12192844844848   0.8   0   0   1
5.13195179179183   0.8   0   0   1
5.14197513513517   0.8   0   0   1
5.15199847847851   0.8   0   0   1
5.16202182182186   0.8   0   0   1
5.1720451651652   0.8   0   0   1
5.18206850850854   0.8   0   0   1
5.19209185185189   0.8   0   0   1
5.20211519519523   0.8   0   0   1
5.21213853853857   0.8   0   0   1
5.22216188188192   0.8   0   0   1
5.23218522522526   0.8   0   0   1
5.2422085685686   0.8   0   0   1
5.25223191191195   0.8   0   0   1
5.26225525525529   0.8   0   0   1
5.27227859859863   0.8   0   0   1
5.28230194194198   0.8   0   0   1
5.29232528528532   0.8   0   0   1
5.30234862862866   0.8   0   0   1
5.31237197197201   0.8   0   0   1
5.32239531531535   0.8   0   0   1
5.33241865865869   0.8   0   0   1
5.34244200200204   0.8   0   0   1
5.35246534534538   0.8   0   0   1
5.36248868868872   0.8   0   0   1
5.37251203203207   0.8   0   0   1
5.38253537537541   0.8   0   0   1
5.39255871871875   0.8   0   0   1
5.4025820620621   0.8   0   0   1
5.41260540540544   0.8   0   0   1
5.42262874874879   0.8   0   0   1
5.43265209209213   0.8   0   0   1
5.44267543543547   0.8   0   0   1
5.45269877877882   0.8   0   0   1
5.46272212212216   0.8   0   0   1
5.4727454654655   0.8   0   0   1
5.48276880880885   0.8   0   0   1
5.49279215215219   0.8   0   0   1
5.50281549549553   0.8   0   0   1
5.51283883883888   0.8   0   0   1
5.52286218218222   0.8   0   0   1
5.53288552552556   0.8   0   0   1
5.54290886886891   0.8   0   0   1
5.55293221221225   0.8   0   0   1
5.56295555555559   0.8   0   0   1
5.57297889889894   0.8   0   0   1
5.58300224224228   0.8   0   0   1
5.59302558558562   0.8   0   0   1
5.60304892892897   0.8   0   0   1
5.61307227227231   0.8   0   0   1
5.62309561561565   0.8   0   0   1
5.633118958959   0.8   0   0   1
5.64314230230234   0.8   0   0   1
5.65316564564568   0.8   0   0   1
5.66318898898903   0.8   0   0   1
5.67321233233237   0.8   0   0   1
5.68323567567571   0.8   0   0   1
5.69325901901906   0.8   0   0   1
5.7032823623624   0.8   0   0   1
5.71330570570574   0.8   0   0   1
5.72332904904909   0.8   0   0   1
5.73335239239243   0.8   0   0   1
5.74337573573577   0.8   0   0   1
5.75339907907912   0.8   0   0   1
5.76342242242246   0.8   0   0   1
5.77344576576581   0.8   0   0   1
5.78346910910915   0.8   0   0   1
5.79349245245249   0.8   0   0   1
5.80351579579584   0.8   0   0   1
5.81353913913918   0.8   0   0   1
5.82356248248252   0.8   0   0   1
5.83358582582587   0.8   0   0   1
5.84360916916921   0.8   0   0   1
5.85363251251255   0.8   0   0   1
5.8636558558559   0.8   0   0   1
5.87367919919924   0.8   0   0   1
5.88370254254258   0.8   0   0   1
5.89372588588593   0.8   0   0   1
5.90374922922927   0.8   0   0   1
5.91377257257261   0.8   0   0   1
5.92379591591596   0.8   0   0   1
5.9338192592593   0.8   0   0   1
5.94384260260264   0.8   0   0   1
5.95386594594599   0.8   0   0   1
5.96388928928933   0.8   0   0   1
5.97391263263267   0.8   0   0   1
5.98393597597602   0.8   0   0   1
5.99395931931936   0.8   0   0   1
6.0039826626627   0.8   0   0   1
6.01400600600605   0.8   0   0   1
6.02402934934939   0.8   0   0   1
6.03405269269273   0.8   0   0   1
6.04407603603608   0.8   0   0   1
6.05409937937942   0.8   0   0   1
6.06412272272276   0.8   0   0   1
6.07414606606611   0.8   0   0   1
6.08416940940945   0.8   0   0   1
6.09419275275279   0.8   0   0   1
6.10421609609614   0.8   0   0   1
6.11423943943948   0.8   0   0   1
6.12426278278283   0.8   0   0   1
6.13428612612617   0.8   0   0   1
6.14430946946951   0.8   0   0   1
6.15433281281286   0.8   0   0   1
6.1643561561562   0.8   0   0   1
6.17437949949954   0.8   0   0   1
6.18440284284289   0.8   0   0   1
6.19442618618623   0.8   0   0   1
6.20444952952957   0.8   0   0   1
6.21447287287292   0.8   0   0   1
6.22449621621626   0.8   0   0   1
6.2345195595596   0.8   0   0   1
6.24454290290295   0.8   0   0   1
6.25456624624629   0.8   0   0   1
6.26458958958963   0.8   0   0   1
6.27461293293298   0.8   0   0   1
6.28463627627632   0.8   0   0   1
6.29465961961966   0.8   0   0   1
6.30468296296301   0.8   0   0   1
6.31470630630635   0.8   0   0   1
6.32472964964969   0.8   0   0   1
6.33475299299304   0.8   0   0   1
6.34477633633638   0.8   0   0   1
6.35479967967972   0.8   0   0   1
6.36482302302307   0.8   0   0   1
6.37484636636641   0.8   0   0   1
6.38486970970975   0.8   0   0   1
6.3948930530531   0.8   0   0   1
6.40491639639644   0.8   0   0   1
6.41493973973978   0.8   0   0   1
6.42496308308313   0.8   0   0   1
6.43498642642647   0.8   0   0   1
6.44500976976981   0.8   0   0   1
6.45503311311316   0.8   0   0   1
6.4650564564565   0.8   0   0   1
6.47507979979985   0.8   0   0   1
6.48510314314319   0.8   0   0   1
6.49512648648653   0.8   0   0   1
6.50514982982988   0.8   0   0   1
6.51517317317322   0.8   0   0   1
6.52519651651656   0.8   0   0   1
6.53521985985991   0.8   0   0   1
6.54524320320325   0.8   0   0   1
6.55526654654659   0.8   0   0   1
6.56528988988994   0.8   0   0   1
6.57531323323328   0.8   0   0   1
6.58533657657662   0.8   0   0   1
6.59535991991997   0.8   0   0   1
6.60538326326331   0.8   0   0   1
6.61540660660665   0.8   0   0   1
6.62542994995   0.8   0   0   1
6.63545329329334   0.8   0   0   1
6.64547663663668   0.8   0   0   1
6.65549997998003   0.8   0   0   1
6.66552332332337   0.8   0   0   1
6.67554666666671   0.8   0   0   1
6.68557001001006   0.8   0   0   1
6.6955933533534   0.8   0   0   1
6.70561669669674   0.8   0   0   1
6.71564004004009   0.8   0   0   1
6.72566338338343   0.8   0   0   1
6.73568672672677   0.8   0   0   1
6.74571007007012   0.8   0   0   1
6.75573341341346   0.8   0   0   1
6.7657567567568   0.8   0   0   1
6.77578010010015   0.8   0   0   1
6.78580344344349   0.8   0   0   1
6.79582678678683   0.8   0   0   1
6.80585013013018   0.8   0   0   1
6.81587347347352   0.8   0   0   1
6.82589681681686   0.8   0   0   1
6.83592016016021   0.8   0   0   1
6.84594350350355   0.8   0   0   1
6.8559668468469   0.8   0   0   1
6.86599019019024   0.8   0   0   1
6.87601353353358   0.8   0   0   1
6.88603687687693   0.8   0   0   1
6.89606022022027   0.8   0   0   1
6.90608356356361   0.8   0   0   1
6.91610690690696   0.8   0   0   1
6.9261302502503   0.8   0   0   1
6.93615359359364   0.8   0   0   1
6.94617693693699   0.8   0   0   1
6.95620028028033   0.8   0   0   1
6.96622362362367   0.8   0   0   1
6.97624696696702   0.8   0   0   1
6.98627031031036   0.8   0   0   1
6.9962936536537   0.8   0   0   1
7.00631699699705   0.8   0   0   1
7.01634034034039   0.8   0   0   1
7.02636368368373   0.8   0   0   1
7.03638702702708   0.8   0   0   1
7.04641037037042   0.8   0   0   1
7.05643371371376   0.8   0   0   1
7.06645705705711   0.8   0   0   1
7.07648040040045   0.8   0   0   1
7.08650374374379   0.8   0   0   1
7.09652708708714   0.8   0   0   1
7.10655043043048   0.8   0   0   1
7.11657377377382   0.8   0   0   1
7.12659711711717   0.8   0   0   1
7.13662046046051   0.8   0   0   1
7.14664380380385   0.8   0   0   1
7.1566671471472   0.8   0   0   1
7.16669049049054   0.8   0   0   1
7.17671383383388   0.8   0   0   1
7.18673717717723   0.8   0   0   1
7.19676052052057   0.8   0   0   1
7.20678386386392   0.8   0   0   1
7.21680720720726   0.8   0   0   1
7.2268305505506   0.8   0   0   1
7.23685389389395   0.8   0   0   1
7.24687723723729   0.8   0   0   1
7.25690058058063   0.8   0   0   1
7.26692392392398   0.8   0   0   1
7.27694726726732   0.8   0   0   1
7.28697061061066   0.8   0   0   1
7.29699395395401   0.8   0   0   1
7.30701729729735   0.8   0   0   1
7.31704064064069   0.8   0   0   1
7.32706398398404   0.8   0   0   1
7.33708732732738   0.8   0   0   1
7.34711067067072   0.8   0   0   1
7.35713401401407   0.8   0   0   1
7.36715735735741   0.8   0   0   1
7.37718070070075   0.8   0   0   1
7.3872040440441   0.8   0   0   1
7.39722738738744   0.8   0   0   1
7.40725073073078   0.8   0   0   1
7.41727407407413   0.8   0   0   1
7.42729741741747   0.8   0   0   1
7.43732076076081   0.8   0   0   1
7.44734410410416   0.8   0   0   1
7.4573674474475   0.8   0   0   1
7.46739079079084   0.8   0   0   1
7.47741413413419   0.8   0   0   1
7.48743747747753   0.8   0   0   1
7.49746082082087   0.8   0   0   1
7.50748416416422   0.8   0   0   1
7.51750750750756   0.8   0   0   1
7.5275308508509   0.8   0   0   1
7.53755419419425   0.8   0   0   1
7.54757753753759   0.8   0   0   1
7.55760088088094   0.8   0   0   1
7.56762422422428   0.8   0   0   1
7.57764756756762   0.8   0   0   1
7.58767091091097   0.8   0   0   1
7.59769425425431   0.8   0   0   1
7.60771759759765   0.8   0   0   1
7.617740940941   0.8   0   0   1
7.62776428428434   0.8   0   0   1
7.63778762762768   0.8   0   0   1
7.64781097097103   0.8   0   0   1
7.65783431431437   0.8   0   0   1
7.66785765765771   0.8   0   0   1
7.67788100100106   0.8   0   0   1
7.6879043443444   0.8   0   0   1
7.69792768768774   0.8   0   0   1
7.70795103103109   0.8   0   0   1
7.71797437437443   0.8   0   0   1
7.72799771771777   0.8   0   0   1
7.73802106106112   0.8   0   0   1
7.74804440440446   0.8   0   0   1
7.7580677477478   0.8   0   0   1
7.76809109109115   0.8   0   0   1
7.77811443443449   0.8   0   0   1
7.78813777777783   0.8   0   0   1
7.79816112112118   0.8   0   0   1
7.80818446446452   0.8   0   0   1
7.81820780780786   0.8   0   0   1
7.82823115115121   0.8   0   0   1
7.83825449449455   0.8   0   0   1
7.84827783783789   0.8   0   0   1
7.85830118118124   0.8   0   0   1
7.86832452452458   0.8   0   0   1
7.87834786786792   0.8   0   0   1
7.88837121121127   0.8   0   0   1
7.89839455455461   0.8   0   0   1
7.90841789789796   0.8   0   0   1
7.9184412412413   0.8   0   0   1
7.92846458458464   0.8   0   0   1
7.93848792792799   0.8   0   0   1
7.94851127127133   0.8   0   0   1
7.95853461461467   0.8   0   0   1
7.96855795795802   0.8   0   0   1
7.97858130130136   0.8   0   0   1
7.9886046446447   0.8   0   0   1
7.99862798798805   0.8   0   0   1
8.00865133133139   0.8   0   0   1
8.01867467467473   0.8   0   0   1
8.02869801801808   0.8   0   0   1
8.03872136136142   0.8   0   0   1
8.04874470470476   0.8   0   0   1
8.05876804804811   0.8   0   0   1
8.06879139139145   0.8   0   0   1
8.07881473473479   0.8   0   0   1
8.08883807807814   0.8   0   0   1
8.09886142142148   0.8   0   0   1
8.10888476476482   0.8   0   0   1
8.11890810810817   0.8   0   0   1
8.12893145145151   0.8   0   0   1
8.13895479479485   0.8   0   0   1
8.1489781381382   0.8   0   0   1
8.15900148148154   0.8   0   0   1
8.16902482482488   0.8   0   0   1
8.17904816816823   0.8   0   0   1
8.18907151151157   0.8   0   0   1
8.19909485485491   0.8   0   0   1
8.20911819819826   0.8   0   0   1
8.2191415415416   0.8   0   0   1
8.22916488488494   0.8   0   0   1
8.23918822822829   0.8   0   0   1
8.24921157157163   0.8   0   0   1
8.25923491491498   0.8   0   0   1
8.26925825825832   0.8   0   0   1
8.27928160160166   0.8   0   0   1
8.28930494494501   0.8   0   0   1
8.29932828828835   0.8   0   0   1
8.30935163163169   0.8   0   0   1
8.31937497497504   0.8   0   0   1
8.32939831831838   0.8   0   0   1
8.33942166166172   0.8   0   0   1
8.34944500500507   0.8   0   0   1
8.35946834834841   0.8   0   0   1
8.36949169169175   0.8   0   0   1
8.3795150350351   0.8   0   0   1
8.38953837837844   0.8   0   0   1
8.39956172172178   0.8   0   0   1
8.40958506506513   0.8   0   0   1
8.41960840840847   0.8   0   0   1
8.42963175175181   0.8   0   0   1
8.43965509509516   0.8   0   0   1
8.4496784384385   0.8   0   0   1
8.45970178178184   0.8   0   0   1
8.46972512512519   0.8   0   0   1
8.47974846846853   0.8   0   0   1
8.48977181181187   0.8   0   0   1
8.49979515515522   0.8   0   0   1
8.50981849849856   0.8   0   0   1
8.5198418418419   0.8   0   0   1
8.52986518518525   0.8   0   0   1
8.53988852852859   0.8   0   0   1
8.54991187187193   0.8   0   0   1
8.55993521521528   0.8   0   0   1
8.56995855855862   0.8   0   0   1
8.57998190190196   0.8   0   0   1
8.59000524524531   0.8   0   0   1
8.60002858858865   0.8   0   0   1
8.610051931932   0.8   0   0   1
8.62007527527534   0.8   0   0   1
8.63009861861868   0.8   0   0   1
8.64012196196203   0.8   0   0   1
8.65014530530537   0.8   0   0   1
8.66016864864871   0.8   0   0   1
8.67019199199206   0.8   0   0   1
8.6802153353354   0.8   0   0   1
8.69023867867874   0.8   0   0   1
8.70026202202209   0.8   0   0   1
8.71028536536543   0.8   0   0   1
8.72030870870877   0.8   0   0   1
8.73033205205212   0.8   0   0   1
8.74035539539546   0.8   0   0   1
8.7503787387388   0.8   0   0   1
8.76040208208215   0.8   0   0   1
8.77042542542549   0.8   0   0   1
8.78044876876883   0.8   0   0   1
8.79047211211218   0.8   0   0   1
8.80049545545552   0.8   0   0   1
8.81051879879886   0.8   0   0   1
8.82054214214221   0.8   0   0   1
8.83056548548555   0.8   0   0   1
8.84058882882889   0.8   0   0   1
8.85061217217224   0.8   0   0   1
8.86063551551558   0.8   0   0   1
8.87065885885892   0.8   0   0   1
8.88068220220227   0.8   0   0   1
8.89070554554561   0.8   0   0   1
8.90072888888895   0.8   0   0   1
8.9107522322323   0.8   0   0   1
8.92077557557564   0.8   0   0   1
8.93079891891898   0.8   0   0   1
8.94082226226233   0.8   0   0   1
8.95084560560567   0.8   0   0   1
8.96086894894901   0.8   0   0   1
8.97089229229236   0.8   0   0   1
8.9809156356357   0.8   0   0   1
8.99093897897905   0.8   0   0   1
9.00096232232239   0.8   0   0   1
9.01098566566573   0.8   0   0   1
9.02100900900908   0.8   0   0   1
9.03103235235242   0.8   0   0   1
9.04105569569576   0.8   0   0   1
9.05107903903911   0.8   0   0   1
9.06110238238245   0.8   0   0   1
9.07112572572579   0.8   0   0   1
9.08114906906914   0.8   0   0   1
9.09117241241248   0.8   0   0   1
9.10119575575582   0.8   0   0   1
9.11121909909917   0.8   0   0   1
9.12124244244251   0.8   0   0   1
9.13126578578585   0.8   0   0   1
9.1412891291292   0.8   0   0   1
9.15131247247254   0.8   0   0   1
9.16133581581588   0.8   0   0   1
9.17135915915923   0.8   0   0   1
9.18138250250257   0.8   0   0   1
9.19140584584591   0.8   0   0   1
9.20142918918926   0.8   0   0   1
9.2114525325326   0.8   0   0   1
9.22147587587594   0.8   0   0   1
9.23149921921929   0.8   0   0   1
9.24152256256263   0.8   0   0   1
9.25154590590597   0.8   0   0   1
9.26156924924932   0.8   0   0   1
9.27159259259266   0.8   0   0   1
9.281615935936   0.8   0   0   1
9.29163927927935   0.8   0   0   1
9.30166262262269   0.8   0   0   1
9.31168596596603   0.8   0   0   1
9.32170930930938   0.8   0   0   1
9.33173265265272   0.8   0   0   1
9.34175599599607   0.8   0   0   1
9.35177933933941   0.8   0   0   1
9.36180268268275   0.8   0   0   1
9.3718260260261   0.8   0   0   1
9.38184936936944   0.8   0   0   1
9.39187271271278   0.8   0   0   1
9.40189605605613   0.8   0   0   1
9.41191939939947   0.8   0   0   1
9.42194274274281   0.8   0   0   1
9.43196608608616   0.8   0   0   1
9.4419894294295   0.8   0   0   1
9.45201277277284   0.8   0   0   1
9.46203611611619   0.8   0   0   1
9.47205945945953   0.8   0   0   1
9.48208280280287   0.8   0   0   1
9.49210614614622   0.8   0   0   1
9.50212948948956   0.8   0   0   1
9.5121528328329   0.8   0   0   1
9.52217617617625   0.8   0   0   1
9.53219951951959   0.8   0   0   1
9.54222286286293   0.8   0   0   1
9.55224620620628   0.8   0   0   1
9.56226954954962   0.8   0   0   1
9.57229289289296   0.8   0   0   1
9.58231623623631   0.8   0   0   1
9.59233957957965   0.8   0   0   1
9.60236292292299   0.8   0   0   1
9.61238626626634   0.8   0   0   1
9.62240960960968   0.8   0   0   1
9.63243295295302   0.8   0   0   1
9.64245629629637   0.8   0   0   1
9.65247963963971   0.8   0   0   1
9.66250298298305   0.8   0   0   1
9.6725263263264   0.8   0   0   1
9.68254966966974   0.8   0   0   1
9.69257301301309   0.8   0   0   1
9.70259635635643   0.8   0   0   1
9.71261969969977   0.8   0   0   1
9.72264304304312   0.8   0   0   1
9.73266638638646   0.8   0   0   1
9.7426897297298   0.8   0   0   1
9.75271307307315   0.8   0   0   1
9.76273641641649   0.8   0   0   1
9.77275975975983   0.8   0   0   1
9.78278310310318   0.8   0   0   1
9.79280644644652   0.8   0   0   1
9.80282978978986   0.8   0   0   1
9.81285313313321   0.8   0   0   1
9.82287647647655   0.8   0   0   1
9.83289981981989   0.8   0   0   1
9.84292316316324   0.8   0   0   1
9.85294650650658   0.8   0   0   1
9.86296984984992   0.8   0   0   1
9.87299319319327   0.8   0   0   1
9.88301653653661   0.8   0   0   1
9.89303987987995   0.8   0   0   1
9.9030632232233   0.8   0   0   1
9.91308656656664   0.8   0   0   1
9.92310990990998   0.8   0   0   1
9.93313325325333   0.8   0   0   1
9.94315659659667   0.8   0   0   1
9.95317993994001   0.8   0   0   1
9.96320328328336   0.8   0   0   1
9.9732266266267   0.8   0   0   1
9.98324996997004   0.8   0   0   1
9.99327331331339   0.8   0   0   1
10.0032966566567   0.8   0   0   1
10.0133200000001   0.8   0   0   1
