variables = x,rho,u,v,p
0   3.8571   2.6293   0   10.3333
0.0100233433433433   3.8571   2.6293   0   10.3333
0.0200466866866867   3.8571   2.6293   0   10.3333
0.03007003003003   3.8571   2.6293   0   10.3333
0.0400933733733734   3.8571   2.6293   0   10.3333
0.0501167167167167   3.8571   2.6293   0   10.3333
0.0601400600600601   3.8571   2.6293   0   10.3333
0.0701634034034034   3.8571   2.6293   0   10.3333
0.0801867467467468   3.8571   2.6293   0   10.3333
0.0902100900900901   3.8571   2.6293   0   10.3333
0.100233433433433   3.8571   2.6293   0   10.3333
0.110256776776777   3.8571   2.6293   0   10.3333
0.12028012012012   3.8571   2.6293   0   10.3333
0.130303463463463   3.8571   2.6293   0   10.3333
0.140326806806807   3.8571   2.6293   0   10.3333
0.15035015015015   3.8571   2.6293   0   10.3333
0.160373493493494   3.8571   2.6293   0   10.3333
0.170396836836837   3.8571   2.6293   0   10.3333
0.18042018018018   3.8571   2.6293   0   10.3333
0.190443523523524   3.8571   2.6293   0   10.3333
0.200466866866867   3.8571   2.6293   0   10.3333
0.21049021021021   3.8571   2.6293   0   10.3333
0.220513553553554   3.8571   2.6293   0   10.3333
0.230536896896897   3.8571   2.6293   0   10.3333
0.24056024024024   3.8571   2.6293   0   10.3333
0.250583583583584   3.8571   2.6293   0   10.3333
0.260606926926927   3.8571   2.6293   0   10.3333
0.27063027027027   3.8571   2.6293   0   10.3333
0.280653613613614   3.8571   2.6293   0   10.3333
0.290676956956957   3.8571   2.6293   0   10.3333
0.3007003003003   3.8571   2.6293   0   10.3333
0.310723643643644   3.8571   2.6293   0   10.3333
0.320746986986987   3.8571   2.6293   0   10.3333
0.330770330330331   3.8571   2.6293   0   10.3333
0.340793673673674   3.8571   2.6293   0   10.3333
0.350817017017017   3.8571   2.6293   0   10.3333
0.360840360360361   3.8571   2.6293   0   10.3333
0.370863703703704   3.8571   2.6293   0   10.3333
0.380887047047047   3.8571   2.6293   0   10.3333
0.390910390390391   3.8571   2.6293   0   10.3333
0.400933733733734   3.8571   2.6293   0   10.3333
0.410957077077078   3.8571   2.6293   0   10.3333
0.420980420420421   3.8571   2.6293   0   10.3333
0.431003763763764   3.8571   2.6293   0   10.3333
0.441027107107108   3.8571   2.6293   0   10.3333
0.451050450450451   3.8571   2.6293   0   10.3333
0.461073793793794   3.8571   2.6293   0   10.3333
0.471097137137138   3.8571   2.6293   0   10.3333
0.481120480480481   3.8571   2.6293   0   10.3333
0.491143823823825   3.8571   2.6293   0   10.3333
0.501167167167168   3.8571   2.6293   0   10.3333
0.511190510510511   3.8571   2.6293   0   10.3333
0.521213853853855   3.8571   2.6293   0   10.3333
0.531237197197198   3.8571   2.6293   0   10.3333
0.541260540540541   3.8571   2.6293   -8.1708123841356e-17   10.3333
0.551283883883884   3.85709999999998   2.62930000000001   -5.99690683293403e-17   10.3332999999999
0.561307227227228   3.85709999999994   2.62930000000004   2.87140071600686e-16   10.3332999999997
0.571330570570571   3.85709999999985   2.62930000000009   4.18175285908566e-16   10.3332999999994
0.581353913913914   3.8570999999997   2.62930000000017   4.66732844330087e-16   10.3332999999987
0.591377257257258   3.85709999999941   2.62930000000034   9.31403816589281e-17   10.3332999999974
0.601400600600601   3.8570999999989   2.62930000000064   1.45059062583007e-18   10.3332999999952
0.611423943943944   3.85709999999797   2.62930000000118   -2.2580857012843e-16   10.3332999999911
0.621447287287288   3.85709999999628   2.62930000000215   -5.38442544753517e-16   10.3332999999838
0.631470630630631   3.85709999999326   2.6293000000039   -7.51182641485131e-16   10.3332999999706
0.641493973973974   3.85709999998788   2.629300000007   -5.51926839010992e-16   10.3332999999473
0.651517317317318   3.85709999997836   2.62930000001247   -7.86081744224367e-16   10.3332999999061
0.661540660660661   3.85709999996168   2.62930000002204   -8.96630407071572e-16   10.333299999834
0.671564004004004   3.85709999993265   2.62930000003866   -1.12417217488292e-15   10.3332999997088
0.681587347347348   3.85709999988253   2.62930000006731   -1.10981146680367e-15   10.333299999493
0.691610690690691   3.85709999979665   2.6293000001163   -1.33470454934794e-15   10.3332999991242
0.701634034034034   3.85709999965064   2.62930000019944   -1.5458829547433e-15   10.3332999984983
0.711657377377378   3.85709999940431   2.62930000033942   -1.53872237244007e-15   10.3332999974447
0.721680720720721   3.85709999899196   2.62930000057331   -1.29763681911873e-15   10.3332999956844
0.731704064064064   3.85709999830702   2.62930000096104   -1.38274490926771e-15   10.3332999927667
0.741727407407408   3.85709999717813   2.62930000159886   -1.23574959132866e-15   10.3332999879676
0.751750750750751   3.85709999533198   2.6293000026399   -1.36396315209156e-15   10.3332999801356
0.761774094094094   3.85709999233634   2.62930000432586   -1.80749432779009e-15   10.3332999674532
0.771797437437437   3.85709998751335   2.62930000703501   -1.99056641678397e-15   10.3332999470768
0.781820780780781   3.85709997980888   2.62930001135434   -2.13025119428857e-15   10.3332999145937
0.791844124124124   3.85709996759749   2.62930001818709   -2.2589336646997e-15   10.3332998632152
0.801867467467467   3.85709994839408   2.62930002891129   -2.43385958994929e-15   10.3332997825853
0.811890810810811   3.85709991843154   2.62930004561145   -2.55555776474601e-15   10.333299657041
0.821914154154154   3.85709987204829   2.62930007141378   -2.45186966390438e-15   10.3332994630951
0.831937497497497   3.85709980080857   2.62930011096636   -2.38598942840543e-15   10.3332991658311
0.841960840840841   3.85709969225169   2.6293001711204   -2.33759066572258e-15   10.3332987137903
0.851984184184184   3.8570995281313   2.62930026188669   -2.11866935142284e-15   10.3332980317922
0.862007527527527   3.85709928196214   2.62930039776496   -1.46812170162567e-15   10.33329701096
0.872030870870871   3.85709891563709   2.62930059957238   -1.22624690843804e-15   10.3332954950015
0.882054214214214   3.8570983748113   2.62930089693196   -1.13108350195816e-15   10.333293261542
0.892077557557557   3.85709758267128   2.62930133162271   -1.00337116437683e-15   10.3332899969976
0.902100900900901   3.85709643161571   2.62930196204064   -9.5851912427252e-16   10.3332852631221
0.912124244244244   3.8570947722718   2.6293028690723   -6.53617705731431e-16   10.333278452969
0.922147587587587   3.85709239915927   2.62930416373952   -9.24493422751684e-17   10.3332687335844
0.932170930930931   3.85708903219789   2.62930599703204   5.339030439103e-16   10.3332549723127
0.942194274274274   3.85708429314116   2.62930857240093   1.09126459297758e-15   10.3332356431787
0.952217617617617   3.85707767591756   2.6293121614335   1.82360004663412e-15   10.3332087094546
0.96224096096096   3.85706850978617   2.6293171232642   1.984650332034e-15   10.3331714782719
0.972264304304304   3.85705591418021   2.62932392828595   2.46106940237133e-15   10.333120423067
0.982287647647647   3.85703874414098   2.6293331867034   2.70213569182196e-15   10.3330509698323
0.99231099099099   3.85701552535653   2.62934568240223   2.89401441394966e-15   10.3329572436534
1.00233433433433   3.85698437803709   2.62936241248591   2.90798656523618e-15   10.3328317729503
1.01235767767768   3.85694292920428   2.62938463264254   2.91047931798113e-15   10.3326651502654
1.02238102102102   3.85688821346145   2.6294139082419   2.65853007724203e-15   10.3324456504342
1.03240436436436   3.85681656295892   2.62945217072143   2.31298790327275e-15   10.3321588095534
1.04242770770771   3.85672348807148   2.62950177840212   2.053305356787e-15   10.3317869713335
1.05245105105105   3.85660355125252   2.62956558038859   2.09530591899927e-15   10.3313088111059
1.06247439439439   3.85645023758877   2.62964698167142   2.43818662199997e-15   10.3306988518339
1.07249773773774   3.85625582670153   2.62975000699073   3.09839041746113e-15   10.3299269907263
1.08252108108108   3.85601127175397   2.62987936047617   3.74014775857419e-15   10.3289580592035
1.09254442442442   3.85570609233988   2.63004047759696   4.15143887639044e-15   10.3277514426532
1.10256776776777   3.85532828884513   2.63023956558737   4.72112132951375e-15   10.3262607892489
1.11259111111111   3.85486428637894   2.63048362831353   5.34089770573406e-15   10.3244338386615
1.12261445445445   3.85429891646327   2.6307804715661   5.73761541556837e-15   10.322212401396
1.1326377977978   3.85361544425632   2.63113868503939   5.96886180157394e-15   10.3195325173938
1.14266114114114   3.85279564811197   2.63156759781555   6.34710561620263e-15   10.3163248182886
1.15268448448449   3.85181995672372   2.63207720501096   6.83591720326477e-15   10.3125151112395
1.16270782782783   3.85066764700428   2.63267806433656   6.90883462643787e-15   10.3080251937878
1.17273117117117   3.84931710329961   2.63338116262047   6.69575883053211e-15   10.3027738990691
1.18275451451452   3.84774613567192   2.63419775376202   6.50545405148742e-15   10.2966783595537
1.19277785785786   3.84593235199625   2.63513917103442   6.44710404031725e-15   10.2896554660331
1.2028012012012   3.84385357571302   2.63621661802107   6.02798052095199e-15   10.2816234876512
1.21282454454455   3.84148829848589   2.6374409436529   5.82423231431489e-15   10.27250380925
1.22284788788789   3.8388161549329   2.63882240771719   5.42158315605776e-15   10.2622227349083
1.23287123123123   3.83581840519486   2.64037044376262   5.43629907047881e-15   10.2507133019137
1.24289457457458   3.83247841048413   2.64209342649206   5.43957942062226e-15   10.237917047863
1.25291791791792   3.82878208695778   2.64399845050897   5.47251675162221e-15   10.2237856752284
1.26294126126126   3.82471832424663   2.64609112669839   5.67526669228704e-15   10.208282562363
1.27296460460461   3.82027935664255   2.64837540163834   6.13428985589989e-15   10.1913840770917
1.28298794794795   3.8154610771465   2.65085340433884   6.1969594993988e-15   10.173080658104
1.29301129129129   3.81026328711431   2.65352532338886   6.40253985669792e-15   10.153377639555
1.30303463463464   3.80468987690059   2.65638931635772   6.54247036309746e-15   10.1322958047913
1.31305797797798   3.79874893549132   2.65944145213861   6.7055203642105e-15   10.109871665165
1.32308132132132   3.79245278945583   2.66267568591627   7.15153644997517e-15   10.0861574688323
1.33310466466467   3.78581797349858   2.66608386564535   7.19235055727653e-15   10.0612209517433
1.34312800800801   3.77886513635869   2.66965576837587   6.858967610497e-15   10.0351448483906
1.35315135135135   3.7716188867448   2.67337916446679   6.98875514537301e-15   10.0080261831807
1.3631746946947   3.76410758440986   2.67723990767823   7.18050001459924e-15   9.97997536456096
1.37319803803804   3.75636308141064   2.68122204929546   6.86977388636894e-15   9.95111510350357
1.38322138138138   3.74842041814328   2.68530797476835   6.78839376245789e-15   9.92157917594385
1.39324472472473   3.74031747800973   2.68947856178887   6.86207189248236e-15   9.89151104573967
1.40326806806807   3.73209460368084   2.69371335920991   6.805386668083e-15   9.86106236115747
1.41329141141141   3.72379417702338   2.69799078665753   7.00987474111426e-15   9.83039133433627
1.42331475475476   3.71546016399811   2.70228835503037   7.08685359355917e-15   9.79966101017578
1.4333380980981   3.70713762536028   2.70658290823911   7.78564537542037e-15   9.76903742916413
1.44336144144144   3.69887219393747   2.71085088644504   7.98118733530069e-15   9.73868768828017
1.45338478478479   3.69070951973947   2.71506861064969   8.06152270062541e-15   9.70877790567331
1.46340812812813   3.6826946852543   2.71921258772348   8.32315785820059e-15   9.67947109861822
1.47343147147147   3.67487159504489   2.72325983382009   8.86889175375554e-15   9.6509249903768
1.48345481481482   3.66728234616167   2.72718821262069   9.09145608002451e-15   9.62328976997216
1.49347815815816   3.6599665888341   2.73097678304511   9.09875166069406e-15   9.59670583912461
1.50350150150151   3.65296089021817   2.7346061490627   9.18566169292073e-15   9.57130159204786
1.51352484484485   3.64629811738705   2.73805880219522   8.91921792553453e-15   9.54719128547387
1.52354818818819   3.64000685890283   2.74131944543557   8.66715363250471e-15   9.52447306689849
1.53357153153154   3.63411090678186   2.74437528585507   8.93182836585588e-15   9.50322723714188
1.54359487487488   3.62862882202269   2.74721628239379   9.3076879333485e-15   9.48351482735832
1.55361821821822   3.62357360669439   2.74983533545942   9.26539352237887e-15   9.46537656919483
1.56364156156157   3.61895250356879   2.75222840617539   9.23528882472262e-15   9.44883232883418
1.57366490490491   3.61476694027216   2.75439455549444   9.25626594641155e-15   9.43388106070017
1.58368824824825   3.61101262899539   2.7563358968765   9.38486188154725e-15   9.42050131496772
1.5937115915916   3.60767982525143   2.75805746061846   9.3708423415961e-15   9.40865230589452
1.60373493493494   3.60475374055694   2.75956697288205   9.30091784251965e-15   9.3982755174048
1.61375827827828   3.60221509498971   2.76087455754867   8.95245145526068e-15   9.38929679099321
1.62378162162163   3.60004078718228   2.76199237374243   8.80872764419314e-15   9.38162881189954
1.63380496496497   3.59820465230027   2.76293420572403   8.85008927488274e-15   9.37517388559318
1.64382830830831   3.59667827363369   2.76371502447481   9.01183449734471e-15   9.36982688036563
1.65385165165166   3.59543181108828   2.76435054141039   9.25766511183294e-15   9.36547820488468
1.663874994995   3.59443481028732   2.76485677421251   9.50587178212708e-15   9.36201669246076
1.67389833833834   3.5936569590548   2.76524964285304   9.94178982552623e-15   9.35933227593774
1.68392168168169   3.59306876333314   2.76554461077111   1.02818581208095e-14   9.35731835696333
1.69394502502503   3.59264212146531   2.76575638222891   1.07679531224078e-14   9.35587379860845
1.70396836836837   3.59235078349854   2.7658986625429   1.0791932722767e-14   9.35490449820272
1.71399171171172   3.59217068999192   2.76598398358521   1.04369067829368e-14   9.35432452514986
1.72401505505506   3.59208019205952   2.76602359303858   1.05442520284225e-14   9.35405683402483
1.7340383983984   3.5920601605335   2.7660274026366   1.09673009866557e-14   9.35403358463585
1.74406174174175   3.59209399685102   2.76600398819153   1.14967771825974e-14   9.3541961168447
1.75408508508509   3.59216756141227   2.76596063265977   1.16159770609208e-14   9.35449463834914
1.76410842842843   3.59226903675198   2.76590340278189   1.17907447411283e-14   9.35488768852359
1.77413177177178   3.59238874307827   2.76583724985485   1.19497222758257e-14   9.3553414414371
1.78415511511512   3.59251892281346   2.76576612579916   1.17280341656844e-14   9.35582890726776
1.79417845845846   3.59265350901964   2.76569310670578   1.16950014970774e-14   9.35632908460237
1.80420180180181   3.59278789030966   2.765620517323   1.13884164760048e-14   9.35682610763391
1.81422514514515   3.59291868231056   2.76555005132451   1.14128993453994e-14   9.35730842303158
1.82424848848849   3.59304351319224   2.76548288356767   1.10704158363387e-14   9.35776802207186
1.83427183183184   3.59316082837824   2.76541977181516   1.05872847235298e-14   9.35819974509261
1.84429517517518   3.59326971743934   2.7653611464963   1.03288377986195e-14   9.35860066787564
1.85431851851853   3.59336976440211   2.76530718799406   1.01811454700993e-14   9.35896957339567
1.86434186186187   3.59346092131057   2.76525789165201   9.86512134436441e-15   9.35930650756626
1.87436520520521   3.59354340384976   2.76521312120963   9.46852246573397e-15   9.35961241411474
1.88438854854856   3.5936176071424   2.76517265171529   9.62455184228622e-15   9.35988884140102
1.8944118918919   3.59368403941711   2.76513620315865   9.84892363640698e-15   9.36013771268125
1.90443523523524   3.59374327106357   2.76510346613935   1.00984608383171e-14   9.36036115080959
1.91445857857859   3.59379589658131   2.76507412087352   1.02279404751153e-14   9.36056134847488
1.92448192192193   3.59384250704235   2.76504785076223   9.86304441130476e-15   9.36074047560173
1.93450526526527   3.59388367087707   2.76502435162791   9.06462102463397e-15   9.36090061635243
1.94452860860862   3.59391992101793   2.7650033375856   8.76229257837105e-15   9.3610437291184
1.95455195195196   3.59395174666462   2.76498454436982   8.97297007231283e-15   9.36117162388973
1.9645752952953   3.59397958814175   2.76496773079534   9.26630860656519e-15   9.36128595236656
1.97459863863865   3.59400383348516   2.764952678898   9.37862953940277e-15   9.36138820707929
1.98462198198199   3.59402481550145   2.76493919318439   9.29796975920035e-15   9.3614797265873
1.99464532532533   3.59404280808314   2.76492709931839   9.05181064178991e-15   9.36156170451596
2.00466866866868   3.59405802052224   2.76491624248832   8.63552025833335e-15   9.3616352007659
2.01469201201202   3.59407058843824   2.76490648563064   8.05958463199803e-15   9.36170115369561
2.02471535535536   3.59408055971978   2.76489770763171   7.52580796284523e-15   9.36176039244528
2.03473869869871   3.59408787356985   2.76488980158837   7.34583344437264e-15   9.36181364885354
2.04476204204205   3.59409233034543   2.76488267317665   6.49084460201291e-15   9.36186156863
2.05478538538539   3.59409354940289   2.76487623915555   6.03823361848155e-15   9.36190472160001
2.06480872872874   3.59409091161865   2.7648704260172   4.87075904991724e-15   9.36194361094621
2.07483207207208   3.59408348267871   2.76486516878381   3.89052543349167e-15   9.36197868144363
2.08485541541542   3.59406991266557   2.76486040994531   2.97139330523927e-15   9.36201032673135
2.09487875875877   3.59404830697559   2.7648560985274   2.23193021668617e-15   9.36203889569065
2.10490210210211   3.59401606325244   2.76485218927797   1.86238304646834e-15   9.36206469801288
2.11492544544545   3.59396966891788   2.76484864195905   1.22370763418998e-15   9.36208800904464
2.1249487887888   3.59390445413099   2.76484542073183   7.27657548229453e-16   9.36210907399598
2.13497213213214   3.59381429573194   2.76484249362288   -4.26709626031789e-17   9.36212811159242
2.14499547547548   3.59369126904953   2.76483983206095   -4.68978166418054e-16   9.36214531724413
2.15501881881883   3.5935252464872   2.76483741047473   -4.24170548605222e-16   9.36216086579817
2.16504216216217   3.59330344463854   2.76483520594297   -4.43089700294805e-16   9.36217491393145
2.17506550550551   3.59300992536931   2.76483319788997   -7.4218289363232e-16   9.36218760223451
2.18508884884886   3.5926250608252   2.76483136781974   -9.34990777935438e-16   9.36219905702994
2.1951121921922   3.59212497759299   2.7648296990837   -7.908331434004e-16   9.36220939196206
2.20513553553555   3.59148100107289   2.76482817667709   -5.23516756476096e-17   9.36221870939021
2.21515887887889   3.59065912722399   2.76482678706027   2.4774971448118e-16   9.36222710161253
2.22518222222223   3.58961955482898   2.76482551800141   5.67001026477766e-16   9.36223465194329
2.23520556556558   3.58831631679972   2.7648243584379   9.24920762948603e-16   9.36224143566372
2.24522890890892   3.58669705324479   2.76482329835379   1.22176944182757e-15   9.36224752086282
2.25525225225226   3.58470297143676   2.76482232867138   1.42235988838316e-15   9.36225296918254
2.26527559559561   3.58226903784862   2.76482144115515   1.82275239576422e-15   9.36225783647969
2.27529893893895   3.57932444453361   2.76482062832632   2.37119200247224e-15   9.36226217341451
2.28532228228229   3.57579338588624   2.764819883387   2.82023908173235e-15   9.36226602597531
2.29534562562564   3.57159617201638   2.76481920015257   2.9082392106272e-15   9.36226943594636
2.30536896896898   3.56665069161342   2.76481857299148   3.00695357468257e-15   9.3622724413258
2.31539231231232   3.56087422058304   2.76481799677141   2.98546963344168e-15   9.36227507669892
2.32541565565567   3.55418555353001   2.7648174668113   3.09568248593004e-15   9.36227737357186
2.33543899899901   3.54650741427224   2.76481697883839   2.96370835694917e-15   9.3622793606697
2.34546234234235   3.53776908021816   2.76481652894976   2.49914708322592e-15   9.36228106420275
2.3554856856857   3.52790913504758   2.76481611357788   2.01696944860181e-15   9.36228250810406
2.36550902902904   3.51687824625102   2.7648157294597   1.25072790838544e-15   9.36228371424123
2.37553237237238   3.50464185024972   2.76481537360884   7.13913789955827e-16   9.3622847026047
2.38555571571573   3.49118261945271   2.76481504329061   8.54314671324619e-17   9.36228549147526
2.39557905905907   3.47650258385805   2.76481473599936   -1.09990205843791e-16   9.36228609757265
2.40560240240241   3.46062478543231   2.76481444943813   -4.65366497183903e-16   9.36228653618723
2.41562574574576   3.44359435677802   2.76481418150007   -4.65615521102632e-16   9.36228682129656
2.4256490890891   3.42547893624448   2.76481393025164   -2.63125677486705e-16   9.36228696566881
2.43567243243244   3.40636835880509   2.76481369391721   2.69691303566325e-17   9.36228698095423
2.44569577577579   3.38637359433215   2.76481347086502   2.29147512585443e-16   9.36228687776654
2.45571911911913   3.36562494050847   2.76481325959425   2.54930772745611e-16   9.3622866657555
2.46574246246247   3.34426951436277   2.76481305872314   3.25784398141053e-16   9.3622863536718
2.47576580580582   3.32246812196926   2.76481286697804   4.02398691851454e-16   9.36228594942571
2.48578914914916   3.30039161789903   2.76481268318329   5.94399048431499e-16   9.36228546014028
2.4958124924925   3.27821689243264   2.76481250625175   1.03832408425801e-15   9.36228489220008
2.50583583583585   3.2561226435958   2.76481233517617   1.21216231939189e-15   9.36228425129639
2.51585917917919   3.23428510152421   2.764812169021   1.00541515119859e-15   9.36228354246913
2.52588252252253   3.21287387387035   2.76481200691491   1.11658799857446e-15   9.36228277014646
2.53590586586588   3.19204807295316   2.76481184804376   1.25935702033403e-15   9.36228193818202
2.54592920920922   3.17195286878304   2.764811691644   1.37888006935682e-15   9.36228104989045
2.55595255255257   3.15271658820281   2.76481153699661   1.25727594826526e-15   9.36228010808096
2.56597589589591   3.13444845087203   2.76481138342136   8.68752986442319e-16   9.3622791150893
2.57599923923925   3.11723699970398   2.76481123027146   3.75707613866821e-16   9.36227807280802
2.5860225825826   3.10114924881423   2.76481107692855   -8.62852179977879e-16   9.36227698271475
2.59604592592594   3.08623053821017   2.76481092279793   -1.97649303560384e-15   9.36227584589876
2.60606926926928   3.07250505331968   2.76481076730412   -3.23759253590734e-15   9.36227466308516
2.61609261261263   3.05997694069034   2.76481060988657   -4.58781257640497e-15   9.36227343465698
2.62611595595597   3.04863193004234   2.76481044999566   -5.87917794893615e-15   9.3622721606746
2.63613929929931   3.03843935811147   2.76481028708874   -7.13854067918768e-15   9.36227084089263
2.64616264264266   3.02935448166931   2.76481012062636   -8.70923141558612e-15   9.36226947477392
2.656185985986   3.02132096558539   2.76480995006861   -9.99352375338266e-15   9.36226806150051
2.66620932932934   3.01427343622533   2.76480977487141   -1.08128898895558e-14   9.36226659998139
2.67623267267269   3.00813999996028   2.76480959448288   -1.16667413030108e-14   9.36226508885694
2.68625601601603   3.00284463997381   2.76480940833955   -1.23330227408804e-14   9.36226352649952
2.69627935935937   2.99830942065392   2.76480921586241   -1.30306228243906e-14   9.36226191100973
2.70630270270272   2.99445644639369   2.76480901645255   -1.36538812105147e-14   9.36226024020719
2.71632604604606   2.99120953941438   2.76480880948609   -1.39352018056575e-14   9.36225851161377
2.7263493893894   2.98849561823544   2.76480859430777   -1.38790521430434e-14   9.36225672242509
2.73637273273275   2.98624577380964   2.76480837022214   -1.33979979805139e-14   9.36225486946273
2.74639607607609   2.98439605350862   2.76480813648023   -1.29122567208715e-14   9.36225294909209
2.75641941941943   2.98288797370659   2.76480789225777   -1.27424387466414e-14   9.36225095707776
2.76644276276278   2.98166878951113   2.76480763661737   -1.23959158230966e-14   9.36224888832229
2.77646610610612   2.98069155526812   2.76480736844062   -1.20648194119331e-14   9.36224673638519
2.78648944944946   2.97991501201803   2.76480708630256   -1.14722174947396e-14   9.36224449258556
2.79651279279281   2.97930333841127   2.76480678823703   -1.13130473015328e-14   9.36224214431305
2.80653613613615   2.97882580007759   2.76480647129366   -1.10590671489732e-14   9.36223967183123
2.81655947947949   2.97845632948291   2.76480613069811   -1.05325908676588e-14   9.36223704220805
2.82658282282284   2.97817306426494   2.76480575825556   -1.0156803853577e-14   9.36223419776817
2.83660616616618   2.97795786719897   2.764805339311   -9.75865347392144e-15   9.3622310340983
2.84662950950952   2.97779584544219   2.764804846957   -9.09613963489737e-15   9.36222735812613
2.85665285285287   2.97767488041431   2.76480423099097   -8.84549847001529e-15   9.36222280819084
2.86667619619621   2.9775851720307   2.76480339685709   -8.81757826989375e-15   9.36221670161266
2.87669953953955   2.97751879067234   2.76480216548399   -8.84427849094154e-15   9.36220774396586
2.8867228828829   2.97746921449754   2.76480019668041   -8.58677116450971e-15   9.36219347455067
2.89674622622624   2.97743080307936   2.76479684301715   -8.34305168466974e-15   9.36216920866799
2.90676956956958   2.97739811052341   2.76479087111125   -8.40663231788432e-15   9.36212602007098
2.91679291291293   2.97736485238695   2.76477992998068   -8.3975661589366e-15   9.36204689266111
2.92681625625627   2.97732217314802   2.76475953694245   -8.64661039857913e-15   9.36189938042587
2.93683959959962   2.97725554279837   2.76472114324996   -8.94732657670903e-15   9.36162160833858
2.94686294294296   2.97713900557939   2.76464844442435   -9.47527938674615e-15   9.36109557654371
2.9568862862863   2.97692435101779   2.76451034265848   -9.58987099403579e-15   9.36009626508845
2.96690962962965   2.97652058477564   2.76424752417488   -1.00400940816941e-14   9.35819464890345
2.97693297297299   2.97575491695689   2.76374686110997   -1.04365293908398e-14   9.35457305289269
2.98695631631633   2.97429863243288   2.76279260305735   -1.07497692100645e-14   9.34767422539348
2.99697965965968   2.97152652532407   2.76097334693925   -1.05682760380428e-14   9.33453659965613
3.00700300300302   2.96625164986506   2.75750484400496   -1.03837370104296e-14   9.30954315565468
3.01702634634636   2.95622965267686   2.75089296617955   -1.04259669959576e-14   9.2620956857387
3.02704968968971   2.93725024094975   2.73829439467832   -1.02225018356177e-14   9.17239643900336
3.03707303303305   2.90153576446905   2.71431075111879   -9.97080939037837e-15   9.00417267474881
3.04709637637639   2.8351464923236   2.66874206759375   -9.39009543140044e-15   8.6934567797001
3.05711971971974   2.71457937030965   2.58252466965537   -8.86137789451865e-15   8.1358957953155
3.06714306306308   2.50510699801094   2.42097599187411   -8.09526746031658e-15   7.18833858923734
3.07716640640642   2.17036116675821   2.12561393090657   -6.63906885984012e-15   5.73311361402618
3.08718974974977   1.71246509771839   1.62072706256653   -4.47469574247473e-15   3.87704886852656
3.09721309309311   1.23906349369212   0.906874695419408   -1.98593699414399e-15   2.17875502854017
3.10723643643645   0.930659841512584   0.283975961210714   -4.00337031156538e-16   1.27911644545649
3.1172597797798   0.823381831800212   0.048635787568405   -2.01975485657447e-17   1.04259628104529
3.12728312312314   0.80318866455143   0.00655559651290621   -4.45478700847366e-21   1.00560702593621
3.13730646646648   0.800411669533865   0.000846016281623245   -3.0163192213582e-25   1.00072085102412
3.14732980980983   0.800052804728387   0.000108517203887749   -1.49321151044031e-30   1.00009241530153
3.15735315315317   0.800006767814788   1.39082979340185e-05   -4.96319720644218e-37   1.00001184379123
3.16737649649651   0.800000867320649   1.78240000844158e-06   -9.13076360072812e-45   1.00000151781303
3.17739983983986   0.800000111148921   2.28418215318169e-07   -1.11127643841279e-53   1.00000019451064
3.1874231831832   0.80000001424394   2.92722155877701e-08   -2.10553332948671e-63   1.00000002492689
3.19744652652654   0.800000001825387   3.75128717689601e-09   -2.88866433496523e-74   1.00000000319442
3.20746986986989   0.800000000233926   4.80733625484719e-10   -2.66384099730309e-86   1.00000000040937
3.21749321321323   0.800000000029978   6.1606377664177e-11   -1.5672755547232e-99   1.00000000005246
3.22751655655657   0.800000000003842   7.89456714086694e-12   -2.28912221249431e-113   1.00000000000672
3.23753989989992   0.800000000000492   1.01147118486735e-12   -3.41133246034325e-128   1.00000000000086
3.24756324324326   0.800000000000063   1.29423668507706e-13   -4.72525265656555e-144   1.00000000000011
3.2575865865866   0.800000000000008   1.63696357741089e-14   -5.5219868819037e-161   1.00000000000001
3.26760992992995   0.800000000000001   1.91282076429131e-15   -4.99098377873926e-179   1
3.27763327327329   0.8   1.73892792251323e-16   -2.36608895814373e-198   1
3.28765661661664   0.8   0   -4.70133278050979e-219   1
3.29767995995998   0.8   0   0   1
3.30770330330332   0.8   0   0   1
3.31772664664667   0.8   0   0   1
3.32774998999001   0.8   0   0   1
3.33777333333335   0.8   0   0   1
3.3477966766767   0.8   0   0   1
3.35782002002004   0.8   0   0   1
3.36784336336338   0.8   0   0   1
3.37786670670673   0.8   0   0   1
3.38789005005007   0.8   0   0   1
3.39791339339341   0.8   0   0   1
3.40793673673676   0.8   0   0   1
3.4179600800801   0.8   0   0   1
3.42798342342344   0.8   0   0   1
3.43800676676679   0.8   0   0   1
3.44803011011013   0.8   0   0   1
3.45805345345347   0.8   0   0   1
3.46807679679682   0.8   0   0   1
3.47810014014016   0.8   0   0   1
3.4881234834835   0.8   0   0   1
3.49814682682685   0.8   0   0   1
3.50817017017019   0.8   0   0   1
3.51819351351353   0.8   0   0   1
3.52821685685688   0.8   0   0   1
3.53824020020022   0.8   0   0   1
3.54826354354356   0.8   0   0   1
3.55828688688691   0.8   0   0   1
3.56831023023025   0.8   0   0   1
3.57833357357359   0.8   0   0   1
3.58835691691694   0.8   0   0   1
3.59838026026028   0.8   0   0   1
3.60840360360362   0.8   0   0   1
3.61842694694697   0.8   0   0   1
3.62845029029031   0.8   0   0   1
3.63847363363366   0.8   0   0   1
3.648496976977   0.8   0   0   1
3.65852032032034   0.8   0   0   1
3.66854366366369   0.8   0   0   1
3.67856700700703   0.8   0   0   1
3.68859035035037   0.8   0   0   1
3.69861369369372   0.8   0   0   1
3.70863703703706   0.8   0   0   1
3.7186603803804   0.8   0   0   1
3.72868372372375   0.8   0   0   1
3.73870706706709   0.8   0   0   1
3.74873041041043   0.8   0   0   1
3.75875375375378   0.8   0   0   1
3.76877709709712   0.8   0   0   1
3.77880044044046   0.8   0   0   1
3.78882378378381   0.8   0   0   1
3.79884712712715   0.8   0   0   1
3.80887047047049   0.8   0   0   1
3.81889381381384   0.8   0   0   1
3.82891715715718   0.8   0   0   1
3.83894050050052   0.8   0   0   1
3.84896384384387   0.8   0   0   1
3.85898718718721   0.8   0   0   1
3.86901053053055   0.8   0   0   1
3.8790338738739   0.8   0   0   1
3.88905721721724   0.8   0   0   1
3.89908056056058   0.8   0   0   1
3.90910390390393   0.8   0   0   1
3.91912724724727   0.8   0   0   1
3.92915059059061   0.8   0   0   1
3.93917393393396   0.8   0   0   1
3.9491972772773   0.8   0   0   1
3.95922062062064   0.8   0   0   1
3.96924396396399   0.8   0   0   1
3.97926730730733   0.8   0   0   1
3.98929065065068   0.8   0   0   1
3.99931399399402   0.8   0   0   1
4.00933733733736   0.8   0   0   1
4.01936068068071   0.8   0   0   1
4.02938402402405   0.8   0   0   1
4.03940736736739   0.8   0   0   1
4.04943071071074   0.8   0   0   1
4.05945405405408   0.8   0   0   1
4.06947739739742   0.8   0   0   1
4.07950074074077   0.8   0   0   1
4.08952408408411   0.8   0   0   1
4.09954742742745   0.8   0   0   1
4.1095707707708   0.8   0   0   1
4.11959411411414   0.8   0   0   1
4.12961745745748   0.8   0   0   1
4.13964080080083   0.8   0   0   1
4.14966414414417   0.8   0   0   1
4.15968748748751   0.8   0   0   1
4.16971083083086   0.8   0   0   1
4.1797341741742   0.8   0   0   1
4.18975751751754   0.8   0   0   1
4.19978086086089   0.8   0   0   1
4.20980420420423   0.8   0   0   1
4.21982754754757   0.8   0   0   1
4.22985089089092   0.8   0   0   1
4.23987423423426   0.8   0   0   1
4.2498975775776   0.8   0   0   1
4.25992092092095   0.8   0   0   1
4.26994426426429   0.8   0   0   1
4.27996760760763   0.8   0   0   1
4.28999095095098   0.8   0   0   1
4.30001429429432   0.8   0   0   1
4.31003763763766   0.8   0   0   1
4.32006098098101   0.8   0   0   1
4.33008432432435   0.8   0   0   1
4.3401076676677   0.8   0   0   1
4.35013101101104   0.8   0   0   1
4.36015435435438   0.8   0   0   1
4.37017769769773   0.8   0   0   1
4.38020104104107   0.8   0   0   1
4.39022438438441   0.8   0   0   1
4.40024772772776   0.8   0   0   1
4.4102710710711   0.8   0   0   1
4.42029441441444   0.8   0   0   1
4.43031775775779   0.8   0   0   1
4.44034110110113   0.8   0   0   1
4.45036444444447   0.8   0   0   1
4.46038778778782   0.8   0   0   1
4.47041113113116   0.8   0   0   1
4.4804344744745   0.8   0   0   1
4.49045781781785   0.8   0   0   1
4.50048116116119   0.8   0   0   1
4.51050450450453   0.8   0   0   1
4.52052784784788   0.8   0   0   1
4.53055119119122   0.8   0   0   1
4.54057453453456   0.8   0   0   1
4.55059787787791   0.8   0   0   1
4.56062122122125   0.8   0   0   1
4.57064456456459   0.8   0   0   1
4.58066790790794   0.8   0   0   1
4.59069125125128   0.8   0   0   1
4.60071459459462   0.8   0   0   1
4.61073793793797   0.8   0   0   1
4.62076128128131   0.8   0   0   1
4.63078462462465   0.8   0   0   1
4.640807967968   0.8   0   0   1
4.65083131131134   0.8   0   0   1
4.66085465465468   0.8   0   0   1
4.67087799799803   0.8   0   0   1
4.68090134134137   0.8   0   0   1
4.69092468468472   0.8   0   0   1
4.70094802802806   0.8   0   0   1
4.7109713713714   0.8   0   0   1
4.72099471471475   0.8   0   0   1
4.73101805805809   0.8   0   0   1
4.74104140140143   0.8   0   0   1
4.75106474474478   0.8   0   0   1
4.76108808808812   0.8   0   0   1
4.77111143143146   0.8   0   0   1
4.78113477477481   0.8   0   0   1
4.79115811811815   0.8   0   0   1
4.80118146146149   0.8   0   0   1
4.81120480480484   0.8   0   0   1
4.82122814814818   0.8   0   0   1
4.83125149149152   0.8   0   0   1
4.84127483483487   0.8   0   0   1
4.85129817817821   0.8   0   0   1
4.86132152152155   0.8   0   0   1
4.8713448648649   0.8   0   0   1
4.88136820820824   0.8   0   0   1
4.89139155155158   0.8   0   0   1
4.90141489489493   0.8   0   0   1
4.91143823823827   0.8   0   0   1
4.92146158158161   0.8   0   0   1
4.93148492492496   0.8   0   0   1
4.9415082682683   0.8   0   0   1
4.95153161161164   0.8   0   0   1
4.96155495495499   0.8   0   0   1
4.97157829829833   0.8   0   0   1
4.98160164164167   0.8   0   0   1
4.99162498498502   0.8   0   0   1
5.00164832832836   0.8   0   0   1
5.0116716716717   0.8   0   0   1
5.02169501501505   0.8   0   0   1
5.03171835835839   0.8   0   0   1
5.04174170170173   0.8   0   0   1
5.05176504504508   0.8   0   0   1
5.06178838838842   0.8   0   0   1
5.07181173173177   0.8   0   0   1
5.08183507507511   0.8   0   0   1
5.09185841841845   0.8   0   0   1
5.1018817617618   0.8   0   0   1
5.11190510510514   0.8   0   0   1
5.12192844844848   0.8   0   0   1
5.13195179179183   0.8   0   0   1
5.14197513513517   0.8   0   0   1
5.15199847847851   0.8   0   0   1
5.16202182182186   0.8   0   0   1
5.1720451651652   0.8   0   0   1
5.18206850850854   0.8   0   0   1
5.19209185185189   0.8   0   0   1
5.20211519519523   0.8   0   0   1
5.21213853853857   0.8   0   0   1
5.22216188188192   0.8   0   0   1
5.23218522522526   0.8   0   0   1
5.2422085685686   0.8   0   0   1
5.25223191191195   0.8   0   0   1
5.26225525525529   0.8   0   0   1
5.27227859859863   0.8   0   0   1
5.28230194194198   0.8   0   0   1
5.29232528528532   0.8   0   0   1
5.30234862862866   0.8   0   0   1
5.31237197197201   0.8   0   0   1
5.32239531531535   0.8   0   0   1
5.33241865865869   0.8   0   0   1
5.34244200200204   0.8   0   0   1
5.35246534534538   0.8   0   0   1
5.36248868868872   0.8   0   0   1
5.37251203203207   0.8   0   0   1
5.38253537537541   0.8   0   0   1
5.39255871871875   0.8   0   0   1
5.4025820620621   0.8   0   0   1
5.41260540540544   0.8   0   0   1
5.42262874874879   0.8   0   0   1
5.43265209209213   0.8   0   0   1
5.44267543543547   0.8   0   0   1
5.45269877877882   0.8   0   0   1
5.46272212212216   0.8   0   0   1
5.4727454654655   0.8   0   0   1
5.48276880880885   0.8   0   0   1
5.49279215215219   0.8   0   0   1
5.50281549549553   0.8   0   0   1
5.51283883883888   0.8   0   0   1
5.52286218218222   0.8   0   0   1
5.53288552552556   0.8   0   0   1
5.54290886886891   0.8   0   0   1
5.55293221221225   0.8   0   0   1
5.56295555555559   0.8   0   0   1
5.57297889889894   0.8   0   0   1
5.58300224224228   0.8   0   0   1
5.59302558558562   0.8   0   0   1
5.60304892892897   0.8   0   0   1
5.61307227227231   0.8   0   0   1
5.62309561561565   0.8   0   0   1
5.633118958959   0.8   0   0   1
5.64314230230234   0.8   0   0   1
5.65316564564568   0.8   0   0   1
5.66318898898903   0.8   0   0   1
5.67321233233237   0.8   0   0   1
5.68323567567571   0.8   0   0   1
5.69325901901906   0.8   0   0   1
5.7032823623624   0.8   0   0   1
5.71330570570574   0.8   0   0   1
5.72332904904909   0.8   0   0   1
5.73335239239243   0.8   0   0   1
5.74337573573577   0.8   0   0   1
5.75339907907912   0.8   0   0   1
5.76342242242246   0.8   0   0   1
5.77344576576581   0.8   0   0   1
5.78346910910915   0.8   0   0   1
5.79349245245249   0.8   0   0   1
5.80351579579584   0.8   0   0   1
5.81353913913918   0.8   0   0   1
5.82356248248252   0.8   0   0   1
5.83358582582587   0.8   0   0   1
5.84360916916921   0.8   0   0   1
5.85363251251255   0.8   0   0   1
5.8636558558559   0.8   0   0   1
5.87367919919924   0.8   0   0   1
5.88370254254258   0.8   0   0   1
5.89372588588593   0.8   0   0   1
5.90374922922927   0.8   0   0   1
5.91377257257261   0.8   0   0   1
5.92379591591596   0.8   0   0   1
5.9338192592593   0.8   0   0   1
5.94384260260264   0.8   0   0   1
5.95386594594599   0.8   0   0   1
5.96388928928933   0.8   0   0   1
5.97391263263267   0.8   0   0   1
5.98393597597602   0.8   0   0   1
5.99395931931936   0.8   0   0   1
6.0039826626627   0.8   0   0   1
6.01400600600605   0.8   0   0   1
6.02402934934939   0.8   0   0   1
6.03405269269273   0.8   0   0   1
6.04407603603608   0.8   0   0   1
6.05409937937942   0.8   0   0   1
6.06412272272276   0.8   0   0   1
6.07414606606611   0.8   0   0   1
6.08416940940945   0.8   0   0   1
6.09419275275279   0.8   0   0   1
6.10421609609614   0.8   0   0   1
6.11423943943948   0.8   0   0   1
6.12426278278283   0.8   0   0   1
6.13428612612617   0.8   0   0   1
6.14430946946951   0.8   0   0   1
6.15433281281286   0.8   0   0   1
6.1643561561562   0.8   0   0   1
6.17437949949954   0.8   0   0   1
6.18440284284289   0.8   0   0   1
6.19442618618623   0.8   0   0   1
6.20444952952957   0.8   0   0   1
6.21447287287292   0.8   0   0   1
6.22449621621626   0.8   0   0   1
6.2345195595596   0.8   0   0   1
6.24454290290295   0.8   0   0   1
6.25456624624629   0.8   0   0   1
6.26458958958963   0.8   0   0   1
6.27461293293298   0.8   0   0   1
6.28463627627632   0.8   0   0   1
6.29465961961966   0.8   0   0   1
6.30468296296301   0.8   0   0   1
6.31470630630635   0.8   0   0   1
6.32472964964969   0.8   0   0   1
6.33475299299304   0.8   0   0   1
6.34477633633638   0.8   0   0   1
6.35479967967972   0.8   0   0   1
6.36482302302307   0.8   0   0   1
6.37484636636641   0.8   0   0   1
6.38486970970975   0.8   0   0   1
6.3948930530531   0.8   0   0   1
6.40491639639644   0.8   0   0   1
6.41493973973978   0.8   0   0   1
6.42496308308313   0.8   0   0   1
6.43498642642647   0.8   0   0   1
6.44500976976981   0.8   0   0   1
6.45503311311316   0.8   0   0   1
6.4650564564565   0.8   0   0   1
6.47507979979985   0.8   0   0   1
6.48510314314319   0.8   0   0   1
6.49512648648653   0.8   0   0   1
6.50514982982988   0.8   0   0   1
6.51517317317322   0.8   0   0   1
6.52519651651656   0.8   0   0   1
6.53521985985991   0.8   0   0   1
6.54524320320325   0.8   0   0   1
6.55526654654659   0.8   0   0   1
6.56528988988994   0.8   0   0   1
6.57531323323328   0.8   0   0   1
6.58533657657662   0.8   0   0   1
6.59535991991997   0.8   0   0   1
6.60538326326331   0.8   0   0   1
6.61540660660665   0.8   0   0   1
6.62542994995   0.8   0   0   1
6.63545329329334   0.8   0   0   1
6.64547663663668   0.8   0   0   1
6.65549997998003   0.8   0   0   1
6.66552332332337   0.8   0   0   1
6.67554666666671   0.8   0   0   1
6.68557001001006   0.8   0   0   1
6.6955933533534   0.8   0   0   1
6.70561669669674   0.8   0   0   1
6.71564004004009   0.8   0   0   1
6.72566338338343   0.8   0   0   1
6.73568672672677   0.8   0   0   1
6.74571007007012   0.8   0   0   1
6.75573341341346   0.8   0   0   1
6.7657567567568   0.8   0   0   1
6.77578010010015   0.8   0   0   1
6.78580344344349   0.8   0   0   1
6.79582678678683   0.8   0   0   1
6.80585013013018   0.8   0   0   1
6.81587347347352   0.8   0   0   1
6.82589681681686   0.8   0   0   1
6.83592016016021   0.8   0   0   1
6.84594350350355   0.8   0   0   1
6.8559668468469   0.8   0   0   1
6.86599019019024   0.8   0   0   1
6.87601353353358   0.8   0   0   1
6.88603687687693   0.8   0   0   1
6.89606022022027   0.8   0   0   1
6.90608356356361   0.8   0   0   1
6.91610690690696   0.8   0   0   1
6.9261302502503   0.8   0   0   1
6.93615359359364   0.8   0   0   1
6.94617693693699   0.8   0   0   1
6.95620028028033   0.8   0   0   1
6.96622362362367   0.8   0   0   1
6.97624696696702   0.8   0   0   1
6.98627031031036   0.8   0   0   1
6.9962936536537   0.8   0   0   1
7.00631699699705   0.8   0   0   1
7.01634034034039   0.8   0   0   1
7.02636368368373   0.8   0   0   1
7.03638702702708   0.8   0   0   1
7.04641037037042   0.8   0   0   1
7.05643371371376   0.8   0   0   1
7.06645705705711   0.8   0   0   1
7.07648040040045   0.8   0   0   1
7.08650374374379   0.8   0   0   1
7.09652708708714   0.8   0   0   1
7.10655043043048   0.8   0   0   1
7.11657377377382   0.8   0   0   1
7.12659711711717   0.8   0   0   1
7.13662046046051   0.8   0   0   1
7.14664380380385   0.8   0   0   1
7.1566671471472   0.8   0   0   1
7.16669049049054   0.8   0   0   1
7.17671383383388   0.8   0   0   1
7.18673717717723   0.8   0   0   1
7.19676052052057   0.8   0   0   1
7.20678386386392   0.8   0   0   1
7.21680720720726   0.8   0   0   1
7.2268305505506   0.8   0   0   1
7.23685389389395   0.8   0   0   1
7.24687723723729   0.8   0   0   1
7.25690058058063   0.8   0   0   1
7.26692392392398   0.8   0   0   1
7.27694726726732   0.8   0   0   1
7.28697061061066   0.8   0   0   1
7.29699395395401   0.8   0   0   1
7.30701729729735   0.8   0   0   1
7.31704064064069   0.8   0   0   1
7.32706398398404   0.8   0   0   1
7.33708732732738   0.8   0   0   1
7.34711067067072   0.8   0   0   1
7.35713401401407   0.8   0   0   1
7.36715735735741   0.8   0   0   1
7.37718070070075   0.8   0   0   1
7.3872040440441   0.8   0   0   1
7.39722738738744   0.8   0   0   1
7.40725073073078   0.8   0   0   1
7.41727407407413   0.8   0   0   1
7.42729741741747   0.8   0   0   1
7.43732076076081   0.8   0   0   1
7.44734410410416   0.8   0   0   1
7.4573674474475   0.8   0   0   1
7.46739079079084   0.8   0   0   1
7.47741413413419   0.8   0   0   1
7.48743747747753   0.8   0   0   1
7.49746082082087   0.8   0   0   1
7.50748416416422   0.8   0   0   1
7.51750750750756   0.8   0   0   1
7.5275308508509   0.8   0   0   1
7.53755419419425   0.8   0   0   1
7.54757753753759   0.8   0   0   1
7.55760088088094   0.8   0   0   1
7.56762422422428   0.8   0   0   1
7.57764756756762   0.8   0   0   1
7.58767091091097   0.8   0   0   1
7.59769425425431   0.8   0   0   1
7.60771759759765   0.8   0   0   1
7.617740940941   0.8   0   0   1
7.62776428428434   0.8   0   0   1
7.63778762762768   0.8   0   0   1
7.64781097097103   0.8   0   0   1
7.65783431431437   0.8   0   0   1
7.66785765765771   0.8   0   0   1
7.67788100100106   0.8   0   0   1
7.6879043443444   0.8   0   0   1
7.69792768768774   0.8   0   0   1
7.70795103103109   0.8   0   0   1
7.71797437437443   0.8   0   0   1
7.72799771771777   0.8   0   0   1
7.73802106106112   0.8   0   0   1
7.74804440440446   0.8   0   0   1
7.7580677477478   0.8   0   0   1
7.76809109109115   0.8   0   0   1
7.77811443443449   0.8   0   0   1
7.78813777777783   0.8   0   0   1
7.79816112112118   0.8   0   0   1
7.80818446446452   0.8   0   0   1
7.81820780780786   0.8   0   0   1
7.82823115115121   0.8   0   0   1
7.83825449449455   0.8   0   0   1
7.84827783783789   0.8   0   0   1
7.85830118118124   0.8   0   0   1
7.86832452452458   0.8   0   0   1
7.87834786786792   0.8   0   0   1
7.88837121121127   0.8   0   0   1
7.89839455455461   0.8   0   0   1
7.90841789789796   0.8   0   0   1
7.9184412412413   0.8   0   0   1
7.92846458458464   0.8   0   0   1
7.93848792792799   0.8   0   0   1
7.94851127127133   0.8   0   0   1
7.95853461461467   0.8   0   0   1
7.96855795795802   0.8   0   0   1
7.97858130130136   0.8   0   0   1
7.9886046446447   0.8   0   0   1
7.99862798798805   0.8   0   0   1
8.00865133133139   0.8   0   0   1
8.01867467467473   0.8   0   0   1
8.02869801801808   0.8   0   0   1
8.03872136136142   0.8   0   0   1
8.04874470470476   0.8   0   0   1
8.05876804804811   0.8   0   0   1
8.06879139139145   0.8   0   0   1
8.07881473473479   0.8   0   0   1
8.08883807807814   0.8   0   0   1
8.09886142142148   0.8   0   0   1
8.10888476476482   0.8   0   0   1
8.11890810810817   0.8   0   0   1
8.12893145145151   0.8   0   0   1
8.13895479479485   0.8   0   0   1
8.1489781381382   0.8   0   0   1
8.15900148148154   0.8   0   0   1
8.16902482482488   0.8   0   0   1
8.17904816816823   0.8   0   0   1
8.18907151151157   0.8   0   0   1
8.19909485485491   0.8   0   0   1
8.20911819819826   0.8   0   0   1
8.2191415415416   0.8   0   0   1
8.22916488488494   0.8   0   0   1
8.23918822822829   0.8   0   0   1
8.24921157157163   0.8   0   0   1
8.25923491491498   0.8   0   0   1
8.26925825825832   0.8   0   0   1
8.27928160160166   0.8   0   0   1
8.28930494494501   0.8   0   0   1
8.29932828828835   0.8   0   0   1
8.30935163163169   0.8   0   0   1
8.31937497497504   0.8   0   0   1
8.32939831831838   0.8   0   0   1
8.33942166166172   0.8   0   0   1
8.34944500500507   0.8   0   0   1
8.35946834834841   0.8   0   0   1
8.36949169169175   0.8   0   0   1
8.3795150350351   0.8   0   0   1
8.38953837837844   0.8   0   0   1
8.39956172172178   0.8   0   0   1
8.40958506506513   0.8   0   0   1
8.41960840840847   0.8   0   0   1
8.42963175175181   0.8   0   0   1
8.43965509509516   0.8   0   0   1
8.4496784384385   0.8   0   0   1
8.45970178178184   0.8   0   0   1
8.46972512512519   0.8   0   0   1
8.47974846846853   0.8   0   0   1
8.48977181181187   0.8   0   0   1
8.49979515515522   0.8   0   0   1
8.50981849849856   0.8   0   0   1
8.5198418418419   0.8   0   0   1
8.52986518518525   0.8   0   0   1
8.53988852852859   0.8   0   0   1
8.54991187187193   0.8   0   0   1
8.55993521521528   0.8   0   0   1
8.56995855855862   0.8   0   0   1
8.57998190190196   0.8   0   0   1
8.59000524524531   0.8   0   0   1
8.60002858858865   0.8   0   0   1
8.610051931932   0.8   0   0   1
8.62007527527534   0.8   0   0   1
8.63009861861868   0.8   0   0   1
8.64012196196203   0.8   0   0   1
8.65014530530537   0.8   0   0   1
8.66016864864871   0.8   0   0   1
8.67019199199206   0.8   0   0   1
8.6802153353354   0.8   0   0   1
8.69023867867874   0.8   0   0   1
8.70026202202209   0.8   0   0   1
8.71028536536543   0.8   0   0   1
8.72030870870877   0.8   0   0   1
8.73033205205212   0.8   0   0   1
8.74035539539546   0.8   0   0   1
8.7503787387388   0.8   0   0   1
8.76040208208215   0.8   0   0   1
8.77042542542549   0.8   0   0   1
8.78044876876883   0.8   0   0   1
8.79047211211218   0.8   0   0   1
8.80049545545552   0.8   0   0   1
8.81051879879886   0.8   0   0   1
8.82054214214221   0.8   0   0   1
8.83056548548555   0.8   0   0   1
8.84058882882889   0.8   0   0   1
8.85061217217224   0.8   0   0   1
8.86063551551558   0.8   0   0   1
8.87065885885892   0.8   0   0   1
8.88068220220227   0.8   0   0   1
8.89070554554561   0.8   0   0   1
8.90072888888895   0.8   0   0   1
8.9107522322323   0.8   0   0   1
8.92077557557564   0.8   0   0   1
8.93079891891898   0.8   0   0   1
8.94082226226233   0.8   0   0   1
8.95084560560567   0.8   0   0   1
8.96086894894901   0.8   0   0   1
8.97089229229236   0.8   0   0   1
8.9809156356357   0.8   0   0   1
8.99093897897905   0.8   0   0   1
9.00096232232239   0.8   0   0   1
9.01098566566573   0.8   0   0   1
9.02100900900908   0.8   0   0   1
9.03103235235242   0.8   0   0   1
9.04105569569576   0.8   0   0   1
9.05107903903911   0.8   0   0   1
9.06110238238245   0.8   0   0   1
9.07112572572579   0.8   0   0   1
9.08114906906914   0.8   0   0   1
9.09117241241248   0.8   0   0   1
9.10119575575582   0.8   0   0   1
9.11121909909917   0.8   0   0   1
9.12124244244251   0.8   0   0   1
9.13126578578585   0.8   0   0   1
9.1412891291292   0.8   0   0   1
9.15131247247254   0.8   0   0   1
9.16133581581588   0.8   0   0   1
9.17135915915923   0.8   0   0   1
9.18138250250257   0.8   0   0   1
9.19140584584591   0.8   0   0   1
9.20142918918926   0.8   0   0   1
9.2114525325326   0.8   0   0   1
9.22147587587594   0.8   0   0   1
9.23149921921929   0.8   0   0   1
9.24152256256263   0.8   0   0   1
9.25154590590597   0.8   0   0   1
9.26156924924932   0.8   0   0   1
9.27159259259266   0.8   0   0   1
9.281615935936   0.8   0   0   1
9.29163927927935   0.8   0   0   1
9.30166262262269   0.8   0   0   1
9.31168596596603   0.8   0   0   1
9.32170930930938   0.8   0   0   1
9.33173265265272   0.8   0   0   1
9.34175599599607   0.8   0   0   1
9.35177933933941   0.8   0   0   1
9.36180268268275   0.8   0   0   1
9.3718260260261   0.8   0   0   1
9.38184936936944   0.8   0   0   1
9.39187271271278   0.8   0   0   1
9.40189605605613   0.8   0   0   1
9.41191939939947   0.8   0   0   1
9.42194274274281   0.8   0   0   1
9.43196608608616   0.8   0   0   1
9.4419894294295   0.8   0   0   1
9.45201277277284   0.8   0   0   1
9.46203611611619   0.8   0   0   1
9.47205945945953   0.8   0   0   1
9.48208280280287   0.8   0   0   1
9.49210614614622   0.8   0   0   1
9.50212948948956   0.8   0   0   1
9.5121528328329   0.8   0   0   1
9.52217617617625   0.8   0   0   1
9.53219951951959   0.8   0   0   1
9.54222286286293   0.8   0   0   1
9.55224620620628   0.8   0   0   1
9.56226954954962   0.8   0   0   1
9.57229289289296   0.8   0   0   1
9.58231623623631   0.8   0   0   1
9.59233957957965   0.8   0   0   1
9.60236292292299   0.8   0   0   1
9.61238626626634   0.8   0   0   1
9.62240960960968   0.8   0   0   1
9.63243295295302   0.8   0   0   1
9.64245629629637   0.8   0   0   1
9.65247963963971   0.8   0   0   1
9.66250298298305   0.8   0   0   1
9.6725263263264   0.8   0   0   1
9.68254966966974   0.8   0   0   1
9.69257301301309   0.8   0   0   1
9.70259635635643   0.8   0   0   1
9.71261969969977   0.8   0   0   1
9.72264304304312   0.8   0   0   1
9.73266638638646   0.8   0   0   1
9.7426897297298   0.8   0   0   1
9.75271307307315   0.8   0   0   1
9.76273641641649   0.8   0   0   1
9.77275975975983   0.8   0   0   1
9.78278310310318   0.8   0   0   1
9.79280644644652   0.8   0   0   1
9.80282978978986   0.8   0   0   1
9.81285313313321   0.8   0   0   1
9.82287647647655   0.8   0   0   1
9.83289981981989   0.8   0   0   1
9.84292316316324   0.8   0   0   1
9.85294650650658   0.8   0   0   1
9.86296984984992   0.8   0   0   1
9.87299319319327   0.8   0   0   1
9.88301653653661   0.8   0   0   1
9.89303987987995   0.8   0   0   1
9.9030632232233   0.8   0   0   1
9.91308656656664   0.8   0   0   1
9.92310990990998   0.8   0   0   1
9.93313325325333   0.8   0   0   1
9.94315659659667   0.8   0   0   1
9.95317993994001   0.8   0   0   1
9.96320328328336   0.8   0   0   1
9.9732266266267   0.8   0   0   1
9.98324996997004   0.8   0   0   1
9.99327331331339   0.8   0   0   1
10.0032966566567   0.8   0   0   1
10.0133200000001   0.8   0   0   1
