variables = x,rho,u,v,p
0   3.8571   2.6293   0   10.3333
0.0100233433433433   3.8571   2.6293   0   10.3333
0.0200466866866867   3.8571   2.6293   0   10.3333
0.03007003003003   3.8571   2.6293   0   10.3333
0.0400933733733734   3.8571   2.6293   0   10.3333
0.0501167167167167   3.8571   2.6293   0   10.3333
0.0601400600600601   3.8571   2.6293   0   10.3333
0.0701634034034034   3.8571   2.6293   0   10.3333
0.0801867467467468   3.8571   2.6293   0   10.3333
0.0902100900900901   3.8571   2.6293   0   10.3333
0.100233433433433   3.8571   2.6293   0   10.3333
0.110256776776777   3.8571   2.6293   0   10.3333
0.12028012012012   3.8571   2.6293   0   10.3333
0.130303463463463   3.8571   2.6293   0   10.3333
0.140326806806807   3.8571   2.6293   0   10.3333
0.15035015015015   3.8571   2.6293   0   10.3333
0.160373493493494   3.8571   2.6293   0   10.3333
0.170396836836837   3.8571   2.6293   0   10.3333
0.18042018018018   3.8571   2.6293   0   10.3333
0.190443523523524   3.8571   2.6293   0   10.3333
0.200466866866867   3.8571   2.6293   0   10.3333
0.21049021021021   3.8571   2.6293   0   10.3333
0.220513553553554   3.8571   2.6293   0   10.3333
0.230536896896897   3.8571   2.6293   0   10.3333
0.24056024024024   3.8571   2.6293   0   10.3333
0.250583583583584   3.8571   2.6293   0   10.3333
0.260606926926927   3.8571   2.6293   0   10.3333
0.27063027027027   3.8571   2.6293   0   10.3333
0.280653613613614   3.8571   2.6293   0   10.3333
0.290676956956957   3.8571   2.6293   0   10.3333
0.3007003003003   3.8571   2.6293   0   10.3333
0.310723643643644   3.8571   2.6293   0   10.3333
0.320746986986987   3.8571   2.6293   0   10.3333
0.330770330330331   3.8571   2.6293   0   10.3333
0.340793673673674   3.8571   2.6293   0   10.3333
0.350817017017017   3.8571   2.6293   0   10.3333
0.360840360360361   3.8571   2.6293   0   10.3333
0.370863703703704   3.8571   2.6293   0   10.3333
0.380887047047047   3.8571   2.6293   0   10.3333
0.390910390390391   3.8571   2.6293   0   10.3333
0.400933733733734   3.8571   2.6293   0   10.3333
0.410957077077078   3.8571   2.6293   0   10.3333
0.420980420420421   3.8571   2.6293   0   10.3333
0.431003763763764   3.8571   2.6293   0   10.3333
0.441027107107108   3.8571   2.6293   0   10.3333
0.451050450450451   3.8571   2.6293   0   10.3333
0.461073793793794   3.8571   2.6293   0   10.3333
0.471097137137138   3.8571   2.6293   0   10.3333
0.481120480480481   3.8571   2.6293   0   10.3333
0.491143823823825   3.8571   2.6293   0   10.3333
0.501167167167168   3.8571   2.6293   0   10.3333
0.511190510510511   3.8571   2.6293   0   10.3333
0.521213853853855   3.8571   2.6293   0   10.3333
0.531237197197198   3.8571   2.6293   0   10.3333
0.541260540540541   3.8571   2.6293   -1.20704801693176e-16   10.3333
0.551283883883884   3.85709999999999   2.62930000000001   -5.45958981182433e-16   10.3333
0.561307227227228   3.85709999999996   2.62930000000002   -5.93995460288345e-16   10.3332999999998
0.571330570570571   3.85709999999991   2.62930000000005   -3.72849833627893e-16   10.3332999999996
0.581353913913914   3.8570999999998   2.62930000000012   -2.56524098408406e-16   10.3332999999991
0.591377257257258   3.85709999999958   2.62930000000025   -3.47346440566031e-16   10.3332999999981
0.601400600600601   3.85709999999917   2.62930000000049   -1.2372384599051e-16   10.3332999999963
0.611423943943944   3.85709999999837   2.62930000000096   -1.71176128043662e-17   10.3332999999928
0.621447287287288   3.85709999999685   2.62930000000185   -9.81192115106212e-17   10.3332999999861
0.631470630630631   3.85709999999398   2.62930000000353   -1.88473634648822e-16   10.3332999999734
0.641493973973974   3.85709999998859   2.62930000000667   -4.49250310251576e-17   10.3332999999497
0.651517317317318   3.85709999997859   2.62930000001249   1.4854242583037e-16   10.3332999999058
0.661540660660661   3.85709999996016   2.62930000002319   -2.30692647806639e-17   10.3332999998251
0.671564004004004   3.85709999992653   2.62930000004268   -5.03132688938563e-18   10.3332999996783
0.681587347347348   3.85709999986572   2.62930000007784   4.76010935371147e-16   10.3332999994133
0.691610690690691   3.85709999975672   2.6293000001407   1.72163981464822e-16   10.3332999989396
0.701634034034034   3.85709999956315   2.6293000002521   -3.51911202788175e-16   10.3332999981005
0.711657377377378   3.85709999922248   2.6293000004477   -2.32624897427017e-16   10.3332999966272
0.721680720720721   3.85709999862841   2.62930000078802   9.02752708343457e-17   10.3332999940642
0.731704064064064   3.85709999760184   2.62930000137475   3.18934745480785e-16   10.3332999896462
0.741727407407408   3.85709999584412   2.62930000237709   4.49649382341938e-16   10.3332999820998
0.751750750750751   3.85709999286196   2.62930000407377   6.61962686205879e-16   10.3332999693278
0.761774094094094   3.85709998784874   2.62930000691948   7.86562056628411e-16   10.3332999479096
0.771797437437437   3.85709997949843   2.62930001164862   7.60764889075746e-16   10.3332999123212
0.781820780780781   3.8570999657174   2.62930001943552   5.9038587303754e-16   10.3332998537309
0.791844124124124   3.85709994318295   2.62930003213928   6.19661795330615e-16   10.3332997581595
0.801867467467467   3.85709990667463   2.62930005267351   6.5634254278348e-16   10.3332996037021
0.811890810810811   3.85709984807305   2.62930008555842   8.68742222191301e-16   10.3332993563807
0.821914154154154   3.85709975487788   2.62930013773561   8.27881476761738e-16   10.3332989640245
0.831937497497497   3.85709960804026   2.62930021975638   9.83980102958572e-16   10.3332983473462
0.841960840840841   3.85709937882954   2.62930034749434   9.30858304156308e-16   10.3332973870838
0.851984184184184   3.85709902435924   2.62930054458359   7.95417801484826e-16   10.3332959056982
0.862007527527527   3.85709848127659   2.6293008458471   9.93318673806634e-16   10.3332936416429
0.872030870870871   3.85709765697334   2.62930130205698   8.93662650383759e-16   10.3332902136445
0.882054214214214   3.85709641750041   2.62930198645918   7.8880468977819e-16   10.3332850717536
0.892077557557557   3.85709457116754   2.62930300359914   8.54034335098426e-16   10.333277431148
0.902100900900901   3.85709184658511   2.62930450109898   9.65005711811589e-16   10.3332661838163
0.912124244244244   3.85708786367013   2.6293066851552   1.54861917544429e-15   10.3332497823682
0.922147587587587   3.857082095906   2.62930984064024   1.48785614624155e-15   10.3332260893643
0.932170930930931   3.85707382194086   2.6293143567885   1.31439733698874e-15   10.3331921848378
0.942194274274274   3.85706206446348   2.62932075951073   1.21016758973897e-15   10.3331441242126
0.952217617617617   3.85704551424829   2.62932975138953   1.30447092404984e-15   10.333076638772
0.96224096096096   3.85702243736114   2.62934226033772   1.43712021479816e-15   10.3329827713797
0.972264304304304   3.85699056381684   2.62935949772391   1.65542286982792e-15   10.3328534415039
0.982287647647647   3.85694695653259   2.62938302646039   1.80647173027435e-15   10.332676935948
0.99231099099099   3.85688786027726   2.629414839082   2.02741790654025e-15   10.3324383252204
1.00233433433433   3.85680853150951   2.62945744520889   1.87310628028949e-15   10.3321188102981
1.01235767767768   3.85670305154133   2.62951396697634   2.14858399720479e-15   10.3316950106728
1.02238102102102   3.85656412733503   2.62958824004869   2.23439154715414e-15   10.3311382119004
1.03240436436436   3.85638288637767   2.62968491674951   2.58858299368772e-15   10.3304135991167
1.04242770770771   3.85614867436158   2.62980956670133   3.01536397386582e-15   10.3294795116552
1.05245105105105   3.85584886666695   2.62996876926475   3.22761472487956e-15   10.3282867623272
1.06247439439439   3.85546870667583   2.63017019111172   3.64000107606854e-15   10.3267780722513
1.07249773773774   3.85499118549919   2.63042264158652   3.95293990826596e-15   10.3248876773784
1.08252108108108   3.85439697850634   2.63073609822973   4.41603443269234e-15   10.3225411650611
1.09254442442442   3.85366445386876   2.63112169507752   4.93061514535414e-15   10.3196555972718
1.10256776776777   3.85276976697887   2.631591667182   6.05493328531552e-15   10.3161399707273
1.11259111111111   3.85168705198317   2.63215924625717   6.59745202156384e-15   10.3118960529531
1.12261445445445   3.85038871780254   2.63283850440566   7.08197119069366e-15   10.3068196174279
1.1326377977978   3.84884585106559   2.63364414541835   7.45802983273366e-15   10.3008020811383
1.14266114114114   3.84702872265772   2.63459124599214   7.77218203039979e-15   10.2937325254263
1.15268448448449   3.84490738851294   2.63569495215574   8.11098685027497e-15   10.2855000576483
1.16270782782783   3.84245236934844   2.63697013897849   8.28823879294218e-15   10.2759964488524
1.17273117117117   3.83963538878485   2.63843104401191   8.49582534618039e-15   10.2651189634345
1.18275451451452   3.83643014518726   2.64009088666193   8.71590199091785e-15   10.252773282332
1.19277785785786   3.83281308997546   2.64196148665817   8.50358793341791e-15   10.2388764130984
1.2028012012012   3.82876418430565   2.64405289490261   8.28351624079762e-15   10.2233594788707
1.21282454454455   3.82426760695951   2.64637304926468   8.19044915515483e-15   10.2061702837847
1.22284788788789   3.81931238884319   2.64892746644605   8.00108160729421e-15   10.1872755641031
1.23287123123123   3.81389295339773   2.6517189790417   7.48948507344462e-15   10.1666628508836
1.24289457457458   3.80800954703127   2.65474752459376   7.01866621616754e-15   10.1443418897275
1.25291791791792   3.80166854892426   2.65800999100423   6.47349932814832e-15   10.1203455840953
1.26294126126126   3.7948826547499   2.66150012036811   5.89673455090712e-15   10.0947304490197
1.27296460460461   3.78767093356348   2.66520847129586   5.4877269599655e-15   10.0675765801573
1.28298794794795   3.78005876101052   2.66912243825087   5.45969439007425e-15   10.0389871577851
1.29301129129129   3.77207763486723   2.67322632540994   5.32464290029626e-15   10.0090875158327
1.30303463463464   3.76376488067034   2.67750147207488   5.26169534894251e-15   9.97802381209618
1.31305797797798   3.75516325585648   2.68192642667819   5.7130496314628e-15   9.94596133765898
1.32308132132132   3.74632046056558   2.68647716683731   6.173948821529e-15   9.91308250190197
1.33310466466467   3.73728856231404   2.69112736358463   6.48142709061671e-15   9.87958452529519
1.34312800800801   3.72812334042642   2.69584868866507   6.75137384488446e-15   9.84567686665714
1.35315135135135   3.71888355478958   2.7006111644618   7.0904773652354e-15   9.81157840608344
1.3631746946947   3.70963014253959   2.70538355648586   7.26794804231087e-15   9.77751440068367
1.37319803803804   3.70042534608105   2.71013380825528   7.4785609917743e-15   9.74371322894745
1.38322138138138   3.69133177669983   2.71482951762135   7.52174333136061e-15   9.71040294214215
1.39324472472473   3.68241142021715   2.71943845204579   6.99734322473074e-15   9.67780764847399
1.40326806806807   3.67372459477632   2.72392909792978   6.55831147557892e-15   9.64614376822155
1.41329141141141   3.66532887591646   2.72827123587835   6.06647174925646e-15   9.61561621546581
1.42331475475476   3.65727801032076   2.73243652990705   5.67093741921789e-15   9.58641458343213
1.4333380980981   3.6496208465371   2.73639911436099   5.20411254791527e-15   9.55870943401255
1.44336144144144   3.6424003178127   2.74013615816192   5.3227787393161e-15   9.53264881507751
1.45338478478479   3.63565251800564   2.74362838249517   5.16671791380715e-15   9.50835514832607
1.46340812812813   3.62940591525224   2.74686050582986   5.16013249564345e-15   9.48592264187416
1.47343147147147   3.62368074861431   2.74982158985514   5.71401591398244e-15   9.46541538186427
1.48345481481482   3.61848864943801   2.75250526200307   6.4091705142208e-15   9.4468662431785
1.49347815815816   3.61383252116029   2.75490979496337   7.03747567672991e-15   9.43027672938111
1.50350150150151   3.60970669889938   2.75703803088081   7.6681321579736e-15   9.41561780686624
1.51352484484485   3.60609739412689   2.75889714727237   8.0311389679204e-15   9.40283174073918
1.52354818818819   3.60298341144655   2.76049827224822   8.3477357437096e-15   9.39183487534491
1.53357153153154   3.60033710589187   2.76185596723515   8.801859113727e-15   9.38252123736447
1.54359487487488   3.59812553231755   2.76298760484941   9.22703915301321e-15   9.37476678150371
1.55361821821822   3.596311725393   2.76391267671235   9.86093376747891e-15   9.36843405495361
1.56364156156157   3.59485604095603   2.76465207000769   1.04850532687095e-14   9.36337703226189
1.57366490490491   3.59371748788245   2.76522735203822   1.06106067286728e-14   9.35944586968987
1.58368824824825   3.59285498417477   2.7656600990383   1.04995252856547e-14   9.35649134722079
1.5937115915916   3.59222848086679   2.76597129957546   1.04434203132347e-14   9.35436880399915
1.60373493493494   3.59179991115446   2.76618085490188   1.02265689158912e-14   9.35294142382174
1.61375827827828   3.59153393811104   2.76630718963766   1.00118147456006e-14   9.3520827849058
1.62378162162163   3.59139849058335   2.76636697721826   9.67789211072556e-15   9.35167864596523
1.63380496496497   3.59136509176182   2.76637497650365   9.25535481702936e-15   9.35162799291605
1.64382830830831   3.59140899723909   2.76634396946001   8.86659095211557e-15   9.3518434130974
1.65385165165166   3.59150916838444   2.7662847852333   8.31034595875012e-15   9.35225089432991
1.663874994995   3.59164811232761   2.76620639330481   8.06384087684351e-15   9.35278916381625
1.67389833833834   3.5918116219557   2.76611604759861   7.86548009854125e-15   9.35340868768496
1.68392168168169   3.59198844857837   2.766019464086   8.19344468068232e-15   9.35407044781482
1.69394502502503   3.59216993698926   2.76592101621458   8.26596429334494e-15   9.3547446009606
1.70396836836837   3.5923496482796   2.76582393497067   8.1882840331698e-15   9.35540910879506
1.71399171171172   3.59252299064032   2.76573050319345   8.02963802505614e-15   9.35604840876156
1.72401505505506   3.5926868731113   2.76564223658832   7.84940023580541e-15   9.35665217666671
1.7340383983984   3.5928393922522   2.76556004651018   7.86149042460578e-15   9.35721421428939
1.74406174174175   3.59297955731959   2.7654843818552   7.85097948435153e-15   9.35773147996108
1.75408508508509   3.59310705590425   2.76541534923783   7.71730745524708e-15   9.35820326762202
1.76410842842843   3.5932220591584   2.76535281202045   7.54346991130391e-15   9.35863053041862
1.77413177177178   3.59332506368582   2.76529646973036   7.41825580278536e-15   9.35901533832733
1.78415511511512   3.59341676577694   2.76524591999605   7.27138947265299e-15   9.35936045522573
1.79417845845846   3.59349796281258   2.76520070542729   6.77940703731688e-15   9.35966901883612
1.80420180180181   3.593569476183   2.76516034792267   6.58472850058301e-15   9.35994430656561
1.81422514514515   3.5936320898264   2.76512437278054   6.61546633383358e-15   9.36018957100323
1.82424848848849   3.59368649834797   2.7650923247737   6.41763942747904e-15   9.36040793030816
1.83427183183184   3.59373325852222   2.76506377807335   5.8573579077209e-15   9.36060230060307
1.84429517517518   3.59377273772226   2.76503834161074   5.48698385601588e-15   9.36077535951645
1.85431851851853   3.59380505240234   2.76501566117286   5.2660697338394e-15   9.36092953201699
1.86434186186187   3.59382998916703   2.76499541925831   5.47678176965686e-15   9.36106699152816
1.87436520520521   3.59384690021169   2.76497733348206   5.39443070843676e-15   9.36118967093635
1.88438854854856   3.5938545640835   2.76496115411667   4.6555792262135e-15   9.3612992794799
1.8944118918919   3.59385100190739   2.76494666119314   3.93535201334996e-15   9.36139732262919
1.90443523523524   3.59383323861872   2.76493366145495   3.62150015280925e-15   9.36148512295596
1.91445857857859   3.59379699856848   2.76492198535869   3.08260149169518e-15   9.36156384067124
1.92448192192193   3.59373632538654   2.76491148424089   2.51411086068082e-15   9.36163449301782
1.93450526526527   3.59364311750627   2.76490202771703   1.6936138729424e-15   9.36169797206729
1.94452860860862   3.59350657357819   2.76489350134208   8.30636926837309e-16   9.36175506072427
1.95455195195196   3.59331254641468   2.76488580453695   -4.50806806528245e-18   9.36180644690712
1.9645752952953   3.59304281032334   2.76487884877059   -7.20851209835258e-16   9.36185273597929
1.97459863863865   3.59267425479525   2.76487255597799   -1.45205488116904e-15   9.36189446156421
1.98462198198199   3.59217802742867   2.76486685719103   -2.24493250575281e-15   9.36193209490515
1.99464532532533   3.59151866037811   2.76486169135717   -2.80640044954087e-15   9.36196605293989
2.00466866866868   3.59065322694496   2.76485700432222   -3.31735554247683e-15   9.36199670525464
2.01469201201202   3.58953058731211   2.76485274795469   -3.07259303155958e-15   9.36202438007074
2.02471535535536   3.5880907937436   2.76484887939196   -2.69743643674462e-15   9.36204936940131
2.03473869869871   3.58626473447908   2.76484536039035   -2.25284254601707e-15   9.3620719334993
2.04476204204205   3.58397410058353   2.76484215676421   -1.84020525275336e-15   9.36209230470124
2.05478538538539   3.58113175970441   2.7648392379005   -1.17457170204987e-15   9.36211069075672
2.06480872872874   3.57764261375209   2.7648365763383   -2.74834089191884e-16   9.36212727771926
2.07483207207208   3.57340500301983   2.76483414740329   7.47823068454269e-16   9.36214223246285
2.08485541541542   3.56831269679775   2.76483192888982   1.77264232650099e-15   9.36215570487779
2.09487875875877   3.56225748040421   2.76482990078341   2.90352310983591e-15   9.36216782979115
2.10490210210211   3.55513231184985   2.76482804501832   3.72247292221824e-15   9.36217872864932
2.11492544544545   3.54683497999021   2.76482634526528   4.35937760957425e-15   9.36218851099448
2.1249487887888   3.53727215271068   2.76482478674523   4.80767760996005e-15   9.36219727576171
2.13497213213214   3.52636366174439   2.76482335606574   5.08517195851651e-15   9.3622051124189
2.14499547547548   3.51404683383808   2.76482204107689   5.33527310951056e-15   9.36221210196899
2.15501881881883   3.50028064988561   2.76482083074421   5.69537103702825e-15   9.36221831783071
2.16504216216217   3.48504949774379   2.76481971503618   5.58802373330843e-15   9.36222382661215
2.17506550550551   3.46836628341486   2.76481868482463   5.24834975312998e-15   9.36222868878974
2.18508884884886   3.4502746807468   2.764817731796   4.89726260279839e-15   9.36223295930353
2.1951121921922   3.43085033206554   2.76481684837222   4.38668163353249e-15   9.36223668807887
2.20513553553555   3.41020086003906   2.76481602763976   3.43270390414227e-15   9.36223992048338
2.21515887887889   3.38846461194525   2.76481526328585   2.89863512609655e-15   9.36224269772727
2.22518222222223   3.36580812742986   2.7648145495408   2.12708693219863e-15   9.36224505721454
2.23520556556558   3.34242239485367   2.76481388112571   1.26610316732764e-15   9.36224703285164
2.24522890890892   3.31851803392673   2.76481325320477   4.24728164287466e-16   9.36224865531974
2.25525225225226   3.29431960792635   2.76481266134168   -7.06754194109644e-16   9.3622499523159
2.26527559559561   3.27005932226926   2.76481210145964   -1.69309715948638e-15   9.36225094876819
2.27529893893895   3.24597040337057   2.76481156980447   -2.43516238682115e-15   9.36225166702854
2.28532228228229   3.22228046973055   2.76481106291067   -3.120994950082e-15   9.3622521270473
2.29534562562564   3.19920520480041   2.76481057756991   -3.35305443157568e-15   9.36225234653211
2.30536896896898   3.17694261884757   2.76481011080191   -3.55522138229624e-15   9.36225234109357
2.31539231231232   3.15566814685095   2.76480965982735   -3.88946296453768e-15   9.3622521243796
2.32541565565567   3.13553077488392   2.76480922204274   -3.92110043764647e-15   9.36225170819964
2.33543899899901   3.11665032299456   2.76480879499689   -3.91413978305794e-15   9.36225110263958
2.34546234234235   3.09911594336151   2.76480837636902   -3.97055755318618e-15   9.36225031616786
2.3554856856857   3.08298582368514   2.76480796394815   -4.0812249161331e-15   9.36224935573268
2.36550902902904   3.06828802220288   2.76480755561368   -3.97711142778572e-15   9.36224822684997
2.37553237237238   3.05502230647411   2.76480714931689   -3.76163018067819e-15   9.36224693368136
2.38555571571573   3.04316282618966   2.76480674306306   -4.05549626541456e-15   9.36224547910051
2.39557905905907   3.03266142252719   2.76480633489381   -4.22905795659378e-15   9.36224386474571
2.40560240240241   3.02345136353378   2.76480592286904   -4.46287467172625e-15   9.36224209105405
2.41562574574576   3.01545129602628   2.76480550504713   -4.60568912253179e-15   9.36224015726997
2.4256490890891   3.00856921791129   2.76480507946168   -5.04041358415629e-15   9.36223806141373
2.43567243243244   3.00270629824649   2.76480464409066   -5.01729655876474e-15   9.36223580018349
2.44569577577579   2.997760402943   2.76480419681127   -5.31503268783267e-15   9.36223336874056
2.45571911911913   2.99362921873443   2.76480373532683   -5.6248344263781e-15   9.36223076028237
2.46574246246247   2.99021290401002   2.76480325704071   -6.10421062980758e-15   9.36222796522058
2.47576580580582   2.98741622975288   2.76480275882876   -6.57885258690431e-15   9.36222496961638
2.48578914914916   2.98515020505095   2.76480223661865   -6.91060439999142e-15   9.36222175220849
2.4958124924925   2.98333320793523   2.76480168460052   -7.42523596983279e-15   9.3622182787657
2.50583583583585   2.98189166270547   2.76480109373472   -7.88230726595175e-15   9.36221449134389
2.51585917917919   2.98076031900754   2.76480044891845   -8.49817944558343e-15   9.36221028782826
2.52588252252253   2.97988219571008   2.76479972359365   -8.86037372160968e-15   9.36220548294751
2.53590586586588   2.97920825427739   2.76479886947317   -9.00000007100459e-15   9.36219973394288
2.54592920920922   2.97869686196185   2.76479779695317   -8.92001977951941e-15   9.36219239880739
2.55595255255257   2.97831309434091   2.76479633775585   -9.27009826948433e-15   9.3621822658846
2.56597589589591   2.97802790788095   2.76479417367183   -9.21163399897546e-15   9.36216703805527
2.57599923923925   2.9778171822508   2.76479070062979   -9.50655204130181e-15   9.36214234875867
2.5860225825826   2.97766058025889   2.76478476939226   -9.23085185188945e-15   9.36209988494325
2.59604592592594   2.97754008287607   2.764774190902   -9.05199785167005e-15   9.36202380648345
2.60606926926928   2.97743789331121   2.76475479268523   -9.02515827282894e-15   9.36188391632767
2.61609261261263   2.97733310107408   2.76471861889062   -9.05029907716942e-15   9.36162263378171
2.62611595595597   2.9771959273489   2.76465049685689   -9.0418664360642e-15   9.36113015171855
2.63613929929931   2.97697729493656   2.76452148806395   -8.78803162607928e-15   9.36019707124256
2.64616264264266   2.97658942078389   2.76427639696075   -8.66091617017499e-15   9.35842413545937
2.656185985986   2.97586925192975   2.76380994858335   -8.72017350577829e-15   9.35505035131923
2.66620932932934   2.97450924436739   2.76292136424426   -9.02537444548513e-15   9.34862624137865
2.67623267267269   2.97192627897867   2.76122777648427   -8.67772832452048e-15   9.33639460003741
2.68625601601603   2.96701430063944   2.75799929411348   -8.58336563475361e-15   9.31312388400963
2.69627935935937   2.9576815494419   2.75184521955575   -8.22423817174559e-15   9.26893562477006
2.70630270270272   2.94000000040456   2.74011859720786   -8.28568247057571e-15   9.18534940080456
2.71632604604606   2.9066973339517   2.71779210584864   -8.38229756157658e-15   9.02840914631244
2.7263493893894   2.84468115274377   2.67535978129445   -7.96253827790299e-15   8.73789183925645
2.73637273273275   2.73167279526981   2.59502433801149   -7.49574953668133e-15   8.2143846422221
2.74639607607609   2.53406420075717   2.44426268454229   -6.93408886014123e-15   7.31766990957579
2.75641941941943   2.21442888069248   2.16750246880173   -5.89891146911609e-15   5.92029092781529
2.76644276276278   1.76733428999597   1.68899581102021   -4.07395187019285e-15   4.09007794454262
2.77646610610612   1.28654162982994   0.990590415003208   -1.72418599999875e-15   2.33539971856751
2.78648944944946   0.953611241706788   0.334508530794454   -3.22333862571834e-16   1.3366768417098
2.79651279279281   0.828872822877435   0.060289003962594   -1.94620167886283e-17   1.05312205921639
2.80653613613615   0.803999112255899   0.00822360726979811   -4.02449459188471e-21   1.00704118580771
2.81655947947949   0.800517325821622   0.00106315383120317   -2.55828204627708e-25   1.00090599926004
2.82658282282284   0.800066373113088   0.000136401146842801   -1.08029608540722e-30   1.00011616405199
2.83660616616618   0.800008507101102   1.74826430542249e-05   -2.5369169606264e-37   1.00001488760919
2.84662950950952   0.800001090222313   2.2404771983673e-06   -8.14317671830123e-45   1.00000190789204
2.85665285285287   0.800000139714455   2.87122218721465e-07   -2.10565577753633e-53   1.00000024450034
2.86667619619621   0.800000017904684   3.67952799106226e-08   -4.44334237158191e-63   1.0000000313332
2.87669953953955   0.80000000229452   4.71538536617141e-09   -8.50215213114677e-74   1.00000000401541
2.8867228828829   0.800000000294047   6.04284959023019e-10   -1.60479338031887e-85   1.00000000051458
2.89674622622624   0.800000000037682   7.74397719192454e-11   -2.70401759726059e-98   1.00000000006594
2.90676956956958   0.800000000004829   9.92361912983426e-12   -4.2789186264471e-112   1.00000000000845
2.91679291291293   0.800000000000619   1.2713910050938e-12   -6.66862335023395e-127   1.00000000000108
2.92681625625627   0.800000000000079   1.62679429617151e-13   -1.01851807425004e-142   1.00000000000014
2.93683959959962   0.80000000000001   2.05987361671076e-14   -1.46752781987884e-159   1.00000000000002
2.94686294294296   0.800000000000001   2.48987016755279e-15   -1.81842505017466e-177   1
2.9568862862863   0.8   2.37130473503706e-16   -1.68085774224848e-196   1
2.96690962962965   0.8   0   -4.22058623024202e-217   1
2.97693297297299   0.8   0   0   1
2.98695631631633   0.8   0   0   1
2.99697965965968   0.8   0   0   1
3.00700300300302   0.8   0   0   1
3.01702634634636   0.8   0   0   1
3.02704968968971   0.8   0   0   1
3.03707303303305   0.8   0   0   1
3.04709637637639   0.8   0   0   1
3.05711971971974   0.8   0   0   1
3.06714306306308   0.8   0   0   1
3.07716640640642   0.8   0   0   1
3.08718974974977   0.8   0   0   1
3.09721309309311   0.8   0   0   1
3.10723643643645   0.8   0   0   1
3.1172597797798   0.8   0   0   1
3.12728312312314   0.8   0   0   1
3.13730646646648   0.8   0   0   1
3.14732980980983   0.8   0   0   1
3.15735315315317   0.8   0   0   1
3.16737649649651   0.8   0   0   1
3.17739983983986   0.8   0   0   1
3.1874231831832   0.8   0   0   1
3.19744652652654   0.8   0   0   1
3.20746986986989   0.8   0   0   1
3.21749321321323   0.8   0   0   1
3.22751655655657   0.8   0   0   1
3.23753989989992   0.8   0   0   1
3.24756324324326   0.8   0   0   1
3.2575865865866   0.8   0   0   1
3.26760992992995   0.8   0   0   1
3.27763327327329   0.8   0   0   1
3.28765661661664   0.8   0   0   1
3.29767995995998   0.8   0   0   1
3.30770330330332   0.8   0   0   1
3.31772664664667   0.8   0   0   1
3.32774998999001   0.8   0   0   1
3.33777333333335   0.8   0   0   1
3.3477966766767   0.8   0   0   1
3.35782002002004   0.8   0   0   1
3.36784336336338   0.8   0   0   1
3.37786670670673   0.8   0   0   1
3.38789005005007   0.8   0   0   1
3.39791339339341   0.8   0   0   1
3.40793673673676   0.8   0   0   1
3.4179600800801   0.8   0   0   1
3.42798342342344   0.8   0   0   1
3.43800676676679   0.8   0   0   1
3.44803011011013   0.8   0   0   1
3.45805345345347   0.8   0   0   1
3.46807679679682   0.8   0   0   1
3.47810014014016   0.8   0   0   1
3.4881234834835   0.8   0   0   1
3.49814682682685   0.8   0   0   1
3.50817017017019   0.8   0   0   1
3.51819351351353   0.8   0   0   1
3.52821685685688   0.8   0   0   1
3.53824020020022   0.8   0   0   1
3.54826354354356   0.8   0   0   1
3.55828688688691   0.8   0   0   1
3.56831023023025   0.8   0   0   1
3.57833357357359   0.8   0   0   1
3.58835691691694   0.8   0   0   1
3.59838026026028   0.8   0   0   1
3.60840360360362   0.8   0   0   1
3.61842694694697   0.8   0   0   1
3.62845029029031   0.8   0   0   1
3.63847363363366   0.8   0   0   1
3.648496976977   0.8   0   0   1
3.65852032032034   0.8   0   0   1
3.66854366366369   0.8   0   0   1
3.67856700700703   0.8   0   0   1
3.68859035035037   0.8   0   0   1
3.69861369369372   0.8   0   0   1
3.70863703703706   0.8   0   0   1
3.7186603803804   0.8   0   0   1
3.72868372372375   0.8   0   0   1
3.73870706706709   0.8   0   0   1
3.74873041041043   0.8   0   0   1
3.75875375375378   0.8   0   0   1
3.76877709709712   0.8   0   0   1
3.77880044044046   0.8   0   0   1
3.78882378378381   0.8   0   0   1
3.79884712712715   0.8   0   0   1
3.80887047047049   0.8   0   0   1
3.81889381381384   0.8   0   0   1
3.82891715715718   0.8   0   0   1
3.83894050050052   0.8   0   0   1
3.84896384384387   0.8   0   0   1
3.85898718718721   0.8   0   0   1
3.86901053053055   0.8   0   0   1
3.8790338738739   0.8   0   0   1
3.88905721721724   0.8   0   0   1
3.89908056056058   0.8   0   0   1
3.90910390390393   0.8   0   0   1
3.91912724724727   0.8   0   0   1
3.92915059059061   0.8   0   0   1
3.93917393393396   0.8   0   0   1
3.9491972772773   0.8   0   0   1
3.95922062062064   0.8   0   0   1
3.96924396396399   0.8   0   0   1
3.97926730730733   0.8   0   0   1
3.98929065065068   0.8   0   0   1
3.99931399399402   0.8   0   0   1
4.00933733733736   0.8   0   0   1
4.01936068068071   0.8   0   0   1
4.02938402402405   0.8   0   0   1
4.03940736736739   0.8   0   0   1
4.04943071071074   0.8   0   0   1
4.05945405405408   0.8   0   0   1
4.06947739739742   0.8   0   0   1
4.07950074074077   0.8   0   0   1
4.08952408408411   0.8   0   0   1
4.09954742742745   0.8   0   0   1
4.1095707707708   0.8   0   0   1
4.11959411411414   0.8   0   0   1
4.12961745745748   0.8   0   0   1
4.13964080080083   0.8   0   0   1
4.14966414414417   0.8   0   0   1
4.15968748748751   0.8   0   0   1
4.16971083083086   0.8   0   0   1
4.1797341741742   0.8   0   0   1
4.18975751751754   0.8   0   0   1
4.19978086086089   0.8   0   0   1
4.20980420420423   0.8   0   0   1
4.21982754754757   0.8   0   0   1
4.22985089089092   0.8   0   0   1
4.23987423423426   0.8   0   0   1
4.2498975775776   0.8   0   0   1
4.25992092092095   0.8   0   0   1
4.26994426426429   0.8   0   0   1
4.27996760760763   0.8   0   0   1
4.28999095095098   0.8   0   0   1
4.30001429429432   0.8   0   0   1
4.31003763763766   0.8   0   0   1
4.32006098098101   0.8   0   0   1
4.33008432432435   0.8   0   0   1
4.3401076676677   0.8   0   0   1
4.35013101101104   0.8   0   0   1
4.36015435435438   0.8   0   0   1
4.37017769769773   0.8   0   0   1
4.38020104104107   0.8   0   0   1
4.39022438438441   0.8   0   0   1
4.40024772772776   0.8   0   0   1
4.4102710710711   0.8   0   0   1
4.42029441441444   0.8   0   0   1
4.43031775775779   0.8   0   0   1
4.44034110110113   0.8   0   0   1
4.45036444444447   0.8   0   0   1
4.46038778778782   0.8   0   0   1
4.47041113113116   0.8   0   0   1
4.4804344744745   0.8   0   0   1
4.49045781781785   0.8   0   0   1
4.50048116116119   0.8   0   0   1
4.51050450450453   0.8   0   0   1
4.52052784784788   0.8   0   0   1
4.53055119119122   0.8   0   0   1
4.54057453453456   0.8   0   0   1
4.55059787787791   0.8   0   0   1
4.56062122122125   0.8   0   0   1
4.57064456456459   0.8   0   0   1
4.58066790790794   0.8   0   0   1
4.59069125125128   0.8   0   0   1
4.60071459459462   0.8   0   0   1
4.61073793793797   0.8   0   0   1
4.62076128128131   0.8   0   0   1
4.63078462462465   0.8   0   0   1
4.640807967968   0.8   0   0   1
4.65083131131134   0.8   0   0   1
4.66085465465468   0.8   0   0   1
4.67087799799803   0.8   0   0   1
4.68090134134137   0.8   0   0   1
4.69092468468472   0.8   0   0   1
4.70094802802806   0.8   0   0   1
4.7109713713714   0.8   0   0   1
4.72099471471475   0.8   0   0   1
4.73101805805809   0.8   0   0   1
4.74104140140143   0.8   0   0   1
4.75106474474478   0.8   0   0   1
4.76108808808812   0.8   0   0   1
4.77111143143146   0.8   0   0   1
4.78113477477481   0.8   0   0   1
4.79115811811815   0.8   0   0   1
4.80118146146149   0.8   0   0   1
4.81120480480484   0.8   0   0   1
4.82122814814818   0.8   0   0   1
4.83125149149152   0.8   0   0   1
4.84127483483487   0.8   0   0   1
4.85129817817821   0.8   0   0   1
4.86132152152155   0.8   0   0   1
4.8713448648649   0.8   0   0   1
4.88136820820824   0.8   0   0   1
4.89139155155158   0.8   0   0   1
4.90141489489493   0.8   0   0   1
4.91143823823827   0.8   0   0   1
4.92146158158161   0.8   0   0   1
4.93148492492496   0.8   0   0   1
4.9415082682683   0.8   0   0   1
4.95153161161164   0.8   0   0   1
4.96155495495499   0.8   0   0   1
4.97157829829833   0.8   0   0   1
4.98160164164167   0.8   0   0   1
4.99162498498502   0.8   0   0   1
5.00164832832836   0.8   0   0   1
5.0116716716717   0.8   0   0   1
5.02169501501505   0.8   0   0   1
5.03171835835839   0.8   0   0   1
5.04174170170173   0.8   0   0   1
5.05176504504508   0.8   0   0   1
5.06178838838842   0.8   0   0   1
5.07181173173177   0.8   0   0   1
5.08183507507511   0.8   0   0   1
5.09185841841845   0.8   0   0   1
5.1018817617618   0.8   0   0   1
5.11190510510514   0.8   0   0   1
5.12192844844848   0.8   0   0   1
5.13195179179183   0.8   0   0   1
5.14197513513517   0.8   0   0   1
5.15199847847851   0.8   0   0   1
5.16202182182186   0.8   0   0   1
5.1720451651652   0.8   0   0   1
5.18206850850854   0.8   0   0   1
5.19209185185189   0.8   0   0   1
5.20211519519523   0.8   0   0   1
5.21213853853857   0.8   0   0   1
5.22216188188192   0.8   0   0   1
5.23218522522526   0.8   0   0   1
5.2422085685686   0.8   0   0   1
5.25223191191195   0.8   0   0   1
5.26225525525529   0.8   0   0   1
5.27227859859863   0.8   0   0   1
5.28230194194198   0.8   0   0   1
5.29232528528532   0.8   0   0   1
5.30234862862866   0.8   0   0   1
5.31237197197201   0.8   0   0   1
5.32239531531535   0.8   0   0   1
5.33241865865869   0.8   0   0   1
5.34244200200204   0.8   0   0   1
5.35246534534538   0.8   0   0   1
5.36248868868872   0.8   0   0   1
5.37251203203207   0.8   0   0   1
5.38253537537541   0.8   0   0   1
5.39255871871875   0.8   0   0   1
5.4025820620621   0.8   0   0   1
5.41260540540544   0.8   0   0   1
5.42262874874879   0.8   0   0   1
5.43265209209213   0.8   0   0   1
5.44267543543547   0.8   0   0   1
5.45269877877882   0.8   0   0   1
5.46272212212216   0.8   0   0   1
5.4727454654655   0.8   0   0   1
5.48276880880885   0.8   0   0   1
5.49279215215219   0.8   0   0   1
5.50281549549553   0.8   0   0   1
5.51283883883888   0.8   0   0   1
5.52286218218222   0.8   0   0   1
5.53288552552556   0.8   0   0   1
5.54290886886891   0.8   0   0   1
5.55293221221225   0.8   0   0   1
5.56295555555559   0.8   0   0   1
5.57297889889894   0.8   0   0   1
5.58300224224228   0.8   0   0   1
5.59302558558562   0.8   0   0   1
5.60304892892897   0.8   0   0   1
5.61307227227231   0.8   0   0   1
5.62309561561565   0.8   0   0   1
5.633118958959   0.8   0   0   1
5.64314230230234   0.8   0   0   1
5.65316564564568   0.8   0   0   1
5.66318898898903   0.8   0   0   1
5.67321233233237   0.8   0   0   1
5.68323567567571   0.8   0   0   1
5.69325901901906   0.8   0   0   1
5.7032823623624   0.8   0   0   1
5.71330570570574   0.8   0   0   1
5.72332904904909   0.8   0   0   1
5.73335239239243   0.8   0   0   1
5.74337573573577   0.8   0   0   1
5.75339907907912   0.8   0   0   1
5.76342242242246   0.8   0   0   1
5.77344576576581   0.8   0   0   1
5.78346910910915   0.8   0   0   1
5.79349245245249   0.8   0   0   1
5.80351579579584   0.8   0   0   1
5.81353913913918   0.8   0   0   1
5.82356248248252   0.8   0   0   1
5.83358582582587   0.8   0   0   1
5.84360916916921   0.8   0   0   1
5.85363251251255   0.8   0   0   1
5.8636558558559   0.8   0   0   1
5.87367919919924   0.8   0   0   1
5.88370254254258   0.8   0   0   1
5.89372588588593   0.8   0   0   1
5.90374922922927   0.8   0   0   1
5.91377257257261   0.8   0   0   1
5.92379591591596   0.8   0   0   1
5.9338192592593   0.8   0   0   1
5.94384260260264   0.8   0   0   1
5.95386594594599   0.8   0   0   1
5.96388928928933   0.8   0   0   1
5.97391263263267   0.8   0   0   1
5.98393597597602   0.8   0   0   1
5.99395931931936   0.8   0   0   1
6.0039826626627   0.8   0   0   1
6.01400600600605   0.8   0   0   1
6.02402934934939   0.8   0   0   1
6.03405269269273   0.8   0   0   1
6.04407603603608   0.8   0   0   1
6.05409937937942   0.8   0   0   1
6.06412272272276   0.8   0   0   1
6.07414606606611   0.8   0   0   1
6.08416940940945   0.8   0   0   1
6.09419275275279   0.8   0   0   1
6.10421609609614   0.8   0   0   1
6.11423943943948   0.8   0   0   1
6.12426278278283   0.8   0   0   1
6.13428612612617   0.8   0   0   1
6.14430946946951   0.8   0   0   1
6.15433281281286   0.8   0   0   1
6.1643561561562   0.8   0   0   1
6.17437949949954   0.8   0   0   1
6.18440284284289   0.8   0   0   1
6.19442618618623   0.8   0   0   1
6.20444952952957   0.8   0   0   1
6.21447287287292   0.8   0   0   1
6.22449621621626   0.8   0   0   1
6.2345195595596   0.8   0   0   1
6.24454290290295   0.8   0   0   1
6.25456624624629   0.8   0   0   1
6.26458958958963   0.8   0   0   1
6.27461293293298   0.8   0   0   1
6.28463627627632   0.8   0   0   1
6.29465961961966   0.8   0   0   1
6.30468296296301   0.8   0   0   1
6.31470630630635   0.8   0   0   1
6.32472964964969   0.8   0   0   1
6.33475299299304   0.8   0   0   1
6.34477633633638   0.8   0   0   1
6.35479967967972   0.8   0   0   1
6.36482302302307   0.8   0   0   1
6.37484636636641   0.8   0   0   1
6.38486970970975   0.8   0   0   1
6.3948930530531   0.8   0   0   1
6.40491639639644   0.8   0   0   1
6.41493973973978   0.8   0   0   1
6.42496308308313   0.8   0   0   1
6.43498642642647   0.8   0   0   1
6.44500976976981   0.8   0   0   1
6.45503311311316   0.8   0   0   1
6.4650564564565   0.8   0   0   1
6.47507979979985   0.8   0   0   1
6.48510314314319   0.8   0   0   1
6.49512648648653   0.8   0   0   1
6.50514982982988   0.8   0   0   1
6.51517317317322   0.8   0   0   1
6.52519651651656   0.8   0   0   1
6.53521985985991   0.8   0   0   1
6.54524320320325   0.8   0   0   1
6.55526654654659   0.8   0   0   1
6.56528988988994   0.8   0   0   1
6.57531323323328   0.8   0   0   1
6.58533657657662   0.8   0   0   1
6.59535991991997   0.8   0   0   1
6.60538326326331   0.8   0   0   1
6.61540660660665   0.8   0   0   1
6.62542994995   0.8   0   0   1
6.63545329329334   0.8   0   0   1
6.64547663663668   0.8   0   0   1
6.65549997998003   0.8   0   0   1
6.66552332332337   0.8   0   0   1
6.67554666666671   0.8   0   0   1
6.68557001001006   0.8   0   0   1
6.6955933533534   0.8   0   0   1
6.70561669669674   0.8   0   0   1
6.71564004004009   0.8   0   0   1
6.72566338338343   0.8   0   0   1
6.73568672672677   0.8   0   0   1
6.74571007007012   0.8   0   0   1
6.75573341341346   0.8   0   0   1
6.7657567567568   0.8   0   0   1
6.77578010010015   0.8   0   0   1
6.78580344344349   0.8   0   0   1
6.79582678678683   0.8   0   0   1
6.80585013013018   0.8   0   0   1
6.81587347347352   0.8   0   0   1
6.82589681681686   0.8   0   0   1
6.83592016016021   0.8   0   0   1
6.84594350350355   0.8   0   0   1
6.8559668468469   0.8   0   0   1
6.86599019019024   0.8   0   0   1
6.87601353353358   0.8   0   0   1
6.88603687687693   0.8   0   0   1
6.89606022022027   0.8   0   0   1
6.90608356356361   0.8   0   0   1
6.91610690690696   0.8   0   0   1
6.9261302502503   0.8   0   0   1
6.93615359359364   0.8   0   0   1
6.94617693693699   0.8   0   0   1
6.95620028028033   0.8   0   0   1
6.96622362362367   0.8   0   0   1
6.97624696696702   0.8   0   0   1
6.98627031031036   0.8   0   0   1
6.9962936536537   0.8   0   0   1
7.00631699699705   0.8   0   0   1
7.01634034034039   0.8   0   0   1
7.02636368368373   0.8   0   0   1
7.03638702702708   0.8   0   0   1
7.04641037037042   0.8   0   0   1
7.05643371371376   0.8   0   0   1
7.06645705705711   0.8   0   0   1
7.07648040040045   0.8   0   0   1
7.08650374374379   0.8   0   0   1
7.09652708708714   0.8   0   0   1
7.10655043043048   0.8   0   0   1
7.11657377377382   0.8   0   0   1
7.12659711711717   0.8   0   0   1
7.13662046046051   0.8   0   0   1
7.14664380380385   0.8   0   0   1
7.1566671471472   0.8   0   0   1
7.16669049049054   0.8   0   0   1
7.17671383383388   0.8   0   0   1
7.18673717717723   0.8   0   0   1
7.19676052052057   0.8   0   0   1
7.20678386386392   0.8   0   0   1
7.21680720720726   0.8   0   0   1
7.2268305505506   0.8   0   0   1
7.23685389389395   0.8   0   0   1
7.24687723723729   0.8   0   0   1
7.25690058058063   0.8   0   0   1
7.26692392392398   0.8   0   0   1
7.27694726726732   0.8   0   0   1
7.28697061061066   0.8   0   0   1
7.29699395395401   0.8   0   0   1
7.30701729729735   0.8   0   0   1
7.31704064064069   0.8   0   0   1
7.32706398398404   0.8   0   0   1
7.33708732732738   0.8   0   0   1
7.34711067067072   0.8   0   0   1
7.35713401401407   0.8   0   0   1
7.36715735735741   0.8   0   0   1
7.37718070070075   0.8   0   0   1
7.3872040440441   0.8   0   0   1
7.39722738738744   0.8   0   0   1
7.40725073073078   0.8   0   0   1
7.41727407407413   0.8   0   0   1
7.42729741741747   0.8   0   0   1
7.43732076076081   0.8   0   0   1
7.44734410410416   0.8   0   0   1
7.4573674474475   0.8   0   0   1
7.46739079079084   0.8   0   0   1
7.47741413413419   0.8   0   0   1
7.48743747747753   0.8   0   0   1
7.49746082082087   0.8   0   0   1
7.50748416416422   0.8   0   0   1
7.51750750750756   0.8   0   0   1
7.5275308508509   0.8   0   0   1
7.53755419419425   0.8   0   0   1
7.54757753753759   0.8   0   0   1
7.55760088088094   0.8   0   0   1
7.56762422422428   0.8   0   0   1
7.57764756756762   0.8   0   0   1
7.58767091091097   0.8   0   0   1
7.59769425425431   0.8   0   0   1
7.60771759759765   0.8   0   0   1
7.617740940941   0.8   0   0   1
7.62776428428434   0.8   0   0   1
7.63778762762768   0.8   0   0   1
7.64781097097103   0.8   0   0   1
7.65783431431437   0.8   0   0   1
7.66785765765771   0.8   0   0   1
7.67788100100106   0.8   0   0   1
7.6879043443444   0.8   0   0   1
7.69792768768774   0.8   0   0   1
7.70795103103109   0.8   0   0   1
7.71797437437443   0.8   0   0   1
7.72799771771777   0.8   0   0   1
7.73802106106112   0.8   0   0   1
7.74804440440446   0.8   0   0   1
7.7580677477478   0.8   0   0   1
7.76809109109115   0.8   0   0   1
7.77811443443449   0.8   0   0   1
7.78813777777783   0.8   0   0   1
7.79816112112118   0.8   0   0   1
7.80818446446452   0.8   0   0   1
7.81820780780786   0.8   0   0   1
7.82823115115121   0.8   0   0   1
7.83825449449455   0.8   0   0   1
7.84827783783789   0.8   0   0   1
7.85830118118124   0.8   0   0   1
7.86832452452458   0.8   0   0   1
7.87834786786792   0.8   0   0   1
7.88837121121127   0.8   0   0   1
7.89839455455461   0.8   0   0   1
7.90841789789796   0.8   0   0   1
7.9184412412413   0.8   0   0   1
7.92846458458464   0.8   0   0   1
7.93848792792799   0.8   0   0   1
7.94851127127133   0.8   0   0   1
7.95853461461467   0.8   0   0   1
7.96855795795802   0.8   0   0   1
7.97858130130136   0.8   0   0   1
7.9886046446447   0.8   0   0   1
7.99862798798805   0.8   0   0   1
8.00865133133139   0.8   0   0   1
8.01867467467473   0.8   0   0   1
8.02869801801808   0.8   0   0   1
8.03872136136142   0.8   0   0   1
8.04874470470476   0.8   0   0   1
8.05876804804811   0.8   0   0   1
8.06879139139145   0.8   0   0   1
8.07881473473479   0.8   0   0   1
8.08883807807814   0.8   0   0   1
8.09886142142148   0.8   0   0   1
8.10888476476482   0.8   0   0   1
8.11890810810817   0.8   0   0   1
8.12893145145151   0.8   0   0   1
8.13895479479485   0.8   0   0   1
8.1489781381382   0.8   0   0   1
8.15900148148154   0.8   0   0   1
8.16902482482488   0.8   0   0   1
8.17904816816823   0.8   0   0   1
8.18907151151157   0.8   0   0   1
8.19909485485491   0.8   0   0   1
8.20911819819826   0.8   0   0   1
8.2191415415416   0.8   0   0   1
8.22916488488494   0.8   0   0   1
8.23918822822829   0.8   0   0   1
8.24921157157163   0.8   0   0   1
8.25923491491498   0.8   0   0   1
8.26925825825832   0.8   0   0   1
8.27928160160166   0.8   0   0   1
8.28930494494501   0.8   0   0   1
8.29932828828835   0.8   0   0   1
8.30935163163169   0.8   0   0   1
8.31937497497504   0.8   0   0   1
8.32939831831838   0.8   0   0   1
8.33942166166172   0.8   0   0   1
8.34944500500507   0.8   0   0   1
8.35946834834841   0.8   0   0   1
8.36949169169175   0.8   0   0   1
8.3795150350351   0.8   0   0   1
8.38953837837844   0.8   0   0   1
8.39956172172178   0.8   0   0   1
8.40958506506513   0.8   0   0   1
8.41960840840847   0.8   0   0   1
8.42963175175181   0.8   0   0   1
8.43965509509516   0.8   0   0   1
8.4496784384385   0.8   0   0   1
8.45970178178184   0.8   0   0   1
8.46972512512519   0.8   0   0   1
8.47974846846853   0.8   0   0   1
8.48977181181187   0.8   0   0   1
8.49979515515522   0.8   0   0   1
8.50981849849856   0.8   0   0   1
8.5198418418419   0.8   0   0   1
8.52986518518525   0.8   0   0   1
8.53988852852859   0.8   0   0   1
8.54991187187193   0.8   0   0   1
8.55993521521528   0.8   0   0   1
8.56995855855862   0.8   0   0   1
8.57998190190196   0.8   0   0   1
8.59000524524531   0.8   0   0   1
8.60002858858865   0.8   0   0   1
8.610051931932   0.8   0   0   1
8.62007527527534   0.8   0   0   1
8.63009861861868   0.8   0   0   1
8.64012196196203   0.8   0   0   1
8.65014530530537   0.8   0   0   1
8.66016864864871   0.8   0   0   1
8.67019199199206   0.8   0   0   1
8.6802153353354   0.8   0   0   1
8.69023867867874   0.8   0   0   1
8.70026202202209   0.8   0   0   1
8.71028536536543   0.8   0   0   1
8.72030870870877   0.8   0   0   1
8.73033205205212   0.8   0   0   1
8.74035539539546   0.8   0   0   1
8.7503787387388   0.8   0   0   1
8.76040208208215   0.8   0   0   1
8.77042542542549   0.8   0   0   1
8.78044876876883   0.8   0   0   1
8.79047211211218   0.8   0   0   1
8.80049545545552   0.8   0   0   1
8.81051879879886   0.8   0   0   1
8.82054214214221   0.8   0   0   1
8.83056548548555   0.8   0   0   1
8.84058882882889   0.8   0   0   1
8.85061217217224   0.8   0   0   1
8.86063551551558   0.8   0   0   1
8.87065885885892   0.8   0   0   1
8.88068220220227   0.8   0   0   1
8.89070554554561   0.8   0   0   1
8.90072888888895   0.8   0   0   1
8.9107522322323   0.8   0   0   1
8.92077557557564   0.8   0   0   1
8.93079891891898   0.8   0   0   1
8.94082226226233   0.8   0   0   1
8.95084560560567   0.8   0   0   1
8.96086894894901   0.8   0   0   1
8.97089229229236   0.8   0   0   1
8.9809156356357   0.8   0   0   1
8.99093897897905   0.8   0   0   1
9.00096232232239   0.8   0   0   1
9.01098566566573   0.8   0   0   1
9.02100900900908   0.8   0   0   1
9.03103235235242   0.8   0   0   1
9.04105569569576   0.8   0   0   1
9.05107903903911   0.8   0   0   1
9.06110238238245   0.8   0   0   1
9.07112572572579   0.8   0   0   1
9.08114906906914   0.8   0   0   1
9.09117241241248   0.8   0   0   1
9.10119575575582   0.8   0   0   1
9.11121909909917   0.8   0   0   1
9.12124244244251   0.8   0   0   1
9.13126578578585   0.8   0   0   1
9.1412891291292   0.8   0   0   1
9.15131247247254   0.8   0   0   1
9.16133581581588   0.8   0   0   1
9.17135915915923   0.8   0   0   1
9.18138250250257   0.8   0   0   1
9.19140584584591   0.8   0   0   1
9.20142918918926   0.8   0   0   1
9.2114525325326   0.8   0   0   1
9.22147587587594   0.8   0   0   1
9.23149921921929   0.8   0   0   1
9.24152256256263   0.8   0   0   1
9.25154590590597   0.8   0   0   1
9.26156924924932   0.8   0   0   1
9.27159259259266   0.8   0   0   1
9.281615935936   0.8   0   0   1
9.29163927927935   0.8   0   0   1
9.30166262262269   0.8   0   0   1
9.31168596596603   0.8   0   0   1
9.32170930930938   0.8   0   0   1
9.33173265265272   0.8   0   0   1
9.34175599599607   0.8   0   0   1
9.35177933933941   0.8   0   0   1
9.36180268268275   0.8   0   0   1
9.3718260260261   0.8   0   0   1
9.38184936936944   0.8   0   0   1
9.39187271271278   0.8   0   0   1
9.40189605605613   0.8   0   0   1
9.41191939939947   0.8   0   0   1
9.42194274274281   0.8   0   0   1
9.43196608608616   0.8   0   0   1
9.4419894294295   0.8   0   0   1
9.45201277277284   0.8   0   0   1
9.46203611611619   0.8   0   0   1
9.47205945945953   0.8   0   0   1
9.48208280280287   0.8   0   0   1
9.49210614614622   0.8   0   0   1
9.50212948948956   0.8   0   0   1
9.5121528328329   0.8   0   0   1
9.52217617617625   0.8   0   0   1
9.53219951951959   0.8   0   0   1
9.54222286286293   0.8   0   0   1
9.55224620620628   0.8   0   0   1
9.56226954954962   0.8   0   0   1
9.57229289289296   0.8   0   0   1
9.58231623623631   0.8   0   0   1
9.59233957957965   0.8   0   0   1
9.60236292292299   0.8   0   0   1
9.61238626626634   0.8   0   0   1
9.62240960960968   0.8   0   0   1
9.63243295295302   0.8   0   0   1
9.64245629629637   0.8   0   0   1
9.65247963963971   0.8   0   0   1
9.66250298298305   0.8   0   0   1
9.6725263263264   0.8   0   0   1
9.68254966966974   0.8   0   0   1
9.69257301301309   0.8   0   0   1
9.70259635635643   0.8   0   0   1
9.71261969969977   0.8   0   0   1
9.72264304304312   0.8   0   0   1
9.73266638638646   0.8   0   0   1
9.7426897297298   0.8   0   0   1
9.75271307307315   0.8   0   0   1
9.76273641641649   0.8   0   0   1
9.77275975975983   0.8   0   0   1
9.78278310310318   0.8   0   0   1
9.79280644644652   0.8   0   0   1
9.80282978978986   0.8   0   0   1
9.81285313313321   0.8   0   0   1
9.82287647647655   0.8   0   0   1
9.83289981981989   0.8   0   0   1
9.84292316316324   0.8   0   0   1
9.85294650650658   0.8   0   0   1
9.86296984984992   0.8   0   0   1
9.87299319319327   0.8   0   0   1
9.88301653653661   0.8   0   0   1
9.89303987987995   0.8   0   0   1
9.9030632232233   0.8   0   0   1
9.91308656656664   0.8   0   0   1
9.92310990990998   0.8   0   0   1
9.93313325325333   0.8   0   0   1
9.94315659659667   0.8   0   0   1
9.95317993994001   0.8   0   0   1
9.96320328328336   0.8   0   0   1
9.9732266266267   0.8   0   0   1
9.98324996997004   0.8   0   0   1
9.99327331331339   0.8   0   0   1
10.0032966566567   0.8   0   0   1
10.0133200000001   0.8   0   0   1
