variables = x,rho,u,v,p
0   3.8571   2.6293   0   10.3333
0.0100233433433433   3.8571   2.6293   0   10.3333
0.0200466866866867   3.8571   2.6293   0   10.3333
0.03007003003003   3.8571   2.6293   0   10.3333
0.0400933733733734   3.8571   2.6293   0   10.3333
0.0501167167167167   3.8571   2.6293   0   10.3333
0.0601400600600601   3.8571   2.6293   0   10.3333
0.0701634034034034   3.8571   2.6293   0   10.3333
0.0801867467467468   3.8571   2.6293   0   10.3333
0.0902100900900901   3.8571   2.6293   0   10.3333
0.100233433433433   3.8571   2.6293   0   10.3333
0.110256776776777   3.8571   2.6293   0   10.3333
0.12028012012012   3.8571   2.6293   0   10.3333
0.130303463463463   3.8571   2.6293   0   10.3333
0.140326806806807   3.8571   2.6293   0   10.3333
0.15035015015015   3.8571   2.6293   0   10.3333
0.160373493493494   3.8571   2.6293   0   10.3333
0.170396836836837   3.8571   2.6293   0   10.3333
0.18042018018018   3.8571   2.6293   0   10.3333
0.190443523523524   3.8571   2.6293   0   10.3333
0.200466866866867   3.8571   2.6293   0   10.3333
0.21049021021021   3.8571   2.6293   0   10.3333
0.220513553553554   3.8571   2.6293   0   10.3333
0.230536896896897   3.8571   2.6293   0   10.3333
0.24056024024024   3.8571   2.6293   0   10.3333
0.250583583583584   3.8571   2.6293   0   10.3333
0.260606926926927   3.8571   2.6293   0   10.3333
0.27063027027027   3.8571   2.6293   0   10.3333
0.280653613613614   3.8571   2.6293   0   10.3333
0.290676956956957   3.8571   2.6293   0   10.3333
0.3007003003003   3.8571   2.6293   0   10.3333
0.310723643643644   3.8571   2.6293   0   10.3333
0.320746986986987   3.8571   2.6293   0   10.3333
0.330770330330331   3.8571   2.6293   0   10.3333
0.340793673673674   3.8571   2.6293   0   10.3333
0.350817017017017   3.8571   2.6293   0   10.3333
0.360840360360361   3.8571   2.6293   0   10.3333
0.370863703703704   3.8571   2.6293   0   10.3333
0.380887047047047   3.8571   2.6293   0   10.3333
0.390910390390391   3.8571   2.6293   0   10.3333
0.400933733733734   3.8571   2.6293   0   10.3333
0.410957077077078   3.8571   2.6293   0   10.3333
0.420980420420421   3.8571   2.6293   0   10.3333
0.431003763763764   3.8571   2.6293   0   10.3333
0.441027107107108   3.8571   2.6293   0   10.3333
0.451050450450451   3.8571   2.6293   0   10.3333
0.461073793793794   3.8571   2.6293   0   10.3333
0.471097137137138   3.8571   2.6293   0   10.3333
0.481120480480481   3.8571   2.6293   0   10.3333
0.491143823823825   3.8571   2.6293   0   10.3333
0.501167167167168   3.8571   2.6293   0   10.3333
0.511190510510511   3.8571   2.6293   0   10.3333
0.521213853853855   3.8571   2.6293   0   10.3333
0.531237197197198   3.8571   2.6293   0   10.3333
0.541260540540541   3.8571   2.6293   -2.30997428544056e-16   10.3333
0.551283883883884   3.85709999999999   2.6293   -1.24401024491418e-16   10.3333
0.561307227227228   3.85709999999997   2.62930000000002   4.50317837971387e-17   10.3332999999998
0.571330570570571   3.85709999999991   2.62930000000005   -4.08323513552247e-16   10.3332999999996
0.581353913913914   3.8570999999998   2.62930000000012   -8.59443091949403e-17   10.3332999999991
0.591377257257258   3.85709999999959   2.62930000000024   9.45842892342489e-17   10.3332999999982
0.601400600600601   3.85709999999919   2.62930000000048   3.51744410264313e-16   10.3332999999964
0.611423943943944   3.85709999999841   2.62930000000094   3.54881795200288e-16   10.3332999999929
0.621447287287288   3.85709999999691   2.62930000000181   1.46154364760823e-16   10.3332999999863
0.631470630630631   3.85709999999407   2.62930000000347   2.24027342755479e-16   10.3332999999738
0.641493973973974   3.85709999998874   2.62930000000659   1.50050616841755e-16   10.3332999999503
0.651517317317318   3.85709999997879   2.62930000001238   1.24367151003425e-16   10.3332999999066
0.661540660660661   3.85709999996042   2.62930000002306   -5.38102934940565e-18   10.3332999998261
0.671564004004004   3.85709999992678   2.62930000004257   1.96427200850262e-16   10.3332999996791
0.681587347347348   3.85709999986578   2.62930000007786   3.01862226745115e-17   10.3332999994131
0.691610690690691   3.85709999975614   2.62930000014113   -2.14666898415598e-16   10.3332999989363
0.701634034034034   3.8570999995609   2.62930000025357   -3.24936243169492e-16   10.3332999980893
0.711657377377378   3.85709999921638   2.62930000045151   -1.77818304121764e-16   10.3332999965983
0.721680720720721   3.85709999861404   2.62930000079678   2.60058423054313e-16   10.333299993998
0.731704064064064   3.85709999757061   2.62930000139351   5.30716733176927e-16   10.3332999895045
0.741727407407408   3.85709999577973   2.62930000241535   6.29064603433933e-16   10.333299981811
0.751750750750751   3.8570999927343   2.629300004149   7.85992650619899e-16   10.3332999687602
0.761774094094094   3.85709998760334   2.62930000706312   6.77721390010185e-16   10.3332999468264
0.771797437437437   3.85709997903864   2.62930001191618   7.71448448570669e-16   10.3332999103042
0.781820780780781   3.85709996487483   2.62930001992332   7.10285086490014e-16   10.3332998500548
0.791844124124124   3.85709994166904   2.62930003301172   8.56429585116096e-16   10.3332997515867
0.801867467467467   3.85709990400265   2.62930005420684   7.044648844697e-16   10.3332995921536
0.811890810810811   3.85709984343426   2.62930008820996   6.39517617204558e-16   10.3332993364153
0.821914154154154   3.85709974694792   2.62930014225165   7.47889828129643e-16   10.3332989300281
0.831937497497497   3.85709959468051   2.62930022733791   8.36889350297798e-16   10.3332982902861
0.841960840840841   3.85709935663344   2.62930036004804   1.01674612834075e-15   10.3332972926228
0.851984184184184   3.85709898797257   2.62930056509649   1.07755219183244e-15   10.3332957513805
0.862007527527527   3.85709842239361   2.62930087893796   9.18319393540238e-16   10.3332933927526
0.872030870870871   3.85709756287529   2.62930135477629   9.50627061117914e-16   10.3332898171989
0.882054214214214   3.85709626895798   2.62930206943319   9.10729604846759e-16   10.3332844479153
0.892077557557557   3.85709433947367   2.62930313264252   9.19898050867027e-16   10.3332764611215
0.902100900900901   3.85709148941861   2.6293046994548   1.19067142132145e-15   10.3332646930404
0.912124244244244   3.85708731941409   2.6293069865606   1.42786703582365e-15   10.3332475175187
0.922147587587587   3.85708127596038   2.62931029345895   1.40042459021172e-15   10.3332226873614
0.932170930930931   3.85707260048017   2.62931502949607   1.55644240752135e-15   10.3331871317188
0.942194274274274   3.85706026500382   2.62932174786066   1.32032167843995e-15   10.3331367014174
0.952217617617617   3.85704289231354   2.62933118762359   1.11131686289486e-15   10.3330658541272
0.96224096096096   3.85701865848831   2.62934432482468   1.15491841268651e-15   10.3329672719148
0.972264304304304   3.85698517613078   2.62936243341006   1.60267348660792e-15   10.3328314052485
0.982287647647647   3.85693935716959   2.62938715648199   1.5290135714503e-15   10.3326459401136
0.99231099099099   3.85687725506457   2.62942058781592   1.5881174059359e-15   10.3323951887381
1.00233433433433   3.85679388753288   2.62946536291287   1.979332073271e-15   10.3320594096362
1.01235767767768   3.85668304257054   2.62952475798791   2.07288182986444e-15   10.3316140692469
1.02238102102102   3.85653707253758   2.62960279426844   2.4138266738881e-15   10.3310290652412
1.03240436436436   3.85634668333117   2.6297043438331   2.77812637065007e-15   10.330267940261
1.04242770770771   3.85610072806141   2.62983523203389   3.26078852202805e-15   10.3292871238975
1.05245105105105   3.85578601698439   2.63000233041106   3.73033687429709e-15   10.3280352493814
1.06247439439439   3.85538715750463   2.63021363305129   3.97951648361224e-15   10.3264525988132
1.07249773773774   3.85488643956758   2.6304783086904   4.58968397407738e-15   10.3244707357899
1.08252108108108   3.85426378244902   2.63080672065494   5.43856276610541e-15   10.3220123859408
1.09254442442442   3.85349675856397   2.63121040708744   6.00804085487347e-15   10.3189916232757
1.10256776776777   3.85256070827981   2.63170201488368   6.53747894856447e-15   10.3153144127377
1.11259111111111   3.85142895674571   2.63229518240783   6.97028533697182e-15   10.3108795467347
1.12261445445445   3.85007313949521   2.63300436829303   7.24757406309478e-15   10.3055799960232
1.1326377977978   3.84846363824239   2.63384462635635   7.56930114585207e-15   10.2993046740337
1.14266114114114   3.84657012222018   2.63483132966787   7.66819022640131e-15   10.2919405899964
1.15268448448449   3.84436218406767   2.63597984986856   7.72281379127587e-15   10.2833753419381
1.16270782782783   3.84181005319765   2.63730520066555   8.08847963669526e-15   10.2734998778621
1.17273117117117   3.83888536431032   2.6388216567865   8.03569116327918e-15   10.2622114342923
1.18275451451452   3.83556195474928   2.64054236133257   8.01244514531853e-15   10.2494165476399
1.19277785785786   3.83181666208142   2.64247893528732   7.72061793029206e-15   10.235034026822
1.2028012012012   3.82763009281365   2.64464110286246   7.50104246445065e-15   10.2189977757947
1.21282454454455   3.82298733453351   2.64703634543206   7.24491091397598e-15   10.2012593619821
1.22284788788789   3.81787858678354   2.64966959515457   6.79309276425169e-15   10.1817902400817
1.23287123123123   3.81229969030012   2.65254297720121   6.57185288499283e-15   10.1605835589113
1.24289457457458   3.80625253940368   2.65565560703997   6.15528530402385e-15   10.1376554999679
1.25291791791792   3.79974536781031   2.65900344671025   5.77100412704972e-15   10.1130461181857
1.26294126126126   3.79279290344687   2.66257922169341   5.46126611466089e-15   10.0868196761004
1.27296460460461   3.78541639256402   2.66637239802376   5.34481272590451e-15   10.0590644806609
1.28298794794795   3.77764349723054   2.67036921781967   5.36691290520618e-15   10.0298922461044
1.29301129129129   3.76950807296657   2.67455279050835   5.56208441086014e-15   9.99943701599959
1.30303463463464   3.76104983477704   2.67890323666618   5.76205566689106e-15   9.96785368265999
1.31305797797798   3.75231392025689   2.68339788153625   6.4737548337723e-15   9.9353161430129
1.32308132132132   3.74335035794688   2.6880114958012   6.38244604511139e-15   9.90201512748262
1.33310466466467   3.73421344800511   2.69271658192609   7.10901622166623e-15   9.86815573362965
1.34312800800801   3.72496106087529   2.69748370515917   7.30573437627869e-15   9.83395469051317
1.35315135135135   3.71565385836655   2.70228186888271   7.50610749879548e-15   9.7996373744643
1.3631746946947   3.70635444081222   2.70707893423555   7.38066014141988e-15   9.76543459362932
1.37319803803804   3.69712642412815   2.71184208358378   7.28903669095455e-15   9.7315791586187
1.38322138138138   3.6880334519688   2.71653832632903   6.70776837789656e-15   9.69830226100385
1.39324472472473   3.67913815101028   2.72113504359995   6.22087536443971e-15   9.66582969098482
1.40326806806807   3.67050104175228   2.72560056553936   5.80683863719198e-15   9.63437794052195
1.41329141141141   3.66217942301128   2.72990477125673   5.42378347745972e-15   9.6041502580836
1.42331475475476   3.65422625511769   2.73401969728364   5.23131060366262e-15   9.57533274457226
1.4333380980981   3.64668907410896   2.73792013592035   4.895105321939e-15   9.54809060468659
1.44336144144144   3.63960897605145   2.74158420071914   4.84899567631913e-15   9.52256469082272
1.45338478478479   3.63301971595183   2.74499383314793   5.14242541168109e-15   9.49886849382886
1.46340812812813   3.62694696837976   2.74813522289473   5.8363621997296e-15   9.47708574248186
1.47343147147147   3.62140779585423   2.75099911492204   6.45587571484516e-15   9.45726876781853
1.48345481481482   3.61641036548137   2.75358097969034   7.02772962613461e-15   9.439437766889
1.49347815815816   3.61195394400954   2.75588102906159   7.43765141394814e-15   9.42358106238463
1.50350150150151   3.60802918677959   2.75790406899472   8.06670174679043e-15   9.4096564015294
1.51352484484485   3.60461871809827   2.75965919056773   8.33190794038479e-15   9.39759327370447
1.52354818818819   3.60169798107652   2.76115931205551   8.48859563893228e-15   9.38729615775125
1.53357153153154   3.59923631609103   2.76242059549671   8.47103380484762e-15   9.37864854437723
1.54359487487488   3.59719821096225   2.76346177011353   8.97402631015708e-15   9.37151752436321
1.55361821821822   3.59554465462792   2.7643034010256   9.60034821134994e-15   9.36575869600772
1.56364156156157   3.59423452084445   2.76496714422958   9.65782771489129e-15   9.36122112984576
1.57366490490491   3.59322590975648   2.76547502760688   9.84078163404325e-15   9.35775213654674
1.58368824824825   3.59247738263578   2.76584879309057   9.73499194167561e-15   9.35520161328252
1.5937115915916   3.59194903752785   2.76610932782067   9.60270450568671e-15   9.35342579029796
1.60373493493494   3.59160338923978   2.76627620316744   9.4025430360051e-15   9.35229025662507
1.61375827827828   3.59140603410962   2.76636733102415   9.24024515085304e-15   9.35167220486951
1.62378162162163   3.591326096451   2.76639873779319   8.87999592252203e-15   9.35146189317233
1.63380496496497   3.59133646793   2.76638444882819   8.34726990567027e-15   9.35156337249525
1.64382830830831   3.59141386235667   2.76633647026986   7.6840798583242e-15   9.35189456576776
1.65385165165166   3.59153871594955   2.76626485144241   7.60520377101476e-15   9.35238681058107
1.663874994995   3.59169496704191   2.76617780920739   7.76602240559241e-15   9.35298398918599
1.67389833833834   3.59186974982363   2.76608189564742   8.07102589187039e-15   9.35364137007828
1.68392168168169   3.59205303468728   2.7659821917946   8.47614713317872e-15   9.35432427683205
1.69394502502503   3.59223724383119   2.76588251240057   8.34986087721333e-15   9.35500668484177
1.70396836836837   3.59241686572786   2.76578560955264   8.27921716442915e-15   9.35566982799076
1.71399171171172   3.59258808657502   2.7656933659139   8.02953091703972e-15   9.35630087738739
1.72401505505506   3.59274845145463   2.76560697122542   7.77619833043349e-15   9.35689173509791
1.7340383983984   3.592896563024   2.76552707826012   7.85727747811029e-15   9.35743796859796
1.74406174174175   3.59303182139022   2.76545393654756   7.82131758023198e-15   9.35793789725682
1.75408508508509   3.59315420547672   2.76538750385233   7.6007000913327e-15   9.3583918308891
1.76410842842843   3.59326409367593   2.76532753659261   7.32720459129241e-15   9.35880145222658
1.77413177177178   3.59336211981246   2.76527366117436   7.4413959161177e-15   9.35916932979502
1.78415511511512   3.59344905928795   2.76522542865431   7.19377771935782e-15   9.35949854469787
1.79417845845846   3.59352573958719   2.7651823553057   7.07408380691179e-15   9.35979241371425
1.80420180180181   3.59359296893679   2.76514395161623   6.8800333660011e-15   9.36005429142189
1.81422514514515   3.59365147667322   2.7651097420655   6.97523743903108e-15   9.36028743530353
1.82424848848849   3.59370185866776   2.76507927776354   6.52060261914419e-15   9.3604949196088
1.83427183183184   3.59374452087042   2.76505214372871   6.46101634679288e-15   9.36067958581958
1.84429517517518   3.59377961360601   2.76502796227392   5.9860532481692e-15   9.3608440196809
1.85431851851853   3.59380694865549   2.76500639367746   5.70873732434698e-15   9.36099054676017
1.86434186186187   3.59382589040131   2.76498713505266   5.65143003490955e-15   9.36112124028995
1.87436520520521   3.59383521147379   2.76496991810529   5.21943165959774e-15   9.36123793658918
1.88438854854856   3.59383290252865   2.76495450628129   4.54547471114431e-15   9.36134225463082
1.8944118918919   3.59381592519372   2.76494069165834   3.73300994670848e-15   9.36143561734384
1.90443523523524   3.59377989708073   2.764928291819   3.0529098357876e-15   9.36151927302718
1.91445857857859   3.59371869835212   2.7649171468561   2.20994232426745e-15   9.36159431584839
1.92448192192193   3.59362399098062   2.76490711659792   1.32469027013209e-15   9.36166170483153
1.93450526526527   3.59348464486649   2.76489807809602   5.46162086177157e-16   9.36172228104265
1.94452860860862   3.59328606967986   2.76488992338866   -3.47725169596228e-16   9.36177678288596
1.95455195195196   3.59300945789225   2.76488255753387   -1.30841982923698e-15   9.36182585955369
1.9645752952953   3.59263095303807   2.76487589689448   -2.14872548083593e-15   9.36187008275012
1.97459863863865   3.59212076770083   2.76486986765215   -2.68634167447264e-15   9.36190995684977
1.98462198198199   3.59144228770362   2.76486440452464   -3.1904004033751e-15   9.36194592766472
1.99464532532533   3.59055121187076   2.76485944966134   -3.35765299124648e-15   9.36197838999494
2.00466866866868   3.58939478959047   2.76485495169289   -2.99379241261135e-15   9.36200769412554
2.01469201201202   3.58791123004101   2.76485086491359   -2.51073017551499e-15   9.36203415141929
2.02471535535536   3.58602936591343   2.76484714857727   -2.19774038205681e-15   9.36205803913602
2.03473869869871   3.58366865922411   2.76484376629004   -1.48817719350376e-15   9.36207960459306
2.04476204204205   3.58073963583044   2.76484068548565   -6.62398298723049e-16   9.3620990687646
2.05478538538539   3.57714482721791   2.76483787697134   5.40884529380646e-16   9.36211662940334
2.06480872872874   3.57278028208431   2.76483531453383   1.23317824101066e-15   9.36213246375444
2.07483207207208   3.56753768586373   2.76483297459673   2.21481530694886e-15   9.36214673092088
2.08485541541542   3.56130709401386   2.76483083592217   3.49155986477498e-15   9.36215957392953
2.09487875875877   3.55398024589373   2.76482887935026   4.3727943629405e-15   9.36217112153932
2.10490210210211   3.54545438252327   2.76482708757134   5.1494361923723e-15   9.36218148982601
2.11492544544545   3.53563644637997   2.76482544492634   5.24788171611525e-15   9.3621907835728
2.1249487887888   3.5244474982193   2.76482393723157   5.23799074385669e-15   9.36219909749126
2.13497213213214   3.51182714861294   2.76482255162461   5.20697500303116e-15   9.36220651729335
2.14499547547548   3.49773777438374   2.76482127642849   5.32580345909993e-15   9.36221312063272
2.15501881881883   3.48216827586286   2.76482010103157   5.01744735958101e-15   9.36221897793048
2.16504216216217   3.46513713257058   2.76481901578122   4.8208962519313e-15   9.36222415309915
2.17506550550551   3.44669453402022   2.76481801188923   4.22883592066717e-15   9.36222870417694
2.18508884884886   3.42692339892104   2.76481708134742   3.43625963208992e-15   9.36223268388293
2.1951121921922   3.40593914860264   2.76481621685206   2.39758973408013e-15   9.36223614010292
2.20513553553555   3.3838881659616   2.7648154117359   1.51591247361299e-15   9.36223911631491
2.21515887887889   3.36094494526896   2.76481465990675   7.15150214237949e-16   9.36224165196186
2.22518222222223   3.33730801542513   2.76481395579172   -1.13441898384815e-16   9.36224378277931
2.23520556556558   3.31319479384958   2.76481329428652   -5.93283619610683e-16   9.36224554108415
2.24522890890892   3.28883559432694   2.76481267070895   -1.29632228342473e-15   9.36224695603045
2.25525225225226   3.26446706457132   2.7648120807563   -2.03214237179708e-15   9.36224805383749
2.26527559559561   3.24032536388178   2.76481152046613   -2.58493389140799e-15   9.36224885799434
2.27529893893895   3.21663940539799   2.76481098618004   -2.86940726261522e-15   9.36224938944491
2.28532228228229   3.19362448020942   2.76481047451017   -2.90936586652345e-15   9.36224966675646
2.29534562562564   3.1714765528012   2.76480998230815   -2.94399112151055e-15   9.36224970627409
2.30536896896898   3.15036747158888   2.76480950663627   -3.42348405427078e-15   9.36224952226307
2.31539231231232   3.13044127854933   2.76480904474067   -3.4414544466229e-15   9.36224912704038
2.32541565565567   3.11181173312952   2.7648085940263   -3.34229407900983e-15   9.36224853109628
2.33543899899901   3.09456109313508   2.76480815203359   -3.40559384722782e-15   9.36224774320603
2.34546234234235   3.07874012457951   2.76480771641635   -3.24100306104636e-15   9.36224677053215
2.3554856856857   3.06436924842964   2.7648072849211   -3.11204073257642e-15   9.36224561871602
2.36550902902904   3.05144067884175   2.76480685536705   -3.05535543647386e-15   9.3622442919582
2.37553237237238   3.03992136769856   2.76480642562676   -3.22841711690323e-15   9.36224279308503
2.38555571571573   3.02975654556754   2.76480599360671   -3.71147682726993e-15   9.36224112359825
2.39557905905907   3.02087363981777   2.7648055572267   -3.7613590109433e-15   9.36223928370106
2.40560240240241   3.01318635555991   2.7648051143967   -4.05438682440044e-15   9.36223727228915
2.41562574574576   3.00659872232957   2.76480466298771   -4.35419605391973e-15   9.36223508688497
2.4256490890891   3.00100893632991   2.7648042007911   -4.5132086906602e-15   9.36223272347435
2.43567243243244   2.99631286150726   2.76480372545542   -4.98531786411571e-15   9.36223017616764
2.44569577577579   2.99240708959412   2.76480323438016   -5.51963232516886e-15   9.36222743653727
2.45571911911913   2.98919149654765   2.76480272452726   -6.05481522786462e-15   9.36222449234903
2.46574246246247   2.98657126797287   2.76480219207568   -6.51519713439928e-15   9.36222132514746
2.47576580580582   2.98445839712817   2.76480163177658   -6.95009993662882e-15   9.36221790566564
2.48578914914916   2.98277268455367   2.76480103573767   -7.36145717096633e-15   9.36221418509359
2.4958124924925   2.98144228742322   2.76480039111803   -7.79169154015433e-15   9.36221007845381
2.50583583583585   2.9804038790851   2.76479967574483   -8.2379942206704e-15   9.36220543292486
2.51585917917919   2.97960248495398   2.76479884976445   -8.73487014221136e-15   9.36219996745247
2.52588252252253   2.97899106006383   2.76479783972792   -8.82942155924475e-15   9.36219315758429
2.53590586586588   2.97852986600858   2.76479650824125   -8.96836722282211e-15   9.36218401580178
2.54592920920922   2.97818568959853   2.76479459607622   -8.92139673823125e-15   9.36217067248453
2.55595255255257   2.97793091931334   2.76479161174174   -9.1704183244762e-15   9.36214957653791
2.56597589589591   2.97774245170113   2.76478662082594   -8.7884677053188e-15   9.36211397047587
2.57599923923925   2.97760032417676   2.76477784413632   -8.75373153818453e-15   9.36205098149199
2.5860225825826   2.97748583540629   2.76476189110601   -8.56084998714814e-15   9.36193607262912
2.59604592592594   2.97737866582276   2.76473229745712   -8.54852416065381e-15   9.36172245901207
2.60606926926928   2.97725204567008   2.76467673575128   -8.71517629732789e-15   9.36132092279722
2.61609261261263   2.97706413966082   2.76457169461036   -8.53112359840391e-15   9.36056132455644
2.62611595595597   2.97674215232615   2.76437233001462   -8.49623135040525e-15   9.35911924070397
2.63613929929931   2.97615250058116   2.76399310956427   -8.56507285364338e-15   9.35637622506314
2.64616264264266   2.9750444281597   2.76327090246637   -8.66714245953658e-15   9.35115398992528
2.656185985986   2.97294321861572   2.76189461439151   -8.95684048536886e-15   9.34121001744223
2.66620932932934   2.96894838464397   2.75927111481964   -8.69405476564667e-15   9.32228508891908
2.67623267267269   2.96135480663431   2.75427003945033   -8.57025958552046e-15   9.28632134644157
2.68625601601603   2.9469514475609   2.7447390219579   -8.35709925332569e-15   9.21818879890047
2.69627935935937   2.9197598093241   2.7265866070453   -8.06788095157061e-15   9.08988831960304
2.70630270270272   2.86889604898695   2.69206237962757   -8.02988492934769e-15   8.85105606221209
2.71632604604606   2.77541435855102   2.6265957665367   -7.74173747741692e-15   8.41610617170071
2.7263493893894   2.60927552823371   2.50328185806221   -7.31274127595221e-15   7.65611385330751
2.73637273273275   2.33219341644062   2.27475031300156   -6.47043676179253e-15   6.42719194523307
2.74639607607609   1.92200860279577   1.86908888507563   -4.86669533222277e-15   4.70511619543145
2.75641941941943   1.43387305877356   1.23137157362082   -2.53435257683794e-15   2.84332754302544
2.76644276276278   1.03597990423704   0.511474169460493   -5.97732597788316e-16   1.55826477201135
2.77646610610612   0.851897005542403   0.109965886310452   -1.48218840603531e-17   1.09935127991259
2.78648944944946   0.807662134462014   0.0157788965419647   -3.41594536052177e-20   1.01357270656961
2.79651279279281   0.801000473399701   0.00205613315176674   -6.10687298945689e-24   1.00175338695554
2.80653613613615   0.800128501914643   0.000264080241903526   -9.30031187328575e-29   1.00022492000968
2.81655947947949   0.800016472483552   3.3852022614313e-05   -1.34988038277567e-34   1.00002882752966
2.82658282282284   0.800002111058172   4.33836083075513e-06   -1.88955481175504e-41   1.00000369436302
2.83660616616618   0.800000270537463   5.55971943439699e-07   -2.48035875476919e-49   1.00000047344074
2.84662950950952   0.800000034669916   7.12489156681663e-08   -2.83158524828416e-58   1.00000006067235
2.85665285285287   0.800000004443015   9.13068441134425e-09   -2.66841543686704e-68   1.00000000777528
2.86667619619621   0.800000000569381   1.1701138895702e-09   -1.84568300302659e-79   1.00000000099641
2.87669953953955   0.800000000072967   1.49951636595584e-10   -5.07843552727631e-92   1.00000000012769
2.8867228828829   0.800000000009351   1.92159447308092e-11   9.09135162072506e-105   1.00000000001636
2.89674622622624   0.800000000001198   2.46211366176033e-12   1.88632560057468e-118   1.0000000000021
2.90676956956958   0.800000000000153   3.15194306628635e-13   2.12405155918004e-133   1.00000000000027
2.91679291291293   0.80000000000002   4.01699632760681e-14   1.72111149825311e-149   1.00000000000003
2.92681625625627   0.800000000000002   4.98765174813609e-15   1.05918818310982e-166   1
2.93683959959962   0.8   5.2959214704058e-16   4.89622996462279e-185   1
2.94686294294296   0.8   3.95217911472182e-17   1.34696812085943e-204   1
2.9568862862863   0.8   0   0   1
2.96690962962965   0.8   0   0   1
2.97693297297299   0.8   0   0   1
2.98695631631633   0.8   0   0   1
2.99697965965968   0.8   0   0   1
3.00700300300302   0.8   0   0   1
3.01702634634636   0.8   0   0   1
3.02704968968971   0.8   0   0   1
3.03707303303305   0.8   0   0   1
3.04709637637639   0.8   0   0   1
3.05711971971974   0.8   0   0   1
3.06714306306308   0.8   0   0   1
3.07716640640642   0.8   0   0   1
3.08718974974977   0.8   0   0   1
3.09721309309311   0.8   0   0   1
3.10723643643645   0.8   0   0   1
3.1172597797798   0.8   0   0   1
3.12728312312314   0.8   0   0   1
3.13730646646648   0.8   0   0   1
3.14732980980983   0.8   0   0   1
3.15735315315317   0.8   0   0   1
3.16737649649651   0.8   0   0   1
3.17739983983986   0.8   0   0   1
3.1874231831832   0.8   0   0   1
3.19744652652654   0.8   0   0   1
3.20746986986989   0.8   0   0   1
3.21749321321323   0.8   0   0   1
3.22751655655657   0.8   0   0   1
3.23753989989992   0.8   0   0   1
3.24756324324326   0.8   0   0   1
3.2575865865866   0.8   0   0   1
3.26760992992995   0.8   0   0   1
3.27763327327329   0.8   0   0   1
3.28765661661664   0.8   0   0   1
3.29767995995998   0.8   0   0   1
3.30770330330332   0.8   0   0   1
3.31772664664667   0.8   0   0   1
3.32774998999001   0.8   0   0   1
3.33777333333335   0.8   0   0   1
3.3477966766767   0.8   0   0   1
3.35782002002004   0.8   0   0   1
3.36784336336338   0.8   0   0   1
3.37786670670673   0.8   0   0   1
3.38789005005007   0.8   0   0   1
3.39791339339341   0.8   0   0   1
3.40793673673676   0.8   0   0   1
3.4179600800801   0.8   0   0   1
3.42798342342344   0.8   0   0   1
3.43800676676679   0.8   0   0   1
3.44803011011013   0.8   0   0   1
3.45805345345347   0.8   0   0   1
3.46807679679682   0.8   0   0   1
3.47810014014016   0.8   0   0   1
3.4881234834835   0.8   0   0   1
3.49814682682685   0.8   0   0   1
3.50817017017019   0.8   0   0   1
3.51819351351353   0.8   0   0   1
3.52821685685688   0.8   0   0   1
3.53824020020022   0.8   0   0   1
3.54826354354356   0.8   0   0   1
3.55828688688691   0.8   0   0   1
3.56831023023025   0.8   0   0   1
3.57833357357359   0.8   0   0   1
3.58835691691694   0.8   0   0   1
3.59838026026028   0.8   0   0   1
3.60840360360362   0.8   0   0   1
3.61842694694697   0.8   0   0   1
3.62845029029031   0.8   0   0   1
3.63847363363366   0.8   0   0   1
3.648496976977   0.8   0   0   1
3.65852032032034   0.8   0   0   1
3.66854366366369   0.8   0   0   1
3.67856700700703   0.8   0   0   1
3.68859035035037   0.8   0   0   1
3.69861369369372   0.8   0   0   1
3.70863703703706   0.8   0   0   1
3.7186603803804   0.8   0   0   1
3.72868372372375   0.8   0   0   1
3.73870706706709   0.8   0   0   1
3.74873041041043   0.8   0   0   1
3.75875375375378   0.8   0   0   1
3.76877709709712   0.8   0   0   1
3.77880044044046   0.8   0   0   1
3.78882378378381   0.8   0   0   1
3.79884712712715   0.8   0   0   1
3.80887047047049   0.8   0   0   1
3.81889381381384   0.8   0   0   1
3.82891715715718   0.8   0   0   1
3.83894050050052   0.8   0   0   1
3.84896384384387   0.8   0   0   1
3.85898718718721   0.8   0   0   1
3.86901053053055   0.8   0   0   1
3.8790338738739   0.8   0   0   1
3.88905721721724   0.8   0   0   1
3.89908056056058   0.8   0   0   1
3.90910390390393   0.8   0   0   1
3.91912724724727   0.8   0   0   1
3.92915059059061   0.8   0   0   1
3.93917393393396   0.8   0   0   1
3.9491972772773   0.8   0   0   1
3.95922062062064   0.8   0   0   1
3.96924396396399   0.8   0   0   1
3.97926730730733   0.8   0   0   1
3.98929065065068   0.8   0   0   1
3.99931399399402   0.8   0   0   1
4.00933733733736   0.8   0   0   1
4.01936068068071   0.8   0   0   1
4.02938402402405   0.8   0   0   1
4.03940736736739   0.8   0   0   1
4.04943071071074   0.8   0   0   1
4.05945405405408   0.8   0   0   1
4.06947739739742   0.8   0   0   1
4.07950074074077   0.8   0   0   1
4.08952408408411   0.8   0   0   1
4.09954742742745   0.8   0   0   1
4.1095707707708   0.8   0   0   1
4.11959411411414   0.8   0   0   1
4.12961745745748   0.8   0   0   1
4.13964080080083   0.8   0   0   1
4.14966414414417   0.8   0   0   1
4.15968748748751   0.8   0   0   1
4.16971083083086   0.8   0   0   1
4.1797341741742   0.8   0   0   1
4.18975751751754   0.8   0   0   1
4.19978086086089   0.8   0   0   1
4.20980420420423   0.8   0   0   1
4.21982754754757   0.8   0   0   1
4.22985089089092   0.8   0   0   1
4.23987423423426   0.8   0   0   1
4.2498975775776   0.8   0   0   1
4.25992092092095   0.8   0   0   1
4.26994426426429   0.8   0   0   1
4.27996760760763   0.8   0   0   1
4.28999095095098   0.8   0   0   1
4.30001429429432   0.8   0   0   1
4.31003763763766   0.8   0   0   1
4.32006098098101   0.8   0   0   1
4.33008432432435   0.8   0   0   1
4.3401076676677   0.8   0   0   1
4.35013101101104   0.8   0   0   1
4.36015435435438   0.8   0   0   1
4.37017769769773   0.8   0   0   1
4.38020104104107   0.8   0   0   1
4.39022438438441   0.8   0   0   1
4.40024772772776   0.8   0   0   1
4.4102710710711   0.8   0   0   1
4.42029441441444   0.8   0   0   1
4.43031775775779   0.8   0   0   1
4.44034110110113   0.8   0   0   1
4.45036444444447   0.8   0   0   1
4.46038778778782   0.8   0   0   1
4.47041113113116   0.8   0   0   1
4.4804344744745   0.8   0   0   1
4.49045781781785   0.8   0   0   1
4.50048116116119   0.8   0   0   1
4.51050450450453   0.8   0   0   1
4.52052784784788   0.8   0   0   1
4.53055119119122   0.8   0   0   1
4.54057453453456   0.8   0   0   1
4.55059787787791   0.8   0   0   1
4.56062122122125   0.8   0   0   1
4.57064456456459   0.8   0   0   1
4.58066790790794   0.8   0   0   1
4.59069125125128   0.8   0   0   1
4.60071459459462   0.8   0   0   1
4.61073793793797   0.8   0   0   1
4.62076128128131   0.8   0   0   1
4.63078462462465   0.8   0   0   1
4.640807967968   0.8   0   0   1
4.65083131131134   0.8   0   0   1
4.66085465465468   0.8   0   0   1
4.67087799799803   0.8   0   0   1
4.68090134134137   0.8   0   0   1
4.69092468468472   0.8   0   0   1
4.70094802802806   0.8   0   0   1
4.7109713713714   0.8   0   0   1
4.72099471471475   0.8   0   0   1
4.73101805805809   0.8   0   0   1
4.74104140140143   0.8   0   0   1
4.75106474474478   0.8   0   0   1
4.76108808808812   0.8   0   0   1
4.77111143143146   0.8   0   0   1
4.78113477477481   0.8   0   0   1
4.79115811811815   0.8   0   0   1
4.80118146146149   0.8   0   0   1
4.81120480480484   0.8   0   0   1
4.82122814814818   0.8   0   0   1
4.83125149149152   0.8   0   0   1
4.84127483483487   0.8   0   0   1
4.85129817817821   0.8   0   0   1
4.86132152152155   0.8   0   0   1
4.8713448648649   0.8   0   0   1
4.88136820820824   0.8   0   0   1
4.89139155155158   0.8   0   0   1
4.90141489489493   0.8   0   0   1
4.91143823823827   0.8   0   0   1
4.92146158158161   0.8   0   0   1
4.93148492492496   0.8   0   0   1
4.9415082682683   0.8   0   0   1
4.95153161161164   0.8   0   0   1
4.96155495495499   0.8   0   0   1
4.97157829829833   0.8   0   0   1
4.98160164164167   0.8   0   0   1
4.99162498498502   0.8   0   0   1
5.00164832832836   0.8   0   0   1
5.0116716716717   0.8   0   0   1
5.02169501501505   0.8   0   0   1
5.03171835835839   0.8   0   0   1
5.04174170170173   0.8   0   0   1
5.05176504504508   0.8   0   0   1
5.06178838838842   0.8   0   0   1
5.07181173173177   0.8   0   0   1
5.08183507507511   0.8   0   0   1
5.09185841841845   0.8   0   0   1
5.1018817617618   0.8   0   0   1
5.11190510510514   0.8   0   0   1
5.12192844844848   0.8   0   0   1
5.13195179179183   0.8   0   0   1
5.14197513513517   0.8   0   0   1
5.15199847847851   0.8   0   0   1
5.16202182182186   0.8   0   0   1
5.1720451651652   0.8   0   0   1
5.18206850850854   0.8   0   0   1
5.19209185185189   0.8   0   0   1
5.20211519519523   0.8   0   0   1
5.21213853853857   0.8   0   0   1
5.22216188188192   0.8   0   0   1
5.23218522522526   0.8   0   0   1
5.2422085685686   0.8   0   0   1
5.25223191191195   0.8   0   0   1
5.26225525525529   0.8   0   0   1
5.27227859859863   0.8   0   0   1
5.28230194194198   0.8   0   0   1
5.29232528528532   0.8   0   0   1
5.30234862862866   0.8   0   0   1
5.31237197197201   0.8   0   0   1
5.32239531531535   0.8   0   0   1
5.33241865865869   0.8   0   0   1
5.34244200200204   0.8   0   0   1
5.35246534534538   0.8   0   0   1
5.36248868868872   0.8   0   0   1
5.37251203203207   0.8   0   0   1
5.38253537537541   0.8   0   0   1
5.39255871871875   0.8   0   0   1
5.4025820620621   0.8   0   0   1
5.41260540540544   0.8   0   0   1
5.42262874874879   0.8   0   0   1
5.43265209209213   0.8   0   0   1
5.44267543543547   0.8   0   0   1
5.45269877877882   0.8   0   0   1
5.46272212212216   0.8   0   0   1
5.4727454654655   0.8   0   0   1
5.48276880880885   0.8   0   0   1
5.49279215215219   0.8   0   0   1
5.50281549549553   0.8   0   0   1
5.51283883883888   0.8   0   0   1
5.52286218218222   0.8   0   0   1
5.53288552552556   0.8   0   0   1
5.54290886886891   0.8   0   0   1
5.55293221221225   0.8   0   0   1
5.56295555555559   0.8   0   0   1
5.57297889889894   0.8   0   0   1
5.58300224224228   0.8   0   0   1
5.59302558558562   0.8   0   0   1
5.60304892892897   0.8   0   0   1
5.61307227227231   0.8   0   0   1
5.62309561561565   0.8   0   0   1
5.633118958959   0.8   0   0   1
5.64314230230234   0.8   0   0   1
5.65316564564568   0.8   0   0   1
5.66318898898903   0.8   0   0   1
5.67321233233237   0.8   0   0   1
5.68323567567571   0.8   0   0   1
5.69325901901906   0.8   0   0   1
5.7032823623624   0.8   0   0   1
5.71330570570574   0.8   0   0   1
5.72332904904909   0.8   0   0   1
5.73335239239243   0.8   0   0   1
5.74337573573577   0.8   0   0   1
5.75339907907912   0.8   0   0   1
5.76342242242246   0.8   0   0   1
5.77344576576581   0.8   0   0   1
5.78346910910915   0.8   0   0   1
5.79349245245249   0.8   0   0   1
5.80351579579584   0.8   0   0   1
5.81353913913918   0.8   0   0   1
5.82356248248252   0.8   0   0   1
5.83358582582587   0.8   0   0   1
5.84360916916921   0.8   0   0   1
5.85363251251255   0.8   0   0   1
5.8636558558559   0.8   0   0   1
5.87367919919924   0.8   0   0   1
5.88370254254258   0.8   0   0   1
5.89372588588593   0.8   0   0   1
5.90374922922927   0.8   0   0   1
5.91377257257261   0.8   0   0   1
5.92379591591596   0.8   0   0   1
5.9338192592593   0.8   0   0   1
5.94384260260264   0.8   0   0   1
5.95386594594599   0.8   0   0   1
5.96388928928933   0.8   0   0   1
5.97391263263267   0.8   0   0   1
5.98393597597602   0.8   0   0   1
5.99395931931936   0.8   0   0   1
6.0039826626627   0.8   0   0   1
6.01400600600605   0.8   0   0   1
6.02402934934939   0.8   0   0   1
6.03405269269273   0.8   0   0   1
6.04407603603608   0.8   0   0   1
6.05409937937942   0.8   0   0   1
6.06412272272276   0.8   0   0   1
6.07414606606611   0.8   0   0   1
6.08416940940945   0.8   0   0   1
6.09419275275279   0.8   0   0   1
6.10421609609614   0.8   0   0   1
6.11423943943948   0.8   0   0   1
6.12426278278283   0.8   0   0   1
6.13428612612617   0.8   0   0   1
6.14430946946951   0.8   0   0   1
6.15433281281286   0.8   0   0   1
6.1643561561562   0.8   0   0   1
6.17437949949954   0.8   0   0   1
6.18440284284289   0.8   0   0   1
6.19442618618623   0.8   0   0   1
6.20444952952957   0.8   0   0   1
6.21447287287292   0.8   0   0   1
6.22449621621626   0.8   0   0   1
6.2345195595596   0.8   0   0   1
6.24454290290295   0.8   0   0   1
6.25456624624629   0.8   0   0   1
6.26458958958963   0.8   0   0   1
6.27461293293298   0.8   0   0   1
6.28463627627632   0.8   0   0   1
6.29465961961966   0.8   0   0   1
6.30468296296301   0.8   0   0   1
6.31470630630635   0.8   0   0   1
6.32472964964969   0.8   0   0   1
6.33475299299304   0.8   0   0   1
6.34477633633638   0.8   0   0   1
6.35479967967972   0.8   0   0   1
6.36482302302307   0.8   0   0   1
6.37484636636641   0.8   0   0   1
6.38486970970975   0.8   0   0   1
6.3948930530531   0.8   0   0   1
6.40491639639644   0.8   0   0   1
6.41493973973978   0.8   0   0   1
6.42496308308313   0.8   0   0   1
6.43498642642647   0.8   0   0   1
6.44500976976981   0.8   0   0   1
6.45503311311316   0.8   0   0   1
6.4650564564565   0.8   0   0   1
6.47507979979985   0.8   0   0   1
6.48510314314319   0.8   0   0   1
6.49512648648653   0.8   0   0   1
6.50514982982988   0.8   0   0   1
6.51517317317322   0.8   0   0   1
6.52519651651656   0.8   0   0   1
6.53521985985991   0.8   0   0   1
6.54524320320325   0.8   0   0   1
6.55526654654659   0.8   0   0   1
6.56528988988994   0.8   0   0   1
6.57531323323328   0.8   0   0   1
6.58533657657662   0.8   0   0   1
6.59535991991997   0.8   0   0   1
6.60538326326331   0.8   0   0   1
6.61540660660665   0.8   0   0   1
6.62542994995   0.8   0   0   1
6.63545329329334   0.8   0   0   1
6.64547663663668   0.8   0   0   1
6.65549997998003   0.8   0   0   1
6.66552332332337   0.8   0   0   1
6.67554666666671   0.8   0   0   1
6.68557001001006   0.8   0   0   1
6.6955933533534   0.8   0   0   1
6.70561669669674   0.8   0   0   1
6.71564004004009   0.8   0   0   1
6.72566338338343   0.8   0   0   1
6.73568672672677   0.8   0   0   1
6.74571007007012   0.8   0   0   1
6.75573341341346   0.8   0   0   1
6.7657567567568   0.8   0   0   1
6.77578010010015   0.8   0   0   1
6.78580344344349   0.8   0   0   1
6.79582678678683   0.8   0   0   1
6.80585013013018   0.8   0   0   1
6.81587347347352   0.8   0   0   1
6.82589681681686   0.8   0   0   1
6.83592016016021   0.8   0   0   1
6.84594350350355   0.8   0   0   1
6.8559668468469   0.8   0   0   1
6.86599019019024   0.8   0   0   1
6.87601353353358   0.8   0   0   1
6.88603687687693   0.8   0   0   1
6.89606022022027   0.8   0   0   1
6.90608356356361   0.8   0   0   1
6.91610690690696   0.8   0   0   1
6.9261302502503   0.8   0   0   1
6.93615359359364   0.8   0   0   1
6.94617693693699   0.8   0   0   1
6.95620028028033   0.8   0   0   1
6.96622362362367   0.8   0   0   1
6.97624696696702   0.8   0   0   1
6.98627031031036   0.8   0   0   1
6.9962936536537   0.8   0   0   1
7.00631699699705   0.8   0   0   1
7.01634034034039   0.8   0   0   1
7.02636368368373   0.8   0   0   1
7.03638702702708   0.8   0   0   1
7.04641037037042   0.8   0   0   1
7.05643371371376   0.8   0   0   1
7.06645705705711   0.8   0   0   1
7.07648040040045   0.8   0   0   1
7.08650374374379   0.8   0   0   1
7.09652708708714   0.8   0   0   1
7.10655043043048   0.8   0   0   1
7.11657377377382   0.8   0   0   1
7.12659711711717   0.8   0   0   1
7.13662046046051   0.8   0   0   1
7.14664380380385   0.8   0   0   1
7.1566671471472   0.8   0   0   1
7.16669049049054   0.8   0   0   1
7.17671383383388   0.8   0   0   1
7.18673717717723   0.8   0   0   1
7.19676052052057   0.8   0   0   1
7.20678386386392   0.8   0   0   1
7.21680720720726   0.8   0   0   1
7.2268305505506   0.8   0   0   1
7.23685389389395   0.8   0   0   1
7.24687723723729   0.8   0   0   1
7.25690058058063   0.8   0   0   1
7.26692392392398   0.8   0   0   1
7.27694726726732   0.8   0   0   1
7.28697061061066   0.8   0   0   1
7.29699395395401   0.8   0   0   1
7.30701729729735   0.8   0   0   1
7.31704064064069   0.8   0   0   1
7.32706398398404   0.8   0   0   1
7.33708732732738   0.8   0   0   1
7.34711067067072   0.8   0   0   1
7.35713401401407   0.8   0   0   1
7.36715735735741   0.8   0   0   1
7.37718070070075   0.8   0   0   1
7.3872040440441   0.8   0   0   1
7.39722738738744   0.8   0   0   1
7.40725073073078   0.8   0   0   1
7.41727407407413   0.8   0   0   1
7.42729741741747   0.8   0   0   1
7.43732076076081   0.8   0   0   1
7.44734410410416   0.8   0   0   1
7.4573674474475   0.8   0   0   1
7.46739079079084   0.8   0   0   1
7.47741413413419   0.8   0   0   1
7.48743747747753   0.8   0   0   1
7.49746082082087   0.8   0   0   1
7.50748416416422   0.8   0   0   1
7.51750750750756   0.8   0   0   1
7.5275308508509   0.8   0   0   1
7.53755419419425   0.8   0   0   1
7.54757753753759   0.8   0   0   1
7.55760088088094   0.8   0   0   1
7.56762422422428   0.8   0   0   1
7.57764756756762   0.8   0   0   1
7.58767091091097   0.8   0   0   1
7.59769425425431   0.8   0   0   1
7.60771759759765   0.8   0   0   1
7.617740940941   0.8   0   0   1
7.62776428428434   0.8   0   0   1
7.63778762762768   0.8   0   0   1
7.64781097097103   0.8   0   0   1
7.65783431431437   0.8   0   0   1
7.66785765765771   0.8   0   0   1
7.67788100100106   0.8   0   0   1
7.6879043443444   0.8   0   0   1
7.69792768768774   0.8   0   0   1
7.70795103103109   0.8   0   0   1
7.71797437437443   0.8   0   0   1
7.72799771771777   0.8   0   0   1
7.73802106106112   0.8   0   0   1
7.74804440440446   0.8   0   0   1
7.7580677477478   0.8   0   0   1
7.76809109109115   0.8   0   0   1
7.77811443443449   0.8   0   0   1
7.78813777777783   0.8   0   0   1
7.79816112112118   0.8   0   0   1
7.80818446446452   0.8   0   0   1
7.81820780780786   0.8   0   0   1
7.82823115115121   0.8   0   0   1
7.83825449449455   0.8   0   0   1
7.84827783783789   0.8   0   0   1
7.85830118118124   0.8   0   0   1
7.86832452452458   0.8   0   0   1
7.87834786786792   0.8   0   0   1
7.88837121121127   0.8   0   0   1
7.89839455455461   0.8   0   0   1
7.90841789789796   0.8   0   0   1
7.9184412412413   0.8   0   0   1
7.92846458458464   0.8   0   0   1
7.93848792792799   0.8   0   0   1
7.94851127127133   0.8   0   0   1
7.95853461461467   0.8   0   0   1
7.96855795795802   0.8   0   0   1
7.97858130130136   0.8   0   0   1
7.9886046446447   0.8   0   0   1
7.99862798798805   0.8   0   0   1
8.00865133133139   0.8   0   0   1
8.01867467467473   0.8   0   0   1
8.02869801801808   0.8   0   0   1
8.03872136136142   0.8   0   0   1
8.04874470470476   0.8   0   0   1
8.05876804804811   0.8   0   0   1
8.06879139139145   0.8   0   0   1
8.07881473473479   0.8   0   0   1
8.08883807807814   0.8   0   0   1
8.09886142142148   0.8   0   0   1
8.10888476476482   0.8   0   0   1
8.11890810810817   0.8   0   0   1
8.12893145145151   0.8   0   0   1
8.13895479479485   0.8   0   0   1
8.1489781381382   0.8   0   0   1
8.15900148148154   0.8   0   0   1
8.16902482482488   0.8   0   0   1
8.17904816816823   0.8   0   0   1
8.18907151151157   0.8   0   0   1
8.19909485485491   0.8   0   0   1
8.20911819819826   0.8   0   0   1
8.2191415415416   0.8   0   0   1
8.22916488488494   0.8   0   0   1
8.23918822822829   0.8   0   0   1
8.24921157157163   0.8   0   0   1
8.25923491491498   0.8   0   0   1
8.26925825825832   0.8   0   0   1
8.27928160160166   0.8   0   0   1
8.28930494494501   0.8   0   0   1
8.29932828828835   0.8   0   0   1
8.30935163163169   0.8   0   0   1
8.31937497497504   0.8   0   0   1
8.32939831831838   0.8   0   0   1
8.33942166166172   0.8   0   0   1
8.34944500500507   0.8   0   0   1
8.35946834834841   0.8   0   0   1
8.36949169169175   0.8   0   0   1
8.3795150350351   0.8   0   0   1
8.38953837837844   0.8   0   0   1
8.39956172172178   0.8   0   0   1
8.40958506506513   0.8   0   0   1
8.41960840840847   0.8   0   0   1
8.42963175175181   0.8   0   0   1
8.43965509509516   0.8   0   0   1
8.4496784384385   0.8   0   0   1
8.45970178178184   0.8   0   0   1
8.46972512512519   0.8   0   0   1
8.47974846846853   0.8   0   0   1
8.48977181181187   0.8   0   0   1
8.49979515515522   0.8   0   0   1
8.50981849849856   0.8   0   0   1
8.5198418418419   0.8   0   0   1
8.52986518518525   0.8   0   0   1
8.53988852852859   0.8   0   0   1
8.54991187187193   0.8   0   0   1
8.55993521521528   0.8   0   0   1
8.56995855855862   0.8   0   0   1
8.57998190190196   0.8   0   0   1
8.59000524524531   0.8   0   0   1
8.60002858858865   0.8   0   0   1
8.610051931932   0.8   0   0   1
8.62007527527534   0.8   0   0   1
8.63009861861868   0.8   0   0   1
8.64012196196203   0.8   0   0   1
8.65014530530537   0.8   0   0   1
8.66016864864871   0.8   0   0   1
8.67019199199206   0.8   0   0   1
8.6802153353354   0.8   0   0   1
8.69023867867874   0.8   0   0   1
8.70026202202209   0.8   0   0   1
8.71028536536543   0.8   0   0   1
8.72030870870877   0.8   0   0   1
8.73033205205212   0.8   0   0   1
8.74035539539546   0.8   0   0   1
8.7503787387388   0.8   0   0   1
8.76040208208215   0.8   0   0   1
8.77042542542549   0.8   0   0   1
8.78044876876883   0.8   0   0   1
8.79047211211218   0.8   0   0   1
8.80049545545552   0.8   0   0   1
8.81051879879886   0.8   0   0   1
8.82054214214221   0.8   0   0   1
8.83056548548555   0.8   0   0   1
8.84058882882889   0.8   0   0   1
8.85061217217224   0.8   0   0   1
8.86063551551558   0.8   0   0   1
8.87065885885892   0.8   0   0   1
8.88068220220227   0.8   0   0   1
8.89070554554561   0.8   0   0   1
8.90072888888895   0.8   0   0   1
8.9107522322323   0.8   0   0   1
8.92077557557564   0.8   0   0   1
8.93079891891898   0.8   0   0   1
8.94082226226233   0.8   0   0   1
8.95084560560567   0.8   0   0   1
8.96086894894901   0.8   0   0   1
8.97089229229236   0.8   0   0   1
8.9809156356357   0.8   0   0   1
8.99093897897905   0.8   0   0   1
9.00096232232239   0.8   0   0   1
9.01098566566573   0.8   0   0   1
9.02100900900908   0.8   0   0   1
9.03103235235242   0.8   0   0   1
9.04105569569576   0.8   0   0   1
9.05107903903911   0.8   0   0   1
9.06110238238245   0.8   0   0   1
9.07112572572579   0.8   0   0   1
9.08114906906914   0.8   0   0   1
9.09117241241248   0.8   0   0   1
9.10119575575582   0.8   0   0   1
9.11121909909917   0.8   0   0   1
9.12124244244251   0.8   0   0   1
9.13126578578585   0.8   0   0   1
9.1412891291292   0.8   0   0   1
9.15131247247254   0.8   0   0   1
9.16133581581588   0.8   0   0   1
9.17135915915923   0.8   0   0   1
9.18138250250257   0.8   0   0   1
9.19140584584591   0.8   0   0   1
9.20142918918926   0.8   0   0   1
9.2114525325326   0.8   0   0   1
9.22147587587594   0.8   0   0   1
9.23149921921929   0.8   0   0   1
9.24152256256263   0.8   0   0   1
9.25154590590597   0.8   0   0   1
9.26156924924932   0.8   0   0   1
9.27159259259266   0.8   0   0   1
9.281615935936   0.8   0   0   1
9.29163927927935   0.8   0   0   1
9.30166262262269   0.8   0   0   1
9.31168596596603   0.8   0   0   1
9.32170930930938   0.8   0   0   1
9.33173265265272   0.8   0   0   1
9.34175599599607   0.8   0   0   1
9.35177933933941   0.8   0   0   1
9.36180268268275   0.8   0   0   1
9.3718260260261   0.8   0   0   1
9.38184936936944   0.8   0   0   1
9.39187271271278   0.8   0   0   1
9.40189605605613   0.8   0   0   1
9.41191939939947   0.8   0   0   1
9.42194274274281   0.8   0   0   1
9.43196608608616   0.8   0   0   1
9.4419894294295   0.8   0   0   1
9.45201277277284   0.8   0   0   1
9.46203611611619   0.8   0   0   1
9.47205945945953   0.8   0   0   1
9.48208280280287   0.8   0   0   1
9.49210614614622   0.8   0   0   1
9.50212948948956   0.8   0   0   1
9.5121528328329   0.8   0   0   1
9.52217617617625   0.8   0   0   1
9.53219951951959   0.8   0   0   1
9.54222286286293   0.8   0   0   1
9.55224620620628   0.8   0   0   1
9.56226954954962   0.8   0   0   1
9.57229289289296   0.8   0   0   1
9.58231623623631   0.8   0   0   1
9.59233957957965   0.8   0   0   1
9.60236292292299   0.8   0   0   1
9.61238626626634   0.8   0   0   1
9.62240960960968   0.8   0   0   1
9.63243295295302   0.8   0   0   1
9.64245629629637   0.8   0   0   1
9.65247963963971   0.8   0   0   1
9.66250298298305   0.8   0   0   1
9.6725263263264   0.8   0   0   1
9.68254966966974   0.8   0   0   1
9.69257301301309   0.8   0   0   1
9.70259635635643   0.8   0   0   1
9.71261969969977   0.8   0   0   1
9.72264304304312   0.8   0   0   1
9.73266638638646   0.8   0   0   1
9.7426897297298   0.8   0   0   1
9.75271307307315   0.8   0   0   1
9.76273641641649   0.8   0   0   1
9.77275975975983   0.8   0   0   1
9.78278310310318   0.8   0   0   1
9.79280644644652   0.8   0   0   1
9.80282978978986   0.8   0   0   1
9.81285313313321   0.8   0   0   1
9.82287647647655   0.8   0   0   1
9.83289981981989   0.8   0   0   1
9.84292316316324   0.8   0   0   1
9.85294650650658   0.8   0   0   1
9.86296984984992   0.8   0   0   1
9.87299319319327   0.8   0   0   1
9.88301653653661   0.8   0   0   1
9.89303987987995   0.8   0   0   1
9.9030632232233   0.8   0   0   1
9.91308656656664   0.8   0   0   1
9.92310990990998   0.8   0   0   1
9.93313325325333   0.8   0   0   1
9.94315659659667   0.8   0   0   1
9.95317993994001   0.8   0   0   1
9.96320328328336   0.8   0   0   1
9.9732266266267   0.8   0   0   1
9.98324996997004   0.8   0   0   1
9.99327331331339   0.8   0   0   1
10.0032966566567   0.8   0   0   1
10.0133200000001   0.8   0   0   1
