variables = x,rho,u,v,p
0   3.8571   2.6293   0   10.3333
0.0100233433433433   3.8571   2.6293   0   10.3333
0.0200466866866867   3.8571   2.6293   0   10.3333
0.03007003003003   3.8571   2.6293   0   10.3333
0.0400933733733734   3.8571   2.6293   0   10.3333
0.0501167167167167   3.8571   2.6293   0   10.3333
0.0601400600600601   3.8571   2.6293   0   10.3333
0.0701634034034034   3.8571   2.6293   0   10.3333
0.0801867467467468   3.8571   2.6293   0   10.3333
0.0902100900900901   3.8571   2.6293   0   10.3333
0.100233433433433   3.8571   2.6293   0   10.3333
0.110256776776777   3.8571   2.6293   0   10.3333
0.12028012012012   3.8571   2.6293   0   10.3333
0.130303463463463   3.8571   2.6293   0   10.3333
0.140326806806807   3.8571   2.6293   0   10.3333
0.15035015015015   3.8571   2.6293   0   10.3333
0.160373493493494   3.8571   2.6293   0   10.3333
0.170396836836837   3.8571   2.6293   0   10.3333
0.18042018018018   3.8571   2.6293   0   10.3333
0.190443523523524   3.8571   2.6293   0   10.3333
0.200466866866867   3.8571   2.6293   0   10.3333
0.21049021021021   3.8571   2.6293   0   10.3333
0.220513553553554   3.8571   2.6293   0   10.3333
0.230536896896897   3.8571   2.6293   0   10.3333
0.24056024024024   3.8571   2.6293   0   10.3333
0.250583583583584   3.8571   2.6293   0   10.3333
0.260606926926927   3.8571   2.6293   0   10.3333
0.27063027027027   3.8571   2.6293   0   10.3333
0.280653613613614   3.8571   2.6293   0   10.3333
0.290676956956957   3.8571   2.6293   0   10.3333
0.3007003003003   3.8571   2.6293   0   10.3333
0.310723643643644   3.8571   2.6293   0   10.3333
0.320746986986987   3.8571   2.6293   0   10.3333
0.330770330330331   3.8571   2.6293   0   10.3333
0.340793673673674   3.8571   2.6293   0   10.3333
0.350817017017017   3.8571   2.6293   0   10.3333
0.360840360360361   3.8571   2.6293   0   10.3333
0.370863703703704   3.8571   2.6293   0   10.3333
0.380887047047047   3.8571   2.6293   0   10.3333
0.390910390390391   3.8571   2.6293   0   10.3333
0.400933733733734   3.8571   2.6293   0   10.3333
0.410957077077078   3.8571   2.6293   0   10.3333
0.420980420420421   3.8571   2.6293   0   10.3333
0.431003763763764   3.8571   2.6293   0   10.3333
0.441027107107108   3.8571   2.6293   0   10.3333
0.451050450450451   3.8571   2.6293   0   10.3333
0.461073793793794   3.8571   2.6293   0   10.3333
0.471097137137138   3.8571   2.6293   0   10.3333
0.481120480480481   3.8571   2.6293   0   10.3333
0.491143823823825   3.8571   2.6293   0   10.3333
0.501167167167168   3.8571   2.6293   0   10.3333
0.511190510510511   3.8571   2.6293   0   10.3333
0.521213853853855   3.8571   2.6293   0   10.3333
0.531237197197198   3.8571   2.6293   0   10.3333
0.541260540540541   3.8571   2.6293   -2.02655790336803e-16   10.3333
0.551283883883884   3.85709999999999   2.6293   -2.60352377498581e-16   10.3333
0.561307227227228   3.85709999999997   2.62930000000001   1.16806313378219e-16   10.3332999999999
0.571330570570571   3.85709999999993   2.62930000000004   4.36667085209764e-16   10.3332999999997
0.581353913913914   3.85709999999984   2.62930000000009   1.2672068209065e-16   10.3332999999993
0.591377257257258   3.85709999999967   2.62930000000019   -2.57928721482189e-16   10.3332999999985
0.601400600600601   3.85709999999933   2.6293000000004   -3.87510477092128e-16   10.333299999997
0.611423943943944   3.85709999999865   2.6293000000008   -2.89566244177678e-16   10.333299999994
0.621447287287288   3.85709999999733   2.62930000000158   -3.96722928763257e-16   10.3332999999881
0.631470630630631   3.85709999999476   2.62930000000309   -4.6644625416793e-16   10.3332999999767
0.641493973973974   3.85709999998983   2.62930000000599   -4.67871913562691e-16   10.3332999999548
0.651517317317318   3.85709999998044   2.62930000001148   -3.25375031513251e-16   10.3332999999134
0.661540660660661   3.85709999996276   2.6293000000218   -2.56355120394719e-16   10.3332999998355
0.671564004004004   3.85709999992977   2.62930000004102   -2.22704375278876e-16   10.3332999996906
0.681587347347348   3.85709999986881   2.62930000007645   -1.45824271327062e-17   10.3332999994236
0.691610690690691   3.85709999975725   2.62930000014113   1.55867533632029e-16   10.3332999989361
0.701634034034034   3.85709999955506   2.62930000025806   3.80277311832324e-16   10.3332999980549
0.711657377377378   3.85709999919217   2.62930000046742   5.83221034874031e-16   10.3332999964775
0.721680720720721   3.85709999854718   2.62930000083863   9.06947800210502e-16   10.333299993681
0.731704064064064   3.85709999741191   2.62930000149041   9.34947979438105e-16   10.3332999887717
0.741727407407408   3.85709999543318   2.62930000262367   1.04090075790227e-15   10.3332999802372
0.751750750750751   3.85709999201804   2.6293000045748   1.21844310268567e-15   10.3332999655458
0.761774094094094   3.8570999861814   2.6293000079012   1.49051656696256e-15   10.3332999405031
0.771797437437437   3.85709997630416   2.62930001351662   1.8335671781025e-15   10.3332998982346
0.781820780780781   3.85709995975329   2.62930002290302   1.66531672572934e-15   10.3332998275924
0.791844124124124   3.85709993229266   2.62930003843832   1.64685130643852e-15   10.3332997106926
0.801867467467467   3.85709988718025   2.62930006389693   1.44255538820284e-15   10.3332995191529
0.811890810810811   3.85709981380158   2.62930010520521   9.75682352133779e-16   10.3332992084174
0.821914154154154   3.857099695627   2.62930017156711   7.38947893236065e-16   10.3332987093002
0.831937497497497   3.85709950719658   2.62930027712054   2.99996835505642e-16   10.3332979155458
0.841960840840841   3.85709920972655   2.62930044334323   9.90145827702501e-17   10.3332966657638
0.851984184184184   3.85709874479056   2.62930070250159   -1.52342294087374e-16   10.3332947175373
0.862007527527527   3.85709802535233   2.62930110252909   -3.37293345135705e-16   10.3332917108069
0.872030870870871   3.85709692321177   2.62930171383273   -4.87889678423014e-16   10.3332871167947
0.882054214214214   3.85709525167321   2.62930263865765   -4.80791460750908e-16   10.3332801677469
0.892077557557557   3.85709274195664   2.62930402378749   -5.68036274159096e-16   10.3332697616721
0.902100900900901   3.85708901156149   2.62930607751574   -4.06658591814349e-16   10.333254335075
0.912124244244244   3.85708352247556   2.62930909198072   -1.76637827889926e-16   10.3332316955093
0.922147587587587   3.85707552682965   2.62931347209767   1.91083983234659e-16   10.3331988047323
0.932170930930931   3.85706399737115   2.62931977242349   6.38121259032565e-16   10.3331515024823
0.942194274274274   3.85704754002254   2.62932874332501   1.63794282562479e-15   10.3330841606584
0.952217617617617   3.8570242858686   2.62934138775557   2.12992573371531e-15   10.3329892581957
0.96224096096096   3.8569917602536   2.62935902973962   2.70061876003737e-15   10.3328568684952
0.972264304304304   3.85694672734618   2.62938339528193   3.25660076748323e-15   10.3326740541781
0.982287647647647   3.85688500961507   2.62941670582315   4.10788950625031e-15   10.3324241684443
0.99231099099099   3.8568012832102   2.6294617835328   4.70577071160962e-15   10.3320860686126
1.00233433433433   3.85668885228063   2.62952216665911   5.11849093764893e-15   10.3316332555409
1.01235767767768   3.85653940775848   2.62960223186328   5.36975714847073e-15   10.3310329624333
1.02238102102102   3.85634277900553   2.62970731900855   5.47077914611543e-15   10.3302452276114
1.03240436436436   3.85608668979239   2.62984385234324   5.18085816662642e-15   10.3292219974943
1.04242770770771   3.85575653311697   2.63001945054325   5.02345441945652e-15   10.3279063172903
1.05245105105105   3.8553351820569   2.63024301682554   5.01070922116634e-15   10.3262316765275
1.06247439439439   3.85480285582814   2.63052479949305   5.18671764299397e-15   10.3241215831352
1.07249773773774   3.85413706111587   2.63087641300551   5.05018751159307e-15   10.3214894419235
1.08252108108108   3.85331262821457   2.63131081014557   4.62903007012216e-15   10.3182388097562
1.09254442442442   3.85230185931576   2.63184219716771   4.21429635361319e-15   10.3142640896334
1.10256776776777   3.85107480231175   2.63248588600033   3.90023319822672e-15   10.3094517090538
1.11259111111111   3.84959965783029   2.63325808054219   3.78941726454226e-15   10.3036818049239
1.12261445445445   3.84784332017453   2.63417559767262   3.6459615207085e-15   10.2968304092307
1.1326377977978   3.84577204491283   2.63525552750703   3.47647086661934e-15   10.2887720987819
1.14266114114114   3.84335222769783   2.63651484133521   3.38266528477858e-15   10.2793830411589
1.15268448448449   3.84055127123333   2.63796995921521   3.64217611287367e-15   10.2685443405167
1.16270782782783   3.83733851088017   2.63963629201981   4.19146018731199e-15   10.2561455637802
1.17273117117117   3.83368616482155   2.64152777457443   4.60644161365629e-15   10.242088312402
1.18275451451452   3.8295702724233   2.64365640722473   4.89794060638313e-15   10.2262896986448
1.19277785785786   3.82497158460274   2.64603182269735   5.42842809416068e-15   10.2086855887838
1.2028012012012   3.81987637256559   2.64866089356934   5.72458641893866e-15   10.189233488089
1.21282454454455   3.81427712583534   2.65154739325514   6.14460738911427e-15   10.1679149623849
1.22284788788789   3.80817311653796   2.65469172044917   6.53450441196287e-15   10.1447375161194
1.23287123123123   3.80157081375156   2.65809069375865   6.83379051626519e-15   10.1197358745482
1.24289457457458   3.79448413869448   2.66173742015238   7.29312429014727e-15   10.0929726451514
1.25291791791792   3.78693455796909   2.66562123811802   7.32969290739748e-15   10.0645383583504
1.26294126126126   3.77895101749207   2.66972773427286   7.00949026320377e-15   10.0345509080982
1.27296460460461   3.77056972378626   2.67403883073186   6.4223603995184e-15   10.0031544278253
1.28298794794795   3.76183378183762   2.67853293982838   5.65741682965529e-15   9.97051764609854
1.29301129129129   3.75279269977894   2.683185182745   5.5063511248217e-15   9.93683176951407
1.30303463463464   3.74350177046812   2.68796766910254   5.29648649705872e-15   9.90230793873057
1.31305797797798   3.73402133894586   2.69284983537025   5.0754309098167e-15   9.8671742986147
1.32308132132132   3.72441596325363   2.69779884084591   4.59786397407716e-15   9.83167271700815
1.33310466466467   3.7147534747039   2.70278002062893   4.09938584473592e-15   9.79605518064609
1.34312800800801   3.70510394297904   2.70775739518189   3.76219800541708e-15   9.76057989328596
1.35315135135135   3.69553855192315   2.71269423546825   3.60533757703866e-15   9.7255071020353
1.3631746946947   3.68612839403157   2.71755368103715   3.94144351167574e-15   9.69109468474053
1.37319803803804   3.67694319573063   2.72229940565096   4.58692854812736e-15   9.65759354508674
1.38322138138138   3.66804999164988   2.72689632109762   4.83473911583558e-15   9.62524288291297
1.39324472472473   3.65951177399138   2.73131130484906   4.85197600493539e-15   9.59426543424978
1.40326806806807   3.65138615221233   2.73551393157819   5.19593321204541e-15   9.56486280655865
1.41329141141141   3.64372406758612   2.73947718281401   5.43595926985652e-15   9.53721106609403
1.42331475475476   3.63656861547736   2.74317810398244   5.9856821620333e-15   9.51145676153894
1.4333380980981   3.62995403380709   2.74659837466669   5.69419539992725e-15   9.48771358565239
1.44336144144144   3.62390491761938   2.74972475704846   5.50632455692484e-15   9.46605987916726
1.45338478478479   3.61843571556444   2.75254938992017   5.21916097727982e-15   9.44653716410884
1.46340812812813   3.61355055372329   2.7550699018026   5.31175874896732e-15   9.42914985463782
1.47343147147147   3.60924341558755   2.75728932646695   5.22360230894124e-15   9.41386623301061
1.48345481481482   3.60549868524129   2.75921581685907   5.45915199533164e-15   9.4006207003502
1.49347815815816   3.60229203590446   2.76086216780654   5.58720573165833e-15   9.38931722405239
1.50350150150151   3.59959162075561   2.76224517229988   5.68797370126115e-15   9.37983381571576
1.51352484484485   3.59735950042885   2.7633848487787   5.71519546963421e-15   9.37202779632186
1.52354818818819   3.59555322463119   2.76430358610125   6.00412283115383e-15   9.36574154891631
1.53357153153154   3.59412747607223   2.7650252575826   6.55539850262988e-15   9.36080843042552
1.54359487487488   3.59303568435504   2.7655743551809   6.9695162758841e-15   9.35705851664812
1.55361821821822   3.59223152539973   2.76597518985807   7.45859886739724e-15   9.35432388655525
1.56364156156157   3.59167023695946   2.76625119525614   7.58530038701497e-15   9.35244320843746
1.57366490490491   3.59130970059669   2.7664243604704   7.65859213158825e-15   9.3512654628823
1.58368824824825   3.59111126246157   2.76651480540181   7.90839066280153e-15   9.35065271650765
1.5937115915916   3.59104028675452   2.76654050037997   8.26833074220244e-15   9.35048193660516
1.60373493493494   3.5910664546874   2.76651712162505   8.63461751375664e-15   9.3506459028344
1.61375827827828   3.59116383658321   2.76645802641189   8.66088763936169e-15   9.35105332280081
1.62378162162163   3.59131077472894   2.76637432683111   8.58152231646928e-15   9.35162829143515
1.63380496496497   3.59148961968374   2.76627503874539   8.57319097071296e-15   9.3523092497466
1.64382830830831   3.59168636346052   2.76616728256245   8.79577900505261e-15   9.35304759884725
1.65385165165166   3.5918902102231   2.76605651426541   8.78442192507043e-15   9.35380611345047
1.663874994995   3.59209311991341   2.76594676817078   8.85953914456498e-15   9.35455727913541
1.67389833833834   3.59228935357879   2.76584089655944   8.49129986063924e-15   9.35528165326268
1.68392168168169   3.59247504201958   2.76574079516856   8.42115075499711e-15   9.35596632374219
1.69394502502503   3.59264779243351   2.76564760717416   8.0486902660994e-15   9.3566035153832
1.70396836836837   3.59280634148793   2.76556190149063   8.23064227347469e-15   9.35718937199645
1.71399171171172   3.59295025797999   2.76548382382929   8.53940856233662e-15   9.35772292471638
1.72401505505506   3.59307969404361   2.76541322095082   8.76030209085229e-15   9.35820524349268
1.7340383983984   3.59319518068217   2.76534973994139   8.7331454078439e-15   9.35863875921758
1.74406174174175   3.5932974611045   2.76529290520931   8.40016361654273e-15   9.35902673805361
1.75408508508509   3.59338735372094   2.76524217633117   8.11872137150138e-15   9.35937288657816
1.76410842842843   3.59346563549928   2.7651969899764   7.95416235584062e-15   9.3596810656838
1.77413177177178   3.5935329354841   2.76515678900125   7.65918470670725e-15   9.35995509211052
1.78415511511512   3.59358962747881   2.76512104151542   7.05504777464824e-15   9.36019860845703
1.79417845845846   3.59363571006426   2.76508925235366   6.21353114694191e-15   9.36041500504943
1.80420180180181   3.59367066123896   2.76506096898594   5.50972924589881e-15   9.36060737977321
1.81422514514515   3.59369325405279   2.76503578350953   4.81757932425024e-15   9.36077852464187
1.82424848848849   3.59370131879929   2.76501333200865   3.61319642485304e-15   9.36093093031882
1.83427183183184   3.59369143685553   2.76499329225654   2.74267008149406e-15   9.36106680193624
1.84429517517518   3.59365855142823   2.7649753804743   1.89763528849469e-15   9.36118808133333
1.85431851851853   3.59359548167042   2.76495934765112   1.06939551410452e-15   9.36129647226845
1.86434186186187   3.59349232931291   2.76494497576772   4.04642248287472e-16   9.36139346627564
1.87436520520521   3.59333577155269   2.76493207414091   -1.28198944121562e-16   9.36148036767749
1.88438854854856   3.59310824084239   2.76492047601809   -4.75726296283769e-16   9.36155831687897
1.8944118918919   3.59278700168909   2.7649100354871   -4.12692302223036e-16   9.36162831149752
1.90443523523524   3.59234314663955   2.76490062472435   -6.88605915507736e-16   9.36169122517505
1.91445857857859   3.59174054804765   2.76489213157719   -7.43373151204956e-16   9.3617478241025
1.92448192192193   3.59093481836284   2.76488445746007   -5.77760379149176e-16   9.36179878139743
1.93450526526527   3.58987234850452   2.76487751553619   -1.32172632271712e-16   9.36184468953217
1.94452860860862   3.58848950993739   2.76487122915237   2.63663646187011e-16   9.36188607103215
1.95455195195196   3.58671211950992   2.76486553049557   6.88937210321754e-16   9.36192338766458
1.9645752952953   3.58445527489005   2.7648603594406   1.34293472314175e-15   9.36195704832395
1.97459863863865   3.58162367038867   2.76485566256211   1.72320076000213e-15   9.361987415802
1.98462198198199   3.57811249614232   2.76485139228658   2.2550780205821e-15   9.36201481260703
1.99464532532533   3.5738090065223   2.76484750616345   3.14539240381617e-15   9.36203952597496
2.00466866866868   3.56859481548296   2.76484396623778   3.74630362661788e-15   9.36206181219392
2.01469201201202   3.56234893758335   2.76484073850901   4.00253251916097e-15   9.36208190034468
2.02471535535536   3.55495154501985   2.76483779246318   3.72992813700278e-15   9.36209999554312
2.03473869869871   3.54628835584047   2.76483510066782   3.80198472913951e-15   9.36211628175633
2.04476204204205   3.53625551039851   2.76483263842028   2.93900026794792e-15   9.36213092425254
2.05478538538539   3.52476473680463   2.76483038344187   2.14220383158477e-15   9.3621440717349
2.06480872872874   3.5117485569738   2.76482831561117   1.78061783473532e-15   9.36215585820118
2.07483207207208   3.49716524820548   2.76482641673099   9.36064037713584e-16   9.36216640456509
2.08485541541542   3.48100325592053   2.76482467032411   1.18144334606177e-16   9.36217582006951
2.09487875875877   3.46328475492113   2.76482306145362   -1.00264035338115e-15   9.36218420351769
2.10490210210211   3.44406808141097   2.76482157656457   -1.75620532984564e-15   9.36219164434534
2.11492544544545   3.4234488060529   2.76482020334349   -2.35121830049801e-15   9.36219822355366
2.1249487887888   3.40155928738481   2.76481893059355   -2.79499133376132e-15   9.36220401452087
2.13497213213214   3.37856663064413   2.76481774812287   -2.865333624362e-15   9.36220908370861
2.14499547547548   3.35466907331391   2.7648166466442   -3.2892204996959e-15   9.362213491277
2.15501881881883   3.33009091804079   2.76481561768439   -3.06710274385295e-15   9.36221729162157
2.16504216216217   3.30507622793295   2.7648146535022   -2.68525195180637e-15   9.36222053384339
2.17506550550551   3.27988158077341   2.76481374701357   -2.356216509162e-15   9.36222326216253
2.18508884884886   3.25476824052754   2.76481289172312   -2.2578900370032e-15   9.3622255162839
2.1951121921922   3.2299941415296   2.76481208166142   -1.78781553131118e-15   9.36222733172315
2.20513553553555   3.20580608996124   2.76481131132721   -1.39286567478783e-15   9.36222874009914
2.21515887887889   3.18243256824055   2.76481057563406   -6.00735200959756e-16   9.36222976939841
2.22518222222223   3.16007748277139   2.7648098698611   9.92382687942754e-17   9.36223044421592
2.23520556556558   3.13891512844843   2.76480918960727   3.08620727703119e-16   9.36223078597512
2.24522890890892   3.11908656040443   2.76480853074886   2.54330585357498e-16   9.36223081312969
2.25525225225226   3.1006974718526   2.76480788939975   3.22828471210805e-16   9.3622305413479
2.26527559559561   3.08381758400588   2.76480726187418   3.3535148391055e-16   9.36222998367954
2.27529893893895   3.06848146706921   2.76480664465129   -1.29342710157542e-16   9.36222915070419
2.28532228228229   3.05469063631396   2.7648060343409   -7.75651373514439e-16   9.36222805065718
2.29534562562564   3.04241670887229   2.76480542764921   -1.21920564716961e-15   9.36222668952697
2.30536896896898   3.0316053679557   2.76480482134282   -1.87467434852485e-15   9.36222507111136
2.31539231231232   3.02218086264681   2.76480421220747   -2.58684619371545e-15   9.36222319700985
2.32541565565567   3.01405077240195   2.76480359699552   -3.36396283589953e-15   9.36222106650877
2.33543899899901   3.0071107835975   2.76480297235075   -4.06948612703594e-15   9.36221867627803
2.34546234234235   3.00124925740426   2.76480233468885   -4.68875740930551e-15   9.36221601972412
2.3554856856857   2.99635140986321   2.76480167999259   -5.17850862304523e-15   9.36221308570431
2.36550902902904   2.9923029719288   2.76480100344361   -5.39004907502272e-15   9.36220985603819
2.37553237237238   2.98899324529817   2.76480029874209   -5.54673719006136e-15   9.36220630074093
2.38555571571573   2.98631751542068   2.76479955683024   -5.81584965995684e-15   9.36220236892388
2.39557905905907   2.98417882326592   2.76479876347774   -5.90203695376319e-15   9.36219797144119
2.40560240240241   2.98248913010006   2.76479789469518   -6.12095840637169e-15   9.36219294779704
2.41562574574576   2.98116993330453   2.7647969080018   -6.40712571190328e-15   9.36218700302779
2.4256490890891   2.98015240532042   2.7647957257817   -6.33838534923365e-15   9.36217958729661
2.43567243243244   2.97937713139955   2.76479420354284   -6.63065062759731e-15   9.36216966618242
2.44569577577579   2.97879351371691   2.76479206936886   -6.57797727965843e-15   9.36215528241566
2.45571911911913   2.9783588865646   2.76478880840749   -6.65365015524256e-15   9.36213271971931
2.46574246246247   2.97803734307168   2.76478344249701   -7.15866153625912e-15   9.36209490755937
2.47576580580582   2.97779819400869   2.76477410974206   -7.48151175481246e-15   9.36202837782299
2.48578914914916   2.97761383526771   2.76475726246023   -7.74096488815124e-15   9.36190745931476
2.4958124924925   2.97745653687358   2.76472613713765   -7.75762841840156e-15   9.36168320400547
2.50583583583585   2.9772931755268   2.76466783573579   -7.68840818806723e-15   9.36126226706937
2.51585917917919   2.97707600943009   2.76455775827062   -7.63766117079444e-15   9.36046663548748
2.52588252252253   2.97672584817832   2.76434898355169   -7.91185949709807e-15   9.35895686894572
2.53590586586588   2.97610066411658   2.76395201592818   -8.0386052144323e-15   9.356085900222
2.54592920920922   2.97493644433613   2.76319616406123   -8.35858346019719e-15   9.35062095926962
2.55595255255257   2.97273535891376   2.76175591519016   -8.54124884552976e-15   9.34021605439227
2.56597589589591   2.96855463883797   2.7590106566956   -8.72125606940221e-15   9.32041629077165
2.57599923923925   2.96061064154796   2.75377769282302   -8.76844268649149e-15   9.28279679515795
2.5860225825826   2.94554710441071   2.74380519033814   -8.62576080322244e-15   9.21155003387715
2.59604592592594   2.91712267349518   2.72481332983039   -8.4097447694512e-15   9.07746474655054
2.60606926926928   2.86400056198883   2.68869776178649   -8.06248798230096e-15   8.82814448764026
2.61609261261263   2.76653547248601   2.6202347821332   -7.91027025012903e-15   8.37505986434249
2.62611595595597   2.59388130949595   2.4913695874782   -7.61550693181304e-15   7.58654609082598
2.63613929929931   2.30770183366546   2.25298519793255   -6.68948847936985e-15   6.32098199783165
2.64616264264266   1.88887644758208   1.83195169229946   -4.87936080143334e-15   4.57164349988963
2.656185985986   1.40062973147654   1.17941094218235   -2.45836963070039e-15   2.72606336216784
2.66620932932934   1.01590795424104   0.469115946983504   -5.36437559728437e-16   1.50231197153348
2.67623267267269   0.845810584271068   0.0967246644888149   -2.64383203202379e-17   1.08681271114209
2.68625601601603   0.806652237396875   0.0136928459476815   -2.09435842355027e-20   1.01176366448491
2.69627935935937   0.8008663253901   0.00178041884380391   -2.77423431435857e-24   1.00151798388857
2.70630270270272   0.800111237624943   0.000228600886273715   -2.90249548966637e-29   1.00019469705296
2.71632604604606   0.800014258828255   2.93028191909725e-05   -2.75044460453614e-35   1.00002495346152
2.7263493893894   0.800001827351554   3.75532578082086e-06   -2.34331910025391e-42   1.00000319787362
2.73637273273275   0.800000234179164   4.81253346835011e-07   -1.72770603181251e-50   1.00000040981367
2.74639607607609   0.800000030010465   6.16734491914553e-08   -1.12830681133502e-59   1.00000005251831
2.75641941941943   0.80000000384589   7.90355239069036e-09   -6.65898133190417e-70   1.0000000067303
2.76644276276278   0.800000000492857   1.01285211167054e-09   -3.56371191484029e-81   1.0000000008625
2.77646610610612   0.80000000006316   1.29797873249838e-10   -1.7245804600016e-93   1.00000000011053
2.78648944944946   0.800000000008094   1.66332567264966e-11   -7.43966439193526e-107   1.00000000001416
2.79651279279281   0.800000000001037   2.13120490898795e-12   -2.77180491282984e-121   1.00000000000181
2.80653613613615   0.800000000000133   2.72648090025112e-13   -8.4084810747242e-137   1.00000000000023
2.81655947947949   0.800000000000017   3.45740506114659e-14   -1.91294286061764e-153   1.00000000000003
2.82658282282284   0.800000000000002   4.18145222515695e-15   -2.84268381493156e-171   1
2.83660616616618   0.8   4.34744533143755e-16   -1.87784763246376e-190   1
2.84662950950952   0.8   3.16177771767886e-17   -1.64376181766271e-211   1
2.85665285285287   0.8   0   0   1
2.86667619619621   0.8   0   0   1
2.87669953953955   0.8   0   0   1
2.8867228828829   0.8   0   0   1
2.89674622622624   0.8   0   0   1
2.90676956956958   0.8   0   0   1
2.91679291291293   0.8   0   0   1
2.92681625625627   0.8   0   0   1
2.93683959959962   0.8   0   0   1
2.94686294294296   0.8   0   0   1
2.9568862862863   0.8   0   0   1
2.96690962962965   0.8   0   0   1
2.97693297297299   0.8   0   0   1
2.98695631631633   0.8   0   0   1
2.99697965965968   0.8   0   0   1
3.00700300300302   0.8   0   0   1
3.01702634634636   0.8   0   0   1
3.02704968968971   0.8   0   0   1
3.03707303303305   0.8   0   0   1
3.04709637637639   0.8   0   0   1
3.05711971971974   0.8   0   0   1
3.06714306306308   0.8   0   0   1
3.07716640640642   0.8   0   0   1
3.08718974974977   0.8   0   0   1
3.09721309309311   0.8   0   0   1
3.10723643643645   0.8   0   0   1
3.1172597797798   0.8   0   0   1
3.12728312312314   0.8   0   0   1
3.13730646646648   0.8   0   0   1
3.14732980980983   0.8   0   0   1
3.15735315315317   0.8   0   0   1
3.16737649649651   0.8   0   0   1
3.17739983983986   0.8   0   0   1
3.1874231831832   0.8   0   0   1
3.19744652652654   0.8   0   0   1
3.20746986986989   0.8   0   0   1
3.21749321321323   0.8   0   0   1
3.22751655655657   0.8   0   0   1
3.23753989989992   0.8   0   0   1
3.24756324324326   0.8   0   0   1
3.2575865865866   0.8   0   0   1
3.26760992992995   0.8   0   0   1
3.27763327327329   0.8   0   0   1
3.28765661661664   0.8   0   0   1
3.29767995995998   0.8   0   0   1
3.30770330330332   0.8   0   0   1
3.31772664664667   0.8   0   0   1
3.32774998999001   0.8   0   0   1
3.33777333333335   0.8   0   0   1
3.3477966766767   0.8   0   0   1
3.35782002002004   0.8   0   0   1
3.36784336336338   0.8   0   0   1
3.37786670670673   0.8   0   0   1
3.38789005005007   0.8   0   0   1
3.39791339339341   0.8   0   0   1
3.40793673673676   0.8   0   0   1
3.4179600800801   0.8   0   0   1
3.42798342342344   0.8   0   0   1
3.43800676676679   0.8   0   0   1
3.44803011011013   0.8   0   0   1
3.45805345345347   0.8   0   0   1
3.46807679679682   0.8   0   0   1
3.47810014014016   0.8   0   0   1
3.4881234834835   0.8   0   0   1
3.49814682682685   0.8   0   0   1
3.50817017017019   0.8   0   0   1
3.51819351351353   0.8   0   0   1
3.52821685685688   0.8   0   0   1
3.53824020020022   0.8   0   0   1
3.54826354354356   0.8   0   0   1
3.55828688688691   0.8   0   0   1
3.56831023023025   0.8   0   0   1
3.57833357357359   0.8   0   0   1
3.58835691691694   0.8   0   0   1
3.59838026026028   0.8   0   0   1
3.60840360360362   0.8   0   0   1
3.61842694694697   0.8   0   0   1
3.62845029029031   0.8   0   0   1
3.63847363363366   0.8   0   0   1
3.648496976977   0.8   0   0   1
3.65852032032034   0.8   0   0   1
3.66854366366369   0.8   0   0   1
3.67856700700703   0.8   0   0   1
3.68859035035037   0.8   0   0   1
3.69861369369372   0.8   0   0   1
3.70863703703706   0.8   0   0   1
3.7186603803804   0.8   0   0   1
3.72868372372375   0.8   0   0   1
3.73870706706709   0.8   0   0   1
3.74873041041043   0.8   0   0   1
3.75875375375378   0.8   0   0   1
3.76877709709712   0.8   0   0   1
3.77880044044046   0.8   0   0   1
3.78882378378381   0.8   0   0   1
3.79884712712715   0.8   0   0   1
3.80887047047049   0.8   0   0   1
3.81889381381384   0.8   0   0   1
3.82891715715718   0.8   0   0   1
3.83894050050052   0.8   0   0   1
3.84896384384387   0.8   0   0   1
3.85898718718721   0.8   0   0   1
3.86901053053055   0.8   0   0   1
3.8790338738739   0.8   0   0   1
3.88905721721724   0.8   0   0   1
3.89908056056058   0.8   0   0   1
3.90910390390393   0.8   0   0   1
3.91912724724727   0.8   0   0   1
3.92915059059061   0.8   0   0   1
3.93917393393396   0.8   0   0   1
3.9491972772773   0.8   0   0   1
3.95922062062064   0.8   0   0   1
3.96924396396399   0.8   0   0   1
3.97926730730733   0.8   0   0   1
3.98929065065068   0.8   0   0   1
3.99931399399402   0.8   0   0   1
4.00933733733736   0.8   0   0   1
4.01936068068071   0.8   0   0   1
4.02938402402405   0.8   0   0   1
4.03940736736739   0.8   0   0   1
4.04943071071074   0.8   0   0   1
4.05945405405408   0.8   0   0   1
4.06947739739742   0.8   0   0   1
4.07950074074077   0.8   0   0   1
4.08952408408411   0.8   0   0   1
4.09954742742745   0.8   0   0   1
4.1095707707708   0.8   0   0   1
4.11959411411414   0.8   0   0   1
4.12961745745748   0.8   0   0   1
4.13964080080083   0.8   0   0   1
4.14966414414417   0.8   0   0   1
4.15968748748751   0.8   0   0   1
4.16971083083086   0.8   0   0   1
4.1797341741742   0.8   0   0   1
4.18975751751754   0.8   0   0   1
4.19978086086089   0.8   0   0   1
4.20980420420423   0.8   0   0   1
4.21982754754757   0.8   0   0   1
4.22985089089092   0.8   0   0   1
4.23987423423426   0.8   0   0   1
4.2498975775776   0.8   0   0   1
4.25992092092095   0.8   0   0   1
4.26994426426429   0.8   0   0   1
4.27996760760763   0.8   0   0   1
4.28999095095098   0.8   0   0   1
4.30001429429432   0.8   0   0   1
4.31003763763766   0.8   0   0   1
4.32006098098101   0.8   0   0   1
4.33008432432435   0.8   0   0   1
4.3401076676677   0.8   0   0   1
4.35013101101104   0.8   0   0   1
4.36015435435438   0.8   0   0   1
4.37017769769773   0.8   0   0   1
4.38020104104107   0.8   0   0   1
4.39022438438441   0.8   0   0   1
4.40024772772776   0.8   0   0   1
4.4102710710711   0.8   0   0   1
4.42029441441444   0.8   0   0   1
4.43031775775779   0.8   0   0   1
4.44034110110113   0.8   0   0   1
4.45036444444447   0.8   0   0   1
4.46038778778782   0.8   0   0   1
4.47041113113116   0.8   0   0   1
4.4804344744745   0.8   0   0   1
4.49045781781785   0.8   0   0   1
4.50048116116119   0.8   0   0   1
4.51050450450453   0.8   0   0   1
4.52052784784788   0.8   0   0   1
4.53055119119122   0.8   0   0   1
4.54057453453456   0.8   0   0   1
4.55059787787791   0.8   0   0   1
4.56062122122125   0.8   0   0   1
4.57064456456459   0.8   0   0   1
4.58066790790794   0.8   0   0   1
4.59069125125128   0.8   0   0   1
4.60071459459462   0.8   0   0   1
4.61073793793797   0.8   0   0   1
4.62076128128131   0.8   0   0   1
4.63078462462465   0.8   0   0   1
4.640807967968   0.8   0   0   1
4.65083131131134   0.8   0   0   1
4.66085465465468   0.8   0   0   1
4.67087799799803   0.8   0   0   1
4.68090134134137   0.8   0   0   1
4.69092468468472   0.8   0   0   1
4.70094802802806   0.8   0   0   1
4.7109713713714   0.8   0   0   1
4.72099471471475   0.8   0   0   1
4.73101805805809   0.8   0   0   1
4.74104140140143   0.8   0   0   1
4.75106474474478   0.8   0   0   1
4.76108808808812   0.8   0   0   1
4.77111143143146   0.8   0   0   1
4.78113477477481   0.8   0   0   1
4.79115811811815   0.8   0   0   1
4.80118146146149   0.8   0   0   1
4.81120480480484   0.8   0   0   1
4.82122814814818   0.8   0   0   1
4.83125149149152   0.8   0   0   1
4.84127483483487   0.8   0   0   1
4.85129817817821   0.8   0   0   1
4.86132152152155   0.8   0   0   1
4.8713448648649   0.8   0   0   1
4.88136820820824   0.8   0   0   1
4.89139155155158   0.8   0   0   1
4.90141489489493   0.8   0   0   1
4.91143823823827   0.8   0   0   1
4.92146158158161   0.8   0   0   1
4.93148492492496   0.8   0   0   1
4.9415082682683   0.8   0   0   1
4.95153161161164   0.8   0   0   1
4.96155495495499   0.8   0   0   1
4.97157829829833   0.8   0   0   1
4.98160164164167   0.8   0   0   1
4.99162498498502   0.8   0   0   1
5.00164832832836   0.8   0   0   1
5.0116716716717   0.8   0   0   1
5.02169501501505   0.8   0   0   1
5.03171835835839   0.8   0   0   1
5.04174170170173   0.8   0   0   1
5.05176504504508   0.8   0   0   1
5.06178838838842   0.8   0   0   1
5.07181173173177   0.8   0   0   1
5.08183507507511   0.8   0   0   1
5.09185841841845   0.8   0   0   1
5.1018817617618   0.8   0   0   1
5.11190510510514   0.8   0   0   1
5.12192844844848   0.8   0   0   1
5.13195179179183   0.8   0   0   1
5.14197513513517   0.8   0   0   1
5.15199847847851   0.8   0   0   1
5.16202182182186   0.8   0   0   1
5.1720451651652   0.8   0   0   1
5.18206850850854   0.8   0   0   1
5.19209185185189   0.8   0   0   1
5.20211519519523   0.8   0   0   1
5.21213853853857   0.8   0   0   1
5.22216188188192   0.8   0   0   1
5.23218522522526   0.8   0   0   1
5.2422085685686   0.8   0   0   1
5.25223191191195   0.8   0   0   1
5.26225525525529   0.8   0   0   1
5.27227859859863   0.8   0   0   1
5.28230194194198   0.8   0   0   1
5.29232528528532   0.8   0   0   1
5.30234862862866   0.8   0   0   1
5.31237197197201   0.8   0   0   1
5.32239531531535   0.8   0   0   1
5.33241865865869   0.8   0   0   1
5.34244200200204   0.8   0   0   1
5.35246534534538   0.8   0   0   1
5.36248868868872   0.8   0   0   1
5.37251203203207   0.8   0   0   1
5.38253537537541   0.8   0   0   1
5.39255871871875   0.8   0   0   1
5.4025820620621   0.8   0   0   1
5.41260540540544   0.8   0   0   1
5.42262874874879   0.8   0   0   1
5.43265209209213   0.8   0   0   1
5.44267543543547   0.8   0   0   1
5.45269877877882   0.8   0   0   1
5.46272212212216   0.8   0   0   1
5.4727454654655   0.8   0   0   1
5.48276880880885   0.8   0   0   1
5.49279215215219   0.8   0   0   1
5.50281549549553   0.8   0   0   1
5.51283883883888   0.8   0   0   1
5.52286218218222   0.8   0   0   1
5.53288552552556   0.8   0   0   1
5.54290886886891   0.8   0   0   1
5.55293221221225   0.8   0   0   1
5.56295555555559   0.8   0   0   1
5.57297889889894   0.8   0   0   1
5.58300224224228   0.8   0   0   1
5.59302558558562   0.8   0   0   1
5.60304892892897   0.8   0   0   1
5.61307227227231   0.8   0   0   1
5.62309561561565   0.8   0   0   1
5.633118958959   0.8   0   0   1
5.64314230230234   0.8   0   0   1
5.65316564564568   0.8   0   0   1
5.66318898898903   0.8   0   0   1
5.67321233233237   0.8   0   0   1
5.68323567567571   0.8   0   0   1
5.69325901901906   0.8   0   0   1
5.7032823623624   0.8   0   0   1
5.71330570570574   0.8   0   0   1
5.72332904904909   0.8   0   0   1
5.73335239239243   0.8   0   0   1
5.74337573573577   0.8   0   0   1
5.75339907907912   0.8   0   0   1
5.76342242242246   0.8   0   0   1
5.77344576576581   0.8   0   0   1
5.78346910910915   0.8   0   0   1
5.79349245245249   0.8   0   0   1
5.80351579579584   0.8   0   0   1
5.81353913913918   0.8   0   0   1
5.82356248248252   0.8   0   0   1
5.83358582582587   0.8   0   0   1
5.84360916916921   0.8   0   0   1
5.85363251251255   0.8   0   0   1
5.8636558558559   0.8   0   0   1
5.87367919919924   0.8   0   0   1
5.88370254254258   0.8   0   0   1
5.89372588588593   0.8   0   0   1
5.90374922922927   0.8   0   0   1
5.91377257257261   0.8   0   0   1
5.92379591591596   0.8   0   0   1
5.9338192592593   0.8   0   0   1
5.94384260260264   0.8   0   0   1
5.95386594594599   0.8   0   0   1
5.96388928928933   0.8   0   0   1
5.97391263263267   0.8   0   0   1
5.98393597597602   0.8   0   0   1
5.99395931931936   0.8   0   0   1
6.0039826626627   0.8   0   0   1
6.01400600600605   0.8   0   0   1
6.02402934934939   0.8   0   0   1
6.03405269269273   0.8   0   0   1
6.04407603603608   0.8   0   0   1
6.05409937937942   0.8   0   0   1
6.06412272272276   0.8   0   0   1
6.07414606606611   0.8   0   0   1
6.08416940940945   0.8   0   0   1
6.09419275275279   0.8   0   0   1
6.10421609609614   0.8   0   0   1
6.11423943943948   0.8   0   0   1
6.12426278278283   0.8   0   0   1
6.13428612612617   0.8   0   0   1
6.14430946946951   0.8   0   0   1
6.15433281281286   0.8   0   0   1
6.1643561561562   0.8   0   0   1
6.17437949949954   0.8   0   0   1
6.18440284284289   0.8   0   0   1
6.19442618618623   0.8   0   0   1
6.20444952952957   0.8   0   0   1
6.21447287287292   0.8   0   0   1
6.22449621621626   0.8   0   0   1
6.2345195595596   0.8   0   0   1
6.24454290290295   0.8   0   0   1
6.25456624624629   0.8   0   0   1
6.26458958958963   0.8   0   0   1
6.27461293293298   0.8   0   0   1
6.28463627627632   0.8   0   0   1
6.29465961961966   0.8   0   0   1
6.30468296296301   0.8   0   0   1
6.31470630630635   0.8   0   0   1
6.32472964964969   0.8   0   0   1
6.33475299299304   0.8   0   0   1
6.34477633633638   0.8   0   0   1
6.35479967967972   0.8   0   0   1
6.36482302302307   0.8   0   0   1
6.37484636636641   0.8   0   0   1
6.38486970970975   0.8   0   0   1
6.3948930530531   0.8   0   0   1
6.40491639639644   0.8   0   0   1
6.41493973973978   0.8   0   0   1
6.42496308308313   0.8   0   0   1
6.43498642642647   0.8   0   0   1
6.44500976976981   0.8   0   0   1
6.45503311311316   0.8   0   0   1
6.4650564564565   0.8   0   0   1
6.47507979979985   0.8   0   0   1
6.48510314314319   0.8   0   0   1
6.49512648648653   0.8   0   0   1
6.50514982982988   0.8   0   0   1
6.51517317317322   0.8   0   0   1
6.52519651651656   0.8   0   0   1
6.53521985985991   0.8   0   0   1
6.54524320320325   0.8   0   0   1
6.55526654654659   0.8   0   0   1
6.56528988988994   0.8   0   0   1
6.57531323323328   0.8   0   0   1
6.58533657657662   0.8   0   0   1
6.59535991991997   0.8   0   0   1
6.60538326326331   0.8   0   0   1
6.61540660660665   0.8   0   0   1
6.62542994995   0.8   0   0   1
6.63545329329334   0.8   0   0   1
6.64547663663668   0.8   0   0   1
6.65549997998003   0.8   0   0   1
6.66552332332337   0.8   0   0   1
6.67554666666671   0.8   0   0   1
6.68557001001006   0.8   0   0   1
6.6955933533534   0.8   0   0   1
6.70561669669674   0.8   0   0   1
6.71564004004009   0.8   0   0   1
6.72566338338343   0.8   0   0   1
6.73568672672677   0.8   0   0   1
6.74571007007012   0.8   0   0   1
6.75573341341346   0.8   0   0   1
6.7657567567568   0.8   0   0   1
6.77578010010015   0.8   0   0   1
6.78580344344349   0.8   0   0   1
6.79582678678683   0.8   0   0   1
6.80585013013018   0.8   0   0   1
6.81587347347352   0.8   0   0   1
6.82589681681686   0.8   0   0   1
6.83592016016021   0.8   0   0   1
6.84594350350355   0.8   0   0   1
6.8559668468469   0.8   0   0   1
6.86599019019024   0.8   0   0   1
6.87601353353358   0.8   0   0   1
6.88603687687693   0.8   0   0   1
6.89606022022027   0.8   0   0   1
6.90608356356361   0.8   0   0   1
6.91610690690696   0.8   0   0   1
6.9261302502503   0.8   0   0   1
6.93615359359364   0.8   0   0   1
6.94617693693699   0.8   0   0   1
6.95620028028033   0.8   0   0   1
6.96622362362367   0.8   0   0   1
6.97624696696702   0.8   0   0   1
6.98627031031036   0.8   0   0   1
6.9962936536537   0.8   0   0   1
7.00631699699705   0.8   0   0   1
7.01634034034039   0.8   0   0   1
7.02636368368373   0.8   0   0   1
7.03638702702708   0.8   0   0   1
7.04641037037042   0.8   0   0   1
7.05643371371376   0.8   0   0   1
7.06645705705711   0.8   0   0   1
7.07648040040045   0.8   0   0   1
7.08650374374379   0.8   0   0   1
7.09652708708714   0.8   0   0   1
7.10655043043048   0.8   0   0   1
7.11657377377382   0.8   0   0   1
7.12659711711717   0.8   0   0   1
7.13662046046051   0.8   0   0   1
7.14664380380385   0.8   0   0   1
7.1566671471472   0.8   0   0   1
7.16669049049054   0.8   0   0   1
7.17671383383388   0.8   0   0   1
7.18673717717723   0.8   0   0   1
7.19676052052057   0.8   0   0   1
7.20678386386392   0.8   0   0   1
7.21680720720726   0.8   0   0   1
7.2268305505506   0.8   0   0   1
7.23685389389395   0.8   0   0   1
7.24687723723729   0.8   0   0   1
7.25690058058063   0.8   0   0   1
7.26692392392398   0.8   0   0   1
7.27694726726732   0.8   0   0   1
7.28697061061066   0.8   0   0   1
7.29699395395401   0.8   0   0   1
7.30701729729735   0.8   0   0   1
7.31704064064069   0.8   0   0   1
7.32706398398404   0.8   0   0   1
7.33708732732738   0.8   0   0   1
7.34711067067072   0.8   0   0   1
7.35713401401407   0.8   0   0   1
7.36715735735741   0.8   0   0   1
7.37718070070075   0.8   0   0   1
7.3872040440441   0.8   0   0   1
7.39722738738744   0.8   0   0   1
7.40725073073078   0.8   0   0   1
7.41727407407413   0.8   0   0   1
7.42729741741747   0.8   0   0   1
7.43732076076081   0.8   0   0   1
7.44734410410416   0.8   0   0   1
7.4573674474475   0.8   0   0   1
7.46739079079084   0.8   0   0   1
7.47741413413419   0.8   0   0   1
7.48743747747753   0.8   0   0   1
7.49746082082087   0.8   0   0   1
7.50748416416422   0.8   0   0   1
7.51750750750756   0.8   0   0   1
7.5275308508509   0.8   0   0   1
7.53755419419425   0.8   0   0   1
7.54757753753759   0.8   0   0   1
7.55760088088094   0.8   0   0   1
7.56762422422428   0.8   0   0   1
7.57764756756762   0.8   0   0   1
7.58767091091097   0.8   0   0   1
7.59769425425431   0.8   0   0   1
7.60771759759765   0.8   0   0   1
7.617740940941   0.8   0   0   1
7.62776428428434   0.8   0   0   1
7.63778762762768   0.8   0   0   1
7.64781097097103   0.8   0   0   1
7.65783431431437   0.8   0   0   1
7.66785765765771   0.8   0   0   1
7.67788100100106   0.8   0   0   1
7.6879043443444   0.8   0   0   1
7.69792768768774   0.8   0   0   1
7.70795103103109   0.8   0   0   1
7.71797437437443   0.8   0   0   1
7.72799771771777   0.8   0   0   1
7.73802106106112   0.8   0   0   1
7.74804440440446   0.8   0   0   1
7.7580677477478   0.8   0   0   1
7.76809109109115   0.8   0   0   1
7.77811443443449   0.8   0   0   1
7.78813777777783   0.8   0   0   1
7.79816112112118   0.8   0   0   1
7.80818446446452   0.8   0   0   1
7.81820780780786   0.8   0   0   1
7.82823115115121   0.8   0   0   1
7.83825449449455   0.8   0   0   1
7.84827783783789   0.8   0   0   1
7.85830118118124   0.8   0   0   1
7.86832452452458   0.8   0   0   1
7.87834786786792   0.8   0   0   1
7.88837121121127   0.8   0   0   1
7.89839455455461   0.8   0   0   1
7.90841789789796   0.8   0   0   1
7.9184412412413   0.8   0   0   1
7.92846458458464   0.8   0   0   1
7.93848792792799   0.8   0   0   1
7.94851127127133   0.8   0   0   1
7.95853461461467   0.8   0   0   1
7.96855795795802   0.8   0   0   1
7.97858130130136   0.8   0   0   1
7.9886046446447   0.8   0   0   1
7.99862798798805   0.8   0   0   1
8.00865133133139   0.8   0   0   1
8.01867467467473   0.8   0   0   1
8.02869801801808   0.8   0   0   1
8.03872136136142   0.8   0   0   1
8.04874470470476   0.8   0   0   1
8.05876804804811   0.8   0   0   1
8.06879139139145   0.8   0   0   1
8.07881473473479   0.8   0   0   1
8.08883807807814   0.8   0   0   1
8.09886142142148   0.8   0   0   1
8.10888476476482   0.8   0   0   1
8.11890810810817   0.8   0   0   1
8.12893145145151   0.8   0   0   1
8.13895479479485   0.8   0   0   1
8.1489781381382   0.8   0   0   1
8.15900148148154   0.8   0   0   1
8.16902482482488   0.8   0   0   1
8.17904816816823   0.8   0   0   1
8.18907151151157   0.8   0   0   1
8.19909485485491   0.8   0   0   1
8.20911819819826   0.8   0   0   1
8.2191415415416   0.8   0   0   1
8.22916488488494   0.8   0   0   1
8.23918822822829   0.8   0   0   1
8.24921157157163   0.8   0   0   1
8.25923491491498   0.8   0   0   1
8.26925825825832   0.8   0   0   1
8.27928160160166   0.8   0   0   1
8.28930494494501   0.8   0   0   1
8.29932828828835   0.8   0   0   1
8.30935163163169   0.8   0   0   1
8.31937497497504   0.8   0   0   1
8.32939831831838   0.8   0   0   1
8.33942166166172   0.8   0   0   1
8.34944500500507   0.8   0   0   1
8.35946834834841   0.8   0   0   1
8.36949169169175   0.8   0   0   1
8.3795150350351   0.8   0   0   1
8.38953837837844   0.8   0   0   1
8.39956172172178   0.8   0   0   1
8.40958506506513   0.8   0   0   1
8.41960840840847   0.8   0   0   1
8.42963175175181   0.8   0   0   1
8.43965509509516   0.8   0   0   1
8.4496784384385   0.8   0   0   1
8.45970178178184   0.8   0   0   1
8.46972512512519   0.8   0   0   1
8.47974846846853   0.8   0   0   1
8.48977181181187   0.8   0   0   1
8.49979515515522   0.8   0   0   1
8.50981849849856   0.8   0   0   1
8.5198418418419   0.8   0   0   1
8.52986518518525   0.8   0   0   1
8.53988852852859   0.8   0   0   1
8.54991187187193   0.8   0   0   1
8.55993521521528   0.8   0   0   1
8.56995855855862   0.8   0   0   1
8.57998190190196   0.8   0   0   1
8.59000524524531   0.8   0   0   1
8.60002858858865   0.8   0   0   1
8.610051931932   0.8   0   0   1
8.62007527527534   0.8   0   0   1
8.63009861861868   0.8   0   0   1
8.64012196196203   0.8   0   0   1
8.65014530530537   0.8   0   0   1
8.66016864864871   0.8   0   0   1
8.67019199199206   0.8   0   0   1
8.6802153353354   0.8   0   0   1
8.69023867867874   0.8   0   0   1
8.70026202202209   0.8   0   0   1
8.71028536536543   0.8   0   0   1
8.72030870870877   0.8   0   0   1
8.73033205205212   0.8   0   0   1
8.74035539539546   0.8   0   0   1
8.7503787387388   0.8   0   0   1
8.76040208208215   0.8   0   0   1
8.77042542542549   0.8   0   0   1
8.78044876876883   0.8   0   0   1
8.79047211211218   0.8   0   0   1
8.80049545545552   0.8   0   0   1
8.81051879879886   0.8   0   0   1
8.82054214214221   0.8   0   0   1
8.83056548548555   0.8   0   0   1
8.84058882882889   0.8   0   0   1
8.85061217217224   0.8   0   0   1
8.86063551551558   0.8   0   0   1
8.87065885885892   0.8   0   0   1
8.88068220220227   0.8   0   0   1
8.89070554554561   0.8   0   0   1
8.90072888888895   0.8   0   0   1
8.9107522322323   0.8   0   0   1
8.92077557557564   0.8   0   0   1
8.93079891891898   0.8   0   0   1
8.94082226226233   0.8   0   0   1
8.95084560560567   0.8   0   0   1
8.96086894894901   0.8   0   0   1
8.97089229229236   0.8   0   0   1
8.9809156356357   0.8   0   0   1
8.99093897897905   0.8   0   0   1
9.00096232232239   0.8   0   0   1
9.01098566566573   0.8   0   0   1
9.02100900900908   0.8   0   0   1
9.03103235235242   0.8   0   0   1
9.04105569569576   0.8   0   0   1
9.05107903903911   0.8   0   0   1
9.06110238238245   0.8   0   0   1
9.07112572572579   0.8   0   0   1
9.08114906906914   0.8   0   0   1
9.09117241241248   0.8   0   0   1
9.10119575575582   0.8   0   0   1
9.11121909909917   0.8   0   0   1
9.12124244244251   0.8   0   0   1
9.13126578578585   0.8   0   0   1
9.1412891291292   0.8   0   0   1
9.15131247247254   0.8   0   0   1
9.16133581581588   0.8   0   0   1
9.17135915915923   0.8   0   0   1
9.18138250250257   0.8   0   0   1
9.19140584584591   0.8   0   0   1
9.20142918918926   0.8   0   0   1
9.2114525325326   0.8   0   0   1
9.22147587587594   0.8   0   0   1
9.23149921921929   0.8   0   0   1
9.24152256256263   0.8   0   0   1
9.25154590590597   0.8   0   0   1
9.26156924924932   0.8   0   0   1
9.27159259259266   0.8   0   0   1
9.281615935936   0.8   0   0   1
9.29163927927935   0.8   0   0   1
9.30166262262269   0.8   0   0   1
9.31168596596603   0.8   0   0   1
9.32170930930938   0.8   0   0   1
9.33173265265272   0.8   0   0   1
9.34175599599607   0.8   0   0   1
9.35177933933941   0.8   0   0   1
9.36180268268275   0.8   0   0   1
9.3718260260261   0.8   0   0   1
9.38184936936944   0.8   0   0   1
9.39187271271278   0.8   0   0   1
9.40189605605613   0.8   0   0   1
9.41191939939947   0.8   0   0   1
9.42194274274281   0.8   0   0   1
9.43196608608616   0.8   0   0   1
9.4419894294295   0.8   0   0   1
9.45201277277284   0.8   0   0   1
9.46203611611619   0.8   0   0   1
9.47205945945953   0.8   0   0   1
9.48208280280287   0.8   0   0   1
9.49210614614622   0.8   0   0   1
9.50212948948956   0.8   0   0   1
9.5121528328329   0.8   0   0   1
9.52217617617625   0.8   0   0   1
9.53219951951959   0.8   0   0   1
9.54222286286293   0.8   0   0   1
9.55224620620628   0.8   0   0   1
9.56226954954962   0.8   0   0   1
9.57229289289296   0.8   0   0   1
9.58231623623631   0.8   0   0   1
9.59233957957965   0.8   0   0   1
9.60236292292299   0.8   0   0   1
9.61238626626634   0.8   0   0   1
9.62240960960968   0.8   0   0   1
9.63243295295302   0.8   0   0   1
9.64245629629637   0.8   0   0   1
9.65247963963971   0.8   0   0   1
9.66250298298305   0.8   0   0   1
9.6725263263264   0.8   0   0   1
9.68254966966974   0.8   0   0   1
9.69257301301309   0.8   0   0   1
9.70259635635643   0.8   0   0   1
9.71261969969977   0.8   0   0   1
9.72264304304312   0.8   0   0   1
9.73266638638646   0.8   0   0   1
9.7426897297298   0.8   0   0   1
9.75271307307315   0.8   0   0   1
9.76273641641649   0.8   0   0   1
9.77275975975983   0.8   0   0   1
9.78278310310318   0.8   0   0   1
9.79280644644652   0.8   0   0   1
9.80282978978986   0.8   0   0   1
9.81285313313321   0.8   0   0   1
9.82287647647655   0.8   0   0   1
9.83289981981989   0.8   0   0   1
9.84292316316324   0.8   0   0   1
9.85294650650658   0.8   0   0   1
9.86296984984992   0.8   0   0   1
9.87299319319327   0.8   0   0   1
9.88301653653661   0.8   0   0   1
9.89303987987995   0.8   0   0   1
9.9030632232233   0.8   0   0   1
9.91308656656664   0.8   0   0   1
9.92310990990998   0.8   0   0   1
9.93313325325333   0.8   0   0   1
9.94315659659667   0.8   0   0   1
9.95317993994001   0.8   0   0   1
9.96320328328336   0.8   0   0   1
9.9732266266267   0.8   0   0   1
9.98324996997004   0.8   0   0   1
9.99327331331339   0.8   0   0   1
10.0032966566567   0.8   0   0   1
10.0133200000001   0.8   0   0   1
