variables = x,rho,u,v,p
0   3.8571   2.6293   0   10.3333
0.0100233433433433   3.8571   2.6293   0   10.3333
0.0200466866866867   3.8571   2.6293   0   10.3333
0.03007003003003   3.8571   2.6293   0   10.3333
0.0400933733733734   3.8571   2.6293   0   10.3333
0.0501167167167167   3.8571   2.6293   0   10.3333
0.0601400600600601   3.8571   2.6293   0   10.3333
0.0701634034034034   3.8571   2.6293   0   10.3333
0.0801867467467468   3.8571   2.6293   0   10.3333
0.0902100900900901   3.8571   2.6293   0   10.3333
0.100233433433433   3.8571   2.6293   0   10.3333
0.110256776776777   3.8571   2.6293   0   10.3333
0.12028012012012   3.8571   2.6293   0   10.3333
0.130303463463463   3.8571   2.6293   0   10.3333
0.140326806806807   3.8571   2.6293   0   10.3333
0.15035015015015   3.8571   2.6293   0   10.3333
0.160373493493494   3.8571   2.6293   0   10.3333
0.170396836836837   3.8571   2.6293   0   10.3333
0.18042018018018   3.8571   2.6293   0   10.3333
0.190443523523524   3.8571   2.6293   0   10.3333
0.200466866866867   3.8571   2.6293   0   10.3333
0.21049021021021   3.8571   2.6293   0   10.3333
0.220513553553554   3.8571   2.6293   0   10.3333
0.230536896896897   3.8571   2.6293   0   10.3333
0.24056024024024   3.8571   2.6293   0   10.3333
0.250583583583584   3.8571   2.6293   0   10.3333
0.260606926926927   3.8571   2.6293   0   10.3333
0.27063027027027   3.8571   2.6293   0   10.3333
0.280653613613614   3.8571   2.6293   0   10.3333
0.290676956956957   3.8571   2.6293   0   10.3333
0.3007003003003   3.8571   2.6293   0   10.3333
0.310723643643644   3.8571   2.6293   0   10.3333
0.320746986986987   3.8571   2.6293   0   10.3333
0.330770330330331   3.8571   2.6293   0   10.3333
0.340793673673674   3.8571   2.6293   0   10.3333
0.350817017017017   3.8571   2.6293   0   10.3333
0.360840360360361   3.8571   2.6293   0   10.3333
0.370863703703704   3.8571   2.6293   0   10.3333
0.380887047047047   3.8571   2.6293   0   10.3333
0.390910390390391   3.8571   2.6293   0   10.3333
0.400933733733734   3.8571   2.6293   0   10.3333
0.410957077077078   3.8571   2.6293   0   10.3333
0.420980420420421   3.8571   2.6293   0   10.3333
0.431003763763764   3.8571   2.6293   0   10.3333
0.441027107107108   3.8571   2.6293   0   10.3333
0.451050450450451   3.8571   2.6293   0   10.3333
0.461073793793794   3.8571   2.6293   0   10.3333
0.471097137137138   3.8571   2.6293   0   10.3333
0.481120480480481   3.8571   2.6293   0   10.3333
0.491143823823825   3.8571   2.6293   0   10.3333
0.501167167167168   3.8571   2.6293   0   10.3333
0.511190510510511   3.8571   2.6293   0   10.3333
0.521213853853855   3.8571   2.6293   0   10.3333
0.531237197197198   3.8571   2.6293   0   10.3333
0.541260540540541   3.8571   2.6293   -7.64563258109159e-17   10.3333
0.551283883883884   3.85709999999999   2.62930000000001   -1.82907497664756e-16   10.3332999999999
0.561307227227228   3.85709999999996   2.62930000000002   -4.07908045619982e-16   10.3332999999998
0.571330570570571   3.8570999999999   2.62930000000006   -4.79077873246314e-16   10.3332999999996
0.581353913913914   3.85709999999979   2.62930000000012   -1.92938216430398e-16   10.3332999999991
0.591377257257258   3.85709999999957   2.62930000000025   -2.63004131362302e-16   10.3332999999981
0.601400600600601   3.85709999999915   2.6293000000005   -2.28147805478929e-16   10.3332999999962
0.611423943943944   3.85709999999834   2.62930000000098   -1.91149089622486e-16   10.3332999999926
0.621447287287288   3.85709999999679   2.62930000000188   -2.19465984288838e-16   10.3332999999858
0.631470630630631   3.85709999999389   2.62930000000358   -2.28813874169438e-16   10.333299999973
0.641493973973974   3.85709999998846   2.62930000000674   -1.56120200932048e-16   10.3332999999492
0.651517317317318   3.85709999997841   2.62930000001259   -3.39127531041491e-16   10.3332999999051
0.661540660660661   3.85709999995995   2.6293000000233   -2.09167570584593e-16   10.3332999998243
0.671564004004004   3.85709999992635   2.62930000004275   -3.10872594787315e-16   10.3332999996777
0.681587347347348   3.85709999986577   2.62930000007775   -3.91761082277206e-17   10.333299999414
0.691610690690691   3.8570999997575   2.62930000014016   1.25266188230464e-16   10.3332999989438
0.701634034034034   3.85709999956572   2.62930000025045   -9.9348287641905e-17   10.333299998113
0.711657377377378   3.8570999992291   2.6293000004436   -2.44780132743425e-16   10.3332999966582
0.721680720720721   3.85709999864355   2.62930000077883   -2.98436352938057e-16   10.3332999941336
0.731704064064064   3.85709999763417   2.6293000013554   -1.62187968760455e-16   10.3332999897923
0.741727407407408   3.85709999590992   2.62930000233809   1.03826060789198e-16   10.3332999823941
0.751750750750751   3.85709999299118   2.62930000399778   3.86072176801933e-16   10.3332999699011
0.761774094094094   3.85709998809525   2.62930000677545   5.75028015677305e-16   10.3332999489957
0.771797437437437   3.85709997995735   2.62930001138196   7.23677933920468e-16   10.3332999143313
0.781820780780781   3.85709996655383   2.62930001895188   8.61703260531776e-16   10.3332998573754
0.791844124124124   3.85709994467876   2.6293000312782   8.26478802159206e-16   10.3332997646462
0.801867467467467   3.85709990930373   2.62930005116624   5.22675271827714e-16   10.3332996150537
0.811890810810811   3.85709985262048   2.62930008296134   7.72305427688963e-16   10.333299375935
0.821914154154154   3.85709976262577   2.62930013332669   9.16588965164505e-16   10.3332989972129
0.831937497497497   3.85709962105385   2.6293002123765   9.0134785343367e-16   10.3332984028861
0.841960840840841   3.8570994003911   2.62930033530737   1.1887449713667e-15   10.3332974787815
0.851984184184184   3.85709905961702   2.62930052471878   1.09378560185595e-15   10.3332960551348
0.862007527527527   3.85709853820186   2.62930081387358   9.24816990290903e-16   10.3332938821211
0.872030870870871   3.85709774775197   2.62930125122231   9.28961991232264e-16   10.3332905959059
0.882054214214214   3.85709656052793   2.6293019066014   9.15521544046432e-16   10.3332856721456
0.892077557557557   3.85709479386869   2.62930287961471   1.10091557813547e-15   10.3332783631223
0.902100900900901   3.85709218934169   2.62930431081596   1.07620397926789e-15   10.3332676138869
0.912124244244244   3.85708838521324   2.62930639642404   1.02598544711148e-15   10.3332519519351
0.922147587587587   3.85708288060939   2.62930940741328   1.16143617402519e-15   10.3332293441161
0.932170930930931   3.85707498953688   2.62931371391663   1.48342856461861e-15   10.3331970137654
0.942194274274274   3.85706378278653   2.62931981594472   1.29342057852085e-15   10.3331512105698
0.952217617617617   3.85704801568363   2.62932838143907   1.32702723185546e-15   10.3330869255762
0.96224096096096   3.85702603972769   2.62934029261903   1.43003658863399e-15   10.3329975442041
0.972264304304304   3.85699569642668   2.62935670142581   1.76670925564505e-15   10.3328744313194
0.982287647647647   3.85695419212991   2.62937909458556   2.00443734288259e-15   10.3327064445572
0.99231099099099   3.85689795344652   2.62940936838696   2.22967535627673e-15   10.3324793753203
1.00233433433433   3.8568224639394   2.62944991267901   2.23051566189185e-15   10.3321753213431
1.01235767767768   3.85672208422087   2.62950370284008   2.40915140835933e-15   10.3317720004321
1.02238102102102   3.85658985933271   2.62957439756061   2.50541335782713e-15   10.331242021889
1.03240436436436   3.85641731931293   2.62966643925375   2.4063905000065e-15   10.3305521399262
1.04242770770771   3.85619428103324   2.62978515281712   2.81078440412144e-15   10.3296625216958
1.05245105105105   3.85590866158284   2.62993683739797   3.15243406137853e-15   10.3285260707215
1.06247439439439   3.85554631547792   2.63012884486587   3.4110037000659e-15   10.3270878537911
1.07249773773774   3.85509090955827   2.63036963799167   3.57285911065198e-15   10.3252846848032
1.08252108108108   3.85452385034485   2.6306688209909   4.00456645464546e-15   10.3230449217401
1.09254442442442   3.8538242786387   2.63103713522504   4.36354106075419e-15   10.3202885319667
1.10256776776777   3.85296914505213   2.6314864135495   5.21650364560717e-15   10.3169274757789
1.11259111111111   3.85193337786815   2.63202948808916   5.7260477193756e-15   10.3128664482005
1.12261445445445   3.85069015112494   2.63268004809127   6.35995404547417e-15   10.3080040045613
1.1326377977978   3.84921125624964   2.63345244686363   6.72409268983652e-15   10.3022340770061
1.14266114114114   3.84746757518603   2.63436145950239   6.91270195115102e-15   10.2954478679069
1.15268448448449   3.84542964715671   2.63542199594302   7.39166867200943e-15   10.2875360837447
1.16270782782783   3.84306831543881   2.63664877659451   7.83543471152324e-15   10.2783914512379
1.17273117117117   3.84035543531088   2.6380559801984   8.3633402965203e-15   10.267911438247
1.18275451451452   3.83726462011605   2.63965687537622   8.85672511675382e-15   10.2560010870428
1.19277785785786   3.83377199956454   2.64146344843037   9.17359602944363e-15   10.2425758582659
1.2028012012012   3.82985696320963   2.64348604025743   9.23274807276314e-15   10.2275643811429
1.21282454454455   3.82550286255191   2.64573300471881   9.00356458511754e-15   10.2109110093976
1.22284788788789   3.82069764735687   2.6482103995737   8.71686931498877e-15   10.1925780922801
1.23287123123123   3.81543441525375   2.65092171926563   8.31945791564581e-15   10.172547885099
1.24289457457458   3.80971185814123   2.65386767666795   8.00385443876475e-15   10.1508240420273
1.25291791791792   3.80353459390841   2.65704603855808   7.59252953927171e-15   10.127432653974
1.26294126126126   3.79691337702618   2.66045151732234   7.04122767150454e-15   10.1024228141734
1.27296460460461   3.78986518624742   2.66407571938398   6.32425380129849e-15   10.0758667122277
1.28298794794795   3.78241319162936   2.66790714923851   5.97717098568383e-15   10.0478592723892
1.29301129129129   3.77458660611949   2.67193126686255   5.70138553794817e-15   10.0185173630411
1.30303463463464   3.76642042891122   2.67613059566238   5.53504760782496e-15   9.98797861129253
1.31305797797798   3.75795508868216   2.68048487801947   5.52249965927905e-15   9.95639985944234
1.32308132132132   3.7492359947925   2.68497127579414   5.75386286552672e-15   9.92395529931645
1.33310466466467   3.74031300375259   2.68956461374461   6.16597317724104e-15   9.89083431699012
1.34312800800801   3.7312398070506   2.69423766455685   6.21983027038342e-15   9.85723907527537
1.35315135135135   3.72207324509224   2.69896147488585   6.47992646415534e-15   9.82338185583347
1.3631746946947   3.71287255090385   2.70370573229593   6.7950031956978e-15   9.78948217818239
1.37319803803804   3.70369852674411   2.70843917307201   7.01208529434616e-15   9.75576371049805
1.38322138138138   3.6946126571873   2.71313003038269   7.34706908849617e-15   9.72245098811766
1.39324472472473   3.68567616385354   2.717746521072   7.10801167981159e-15   9.68976596096242
1.40326806806807   3.67694900993691   2.72225736735425   7.03737220252397e-15   9.65792440125183
1.41329141141141   3.66848886704972   2.72663234688182   6.86911048830313e-15   9.62713221790912
1.42331475475476   3.66035006250279   2.7308428611513   6.14328259589707e-15   9.59758174332262
1.4333380980981   3.65258253159766   2.73486250823971   5.89821962062894e-15   9.56944808021726
1.44336144144144   3.64523080620068   2.73866764178841   5.83603354997834e-15   9.54288561907141
1.45338478478479   3.6383330769659   2.7422378944754   5.62607867529078e-15   9.51802485680534
1.46340812812813   3.63192037107707   2.74555664152228   5.26417318978829e-15   9.49496966187228
1.47343147147147   3.62601588925404   2.74861137867699   5.15108507251226e-15   9.47379513579802
1.48345481481482   3.62063454409079   2.75139399012878   5.62996555723598e-15   9.45454621349824
1.49347815815816   3.61578273594307   2.75390088528835   6.2703457096185e-15   9.43723712231597
1.50350150150151   3.61145839241702   2.75613298935957   6.81623560023574e-15   9.42185178234531
1.51352484484485   3.60765128348455   2.75809558083085   7.35823377997045e-15   9.40834518004892
1.52354818818819   3.60434360745263   2.75979797875061   7.71393101594097e-15   9.39664568744952
1.53357153153154   3.60151082506765   2.76125309294047   8.09276107055269e-15   9.38665823614664
1.54359487487488   3.59912270189842   2.7624768599896   9.25187205373236e-15   9.37826819603241
1.55361821821822   3.59714450479829   2.76348759581967   1.00461819835515e-14   9.37134575982419
1.56364156156157   3.59553828839289   2.76430530087106   1.04037716947865e-14   9.3657506022338
1.57366490490491   3.59426420329231   2.76495095595423   1.08869463717325e-14   9.3613365704678
1.58368824824825   3.59328175944872   2.76544584540693   1.08697668799447e-14   9.35795617179902
1.5937115915916   3.59255098534618   2.7658109397209   1.09731508876877e-14   9.35546465235826
1.60373493493494   3.5920334354078   2.76606636295346   1.0710937987018e-14   9.35372350488059
1.61375827827828   3.59169301256479   2.76623096195318   1.06512325425453e-14   9.35260329615187
1.62378162162163   3.5914965885899   2.76632198571475   1.04545152579993e-14   9.35198576101728
1.63380496496497   3.59141441987968   2.76635487495787   1.00207828548419e-14   9.35176516312299
1.64382830830831   3.59142036950376   2.7663431550252   9.76628350908173e-15   9.35184896831554
1.65385165165166   3.59149195659282   2.76629841987764   9.54457456290592e-15   9.35215791168782
1.663874994995   3.59161026105746   2.76623039152149   9.07015436832449e-15   9.35262556223676
1.67389833833834   3.59175971521036   2.76614703758137   8.69375759703968e-15   9.35319750015442
1.68392168168169   3.59192781444736   2.76605472970424   8.50252797838612e-15   9.35383022229746
1.69394502502503   3.59210477730373   2.76595842670181   8.48160243601238e-15   9.35448988353243
1.70396836836837   3.59228318162556   2.76586186842457   8.10366244712506e-15   9.35515096794019
1.71399171171172   3.59245759897437   2.76576776893633   7.95166652109982e-15   9.35579496676057
1.72401505505506   3.59262424433388   2.76567800029635   8.02644711899669e-15   9.35640912165606
1.7340383983984   3.5927806532138   2.76559376089982   8.11936989852025e-15   9.35698527411226
1.74406174174175   3.59292539370608   2.76551572469825   8.22203857641473e-15   9.35751884580793
1.75408508508509   3.59305781716956   2.76544416961125   8.05947691882005e-15   9.35800796132663
1.76410842842843   3.59317784810032   2.76537908500628   7.97722034989605e-15   9.35845271396774
1.77413177177178   3.59328581139284   2.76532025926725   7.84126260669487e-15   9.35885456764085
1.78415511511512   3.5933822935443   2.76526734923308   7.79583037521503e-15   9.35921588265344
1.79417845845846   3.59346803328898   2.76521993372122   7.47650126777573e-15   9.35953955024781
1.80420180180181   3.59354383653679   2.76517755352382   6.89854294640003e-15   9.35982871956381
1.81422514514515   3.59361051018636   2.76513974024332   6.49521424679518e-15   9.36008660085109
1.82424848848849   3.59366880925363   2.76510603617893   6.32144155713765e-15   9.36031632981392
1.83427183183184   3.59371939168025   2.76507600723916   5.98516830986218e-15   9.3605208795899
1.84429517517518   3.59376277506267   2.76504925057834   5.36031450221359e-15   9.36070300875637
1.85431851851853   3.59379928929809   2.76502539836966   4.86533452911013e-15   9.3608652357132
1.86434186186187   3.59382901873229   2.76500411885348   4.76648041766414e-15   9.36100983165963
1.87436520520521   3.59385172680469   2.76498511555279   4.53606552022414e-15   9.3611388260732
1.88438854854856   3.59386675544262   2.76496812533329   4.35901892427876e-15   9.36125402006261
1.8944118918919   3.59387289062785   2.76495291580718   3.88784500890224e-15   9.36135700418731
1.90443523523524   3.59386818475695   2.7649392824353   3.66734780370859e-15   9.36144917832224
1.91445857857859   3.59384972580735   2.76492704556966   3.25314705115327e-15   9.36153177191666
1.92448192192193   3.59381334311419   2.76491604759264   2.80028142215093e-15   9.36160586358127
1.93450526526527   3.59375324001597   2.76490615024631   2.45431251516777e-15   9.36167239936739
1.94452860860862   3.59366154502406   2.76489723220032   1.73852315184829e-15   9.36173220940769
1.95455195195196   3.59352777580606   2.76488918687667   1.1316856564838e-15   9.36178602279672
1.9645752952953   3.59333821441766   2.76488192052932   5.52937640637734e-16   9.3618344807246
1.97459863863865   3.59307519807528   2.76487535056479   -2.67106164805864e-16   9.3618781479606
1.98462198198199   3.59271633742882   2.76486940408335   -1.01834276343993e-15   9.36191752282697
1.99464532532533   3.59223368369799   2.76486401661737   -1.4344036542964e-15   9.36195304582353
2.00466866866868   3.59159287689811   2.76485913104323   -2.18848048053996e-15   9.36198510706577
2.01469201201202   3.59075231917119   2.7648546966441   -2.78445366155993e-15   9.36201405269178
2.02471535535536   3.58966242916159   2.76485066830281   -2.95658896751813e-15   9.3620401903809
2.03473869869871   3.58826504438173   2.7648470058064   -2.75679045207734e-15   9.36206379411099
2.04476204204205   3.58649304733995   2.76484367324603   -2.72486402611236e-15   9.36208510826593
2.05478538538539   3.58427029646208   2.76484063849833   -2.3245002830513e-15   9.36210435118903
2.06480872872874   3.58151194313246   2.76483787277627   -1.68568439652718e-15   9.36212171826452
2.07483207207208   3.57812521026062   2.76483535023933   -7.55247451944278e-16   9.3621373845964
2.08485541541542   3.57401069471007   2.76483304765453   2.69465332724601e-16   9.36215150734323
2.09487875875877   3.56906423526115   2.76483094410093   1.20178059979643e-15   9.36216422775782
2.10490210210211   3.56317935971303   2.76482902071157   2.22144449441306e-15   9.36217567297312
2.11492544544545   3.55625029020281   2.76482726044775   3.00687866225827e-15   9.36218595756892
2.1249487887888   3.54817544655999   2.76482564790102   3.84953039778224e-15   9.36219518494798
2.13497213213214   3.53886134599876   2.76482416911944   4.51640338204392e-15   9.36220344854641
2.14499547547548   3.52822675676492   2.76482281145469   4.83712276594963e-15   9.36221083289858
2.15501881881883   3.51620692697587   2.76482156342729   5.08116367821647e-15   9.36221741457431
2.16504216216217   3.50275768138599   2.76482041460766   5.29823466119536e-15   9.36222326300334
2.17506550550551   3.48785916148255   2.76481935551077   5.24178630649965e-15   9.36222844120032
2.18508884884886   3.47151898085475   2.76481837750269   5.16774312735836e-15   9.36223300640162
2.1951121921922   3.45377457990865   2.76481747271743   5.1712845478832e-15   9.36223701062439
2.20513553553555   3.43469459223519   2.76481663398264   4.74129673785995e-15   9.36224050115677
2.21515887887889   3.41437907840722   2.76481585475307   4.23105263864482e-15   9.36224352098777
2.22518222222223   3.39295853942041   2.76481512905058   3.7364955172032e-15   9.36224610918415
2.23520556556558   3.37059168785921   2.76481445141008   3.27757140762247e-15   9.36224830122123
2.24522890890892   3.34746202561201   2.76481381683033   2.53566557993804e-15   9.36225012927385
2.25525225225226   3.32377334740281   2.76481322072919   1.18971083651407e-15   9.36225162247305
2.26527559559561   3.2997443542116   2.76481265890268   2.05898411055623e-17   9.36225280713358
2.27529893893895   3.27560261481496   2.76481212748738   -1.18722254949315e-15   9.36225370695677
2.28532228228229   3.25157815299123   2.76481162292585   -2.23387551922505e-15   9.36225434321246
2.29534562562564   3.22789695939674   2.76481114193465   -2.84862956774704e-15   9.36225473490358
2.30536896896898   3.20477472920228   2.76481068147483   -3.60264638493461e-15   9.36225489891604
2.31539231231232   3.1824111093587   2.76481023872455   -3.7479748782175e-15   9.36225485015612
2.32541565565567   3.16098470447792   2.76480981105365   -4.07745928535194e-15   9.36225460167726
2.33543899899901   3.14064904079968   2.76480939600002   -4.29146087324792e-15   9.36225416479731
2.34546234234235   3.12152962765549   2.76480899124753   -4.46587473681457e-15   9.36225354920728
2.3554856856857   3.10372218999278   2.76480859460551   -4.65856301953904e-15   9.3622527630719
2.36550902902904   3.08729207884621   2.76480820398942   -4.55540664031696e-15   9.36225181312204
2.37553237237238   3.07227480386489   2.76480781740264   -4.69170061126323e-15   9.36225070473894
2.38555571571573   3.05867757722237   2.7648074329193   -4.81815633953547e-15   9.3622494420294
2.39557905905907   3.04648171461089   2.76480704866764   -4.86255263657429e-15   9.36224802789114
2.40560240240241   3.03564570858917   2.76480666281394   -5.13756607878836e-15   9.36224646406643
2.41562574574576   3.02610877314615   2.76480627354618   -5.32734787724161e-15   9.36224475118123
2.4256490890891   3.01779465564645   2.76480587905697   -5.62594032053645e-15   9.36224288876471
2.43567243243244   3.01061552201334   2.7648054775242   -5.62917326553112e-15   9.36224087523991
2.44569577577579   3.00447574098122   2.76480506708702   -5.76460085735833e-15   9.36223870786831
2.45571911911913   2.9992754208947   2.76480464581247   -5.58157962096509e-15   9.36223638261592
2.46574246246247   2.99491358499955   2.76480421164426   -5.85886907983123e-15   9.36223389387882
2.47576580580582   2.99129090564522   2.76480376231717   -6.49773231635544e-15   9.36223123395082
2.48578914914916   2.98831195173688   2.76480329520603   -6.61651989301837e-15   9.36222839200833
2.4958124924925   2.98588693499855   2.7648028070499   -7.11842344239182e-15   9.36222535218397
2.50583583583585   2.98393296751771   2.76480229343828   -7.26156434646547e-15   9.36222208991084
2.51585917917919   2.98237486457491   2.76480174784364   -7.88356415516018e-15   9.36221856497581
2.52588252252253   2.98114554238114   2.76480115978845   -8.65927371979139e-15   9.36221470830197
2.53590586586588   2.98018606994989   2.76480051136114   -8.9678999732346e-15   9.36221039677382
2.54592920920922   2.97944543810353   2.76479977058213   -9.22973586824756e-15   9.36220540525466
2.55595255255257   2.9788801068096   2.76479887876019   -9.34077479940024e-15   9.36219931509464
2.56597589589591   2.97845338466886   2.76479772638325   -9.20706418472192e-15   9.36219133963373
2.57599923923925   2.97813468069991   2.76479610713534   -9.5053446690357e-15   9.3621799913531
2.5860225825826   2.97789864628304   2.76479363018364   -9.75140606181041e-15   9.36216244693972
2.59604592592594   2.97772418888671   2.76478955285825   -9.6910163489824e-15   9.3621333360813
2.60606926926928   2.97759327787357   2.76478246147038   -9.40367081937694e-15   9.36208243099399
2.61609261261263   2.97748935421404   2.76476966244199   -9.43585536724825e-15   9.36199023914717
2.62611595595597   2.97739495758674   2.76474602084315   -9.42850243057063e-15   9.36181959674302
2.63613929929931   2.9772878141573   2.76470174486659   -9.2372683151586e-15   9.3614996354165
2.64616264264266   2.97713392991606   2.76461815976031   -9.2211554468352e-15   9.36089520769591
2.656185985986   2.97687491048699   2.76445964701984   -9.26195959293343e-15   9.35974860033629
2.66620932932934   2.97640421582486   2.76415827021871   -9.00306855431269e-15   9.35756847905806
2.67623267267269   2.97552229891371   2.76358445575134   -8.97033471777254e-15   9.3534185127198
2.68625601601603   2.97385160935862   2.76249109204029   -8.85338910505419e-15   9.34551585416802
2.69627935935937   2.97067572762444   2.76040699260907   -8.67935781941413e-15   9.33047133956966
2.70630270270272   2.96463642349634   2.75643402020547   -8.47317985620462e-15   9.30186224247177
2.71632604604606   2.95316938557384   2.74886136654864   -8.41440110059768e-15   9.24758939124988
2.7263493893894   2.93147628202292   2.73443452078385   -8.70087705812637e-15   9.1451205771195
2.73637273273275   2.8907356049433   2.70697893117039   -8.43226088531624e-15   8.95342034662611
2.74639607607609   2.81528602900621   2.65484668465906   -8.24342648676075e-15   8.60098618045154
2.75641941941943   2.67923645827013   2.55634971163753   -7.72581058303966e-15   7.97409321110356
2.76644276276278   2.44603056784871   2.37242065592743   -6.93144580863933e-15   6.92608212098291
2.77646610610612   2.08266795664558   2.03915938266048   -5.43776993710605e-15   5.36476844736312
2.78648944944946   1.60815849863272   1.48382425837878   -3.13946072204886e-15   3.48013757602612
2.79651279279281   1.15564993835465   0.751915996052799   -1.08844087916497e-15   1.91326093674014
2.80653613613615   0.894518225846994   0.203910775636098   -1.16862720523839e-16   1.19290343893362
2.81655947947949   0.815562767851299   0.0321978455978819   -7.67012554584829e-19   1.02795402426513
2.82658282282284   0.802076194360462   0.00426748482547981   -2.87774875047853e-22   1.00364454182586
2.83660616616618   0.80026733468088   0.000549392956906094   -6.35463326514404e-27   1.00046801636057
2.84662950950952   0.800034279901972   7.04474380213281e-05   -1.86822255726114e-32   1.00005999278903
2.85665285285287   0.800004393372112   9.0286634230114e-06   -4.39912913164141e-39   1.0000076884498
2.86667619619621   0.800000563024795   1.15705226964444e-06   -8.16631425012877e-47   1.00000098529419
2.87669953953955   0.800000072152824   1.48278704748674e-07   -1.13210899270021e-55   1.00000012626745
2.8867228828829   0.800000009246526   1.90022080828143e-08   -1.07460727660402e-65   1.00000001618142
2.89674622622624   0.80000000118496   2.4351693874629e-09   -6.01420030312321e-77   1.00000000207368
2.90676956956958   0.800000000151855   3.12071163360588e-10   -1.98822293752035e-89   1.00000000026574
2.91679291291293   0.80000000001946   3.99920736516638e-11   -1.16497710759981e-102   1.00000000003405
2.92681625625627   0.800000000002494   5.12466744492228e-12   -4.96291548624382e-117   1.00000000000436
2.93683959959962   0.800000000000319   6.56431629436313e-13   -1.40035139444254e-132   1.00000000000056
2.94686294294296   0.800000000000041   8.3801800277221e-14   -5.06220288167271e-149   1.00000000000007
2.9568862862863   0.800000000000005   1.04732487640994e-14   -1.48932636140151e-166   1.00000000000001
2.96690962962965   0.800000000000001   1.20936375788237e-15   -3.54466530453596e-185   1
2.97693297297299   0.8   1.02756386351629e-16   -5.29059933432695e-205   1
2.98695631631633   0.8   0   0   1
2.99697965965968   0.8   0   0   1
3.00700300300302   0.8   0   0   1
3.01702634634636   0.8   0   0   1
3.02704968968971   0.8   0   0   1
3.03707303303305   0.8   0   0   1
3.04709637637639   0.8   0   0   1
3.05711971971974   0.8   0   0   1
3.06714306306308   0.8   0   0   1
3.07716640640642   0.8   0   0   1
3.08718974974977   0.8   0   0   1
3.09721309309311   0.8   0   0   1
3.10723643643645   0.8   0   0   1
3.1172597797798   0.8   0   0   1
3.12728312312314   0.8   0   0   1
3.13730646646648   0.8   0   0   1
3.14732980980983   0.8   0   0   1
3.15735315315317   0.8   0   0   1
3.16737649649651   0.8   0   0   1
3.17739983983986   0.8   0   0   1
3.1874231831832   0.8   0   0   1
3.19744652652654   0.8   0   0   1
3.20746986986989   0.8   0   0   1
3.21749321321323   0.8   0   0   1
3.22751655655657   0.8   0   0   1
3.23753989989992   0.8   0   0   1
3.24756324324326   0.8   0   0   1
3.2575865865866   0.8   0   0   1
3.26760992992995   0.8   0   0   1
3.27763327327329   0.8   0   0   1
3.28765661661664   0.8   0   0   1
3.29767995995998   0.8   0   0   1
3.30770330330332   0.8   0   0   1
3.31772664664667   0.8   0   0   1
3.32774998999001   0.8   0   0   1
3.33777333333335   0.8   0   0   1
3.3477966766767   0.8   0   0   1
3.35782002002004   0.8   0   0   1
3.36784336336338   0.8   0   0   1
3.37786670670673   0.8   0   0   1
3.38789005005007   0.8   0   0   1
3.39791339339341   0.8   0   0   1
3.40793673673676   0.8   0   0   1
3.4179600800801   0.8   0   0   1
3.42798342342344   0.8   0   0   1
3.43800676676679   0.8   0   0   1
3.44803011011013   0.8   0   0   1
3.45805345345347   0.8   0   0   1
3.46807679679682   0.8   0   0   1
3.47810014014016   0.8   0   0   1
3.4881234834835   0.8   0   0   1
3.49814682682685   0.8   0   0   1
3.50817017017019   0.8   0   0   1
3.51819351351353   0.8   0   0   1
3.52821685685688   0.8   0   0   1
3.53824020020022   0.8   0   0   1
3.54826354354356   0.8   0   0   1
3.55828688688691   0.8   0   0   1
3.56831023023025   0.8   0   0   1
3.57833357357359   0.8   0   0   1
3.58835691691694   0.8   0   0   1
3.59838026026028   0.8   0   0   1
3.60840360360362   0.8   0   0   1
3.61842694694697   0.8   0   0   1
3.62845029029031   0.8   0   0   1
3.63847363363366   0.8   0   0   1
3.648496976977   0.8   0   0   1
3.65852032032034   0.8   0   0   1
3.66854366366369   0.8   0   0   1
3.67856700700703   0.8   0   0   1
3.68859035035037   0.8   0   0   1
3.69861369369372   0.8   0   0   1
3.70863703703706   0.8   0   0   1
3.7186603803804   0.8   0   0   1
3.72868372372375   0.8   0   0   1
3.73870706706709   0.8   0   0   1
3.74873041041043   0.8   0   0   1
3.75875375375378   0.8   0   0   1
3.76877709709712   0.8   0   0   1
3.77880044044046   0.8   0   0   1
3.78882378378381   0.8   0   0   1
3.79884712712715   0.8   0   0   1
3.80887047047049   0.8   0   0   1
3.81889381381384   0.8   0   0   1
3.82891715715718   0.8   0   0   1
3.83894050050052   0.8   0   0   1
3.84896384384387   0.8   0   0   1
3.85898718718721   0.8   0   0   1
3.86901053053055   0.8   0   0   1
3.8790338738739   0.8   0   0   1
3.88905721721724   0.8   0   0   1
3.89908056056058   0.8   0   0   1
3.90910390390393   0.8   0   0   1
3.91912724724727   0.8   0   0   1
3.92915059059061   0.8   0   0   1
3.93917393393396   0.8   0   0   1
3.9491972772773   0.8   0   0   1
3.95922062062064   0.8   0   0   1
3.96924396396399   0.8   0   0   1
3.97926730730733   0.8   0   0   1
3.98929065065068   0.8   0   0   1
3.99931399399402   0.8   0   0   1
4.00933733733736   0.8   0   0   1
4.01936068068071   0.8   0   0   1
4.02938402402405   0.8   0   0   1
4.03940736736739   0.8   0   0   1
4.04943071071074   0.8   0   0   1
4.05945405405408   0.8   0   0   1
4.06947739739742   0.8   0   0   1
4.07950074074077   0.8   0   0   1
4.08952408408411   0.8   0   0   1
4.09954742742745   0.8   0   0   1
4.1095707707708   0.8   0   0   1
4.11959411411414   0.8   0   0   1
4.12961745745748   0.8   0   0   1
4.13964080080083   0.8   0   0   1
4.14966414414417   0.8   0   0   1
4.15968748748751   0.8   0   0   1
4.16971083083086   0.8   0   0   1
4.1797341741742   0.8   0   0   1
4.18975751751754   0.8   0   0   1
4.19978086086089   0.8   0   0   1
4.20980420420423   0.8   0   0   1
4.21982754754757   0.8   0   0   1
4.22985089089092   0.8   0   0   1
4.23987423423426   0.8   0   0   1
4.2498975775776   0.8   0   0   1
4.25992092092095   0.8   0   0   1
4.26994426426429   0.8   0   0   1
4.27996760760763   0.8   0   0   1
4.28999095095098   0.8   0   0   1
4.30001429429432   0.8   0   0   1
4.31003763763766   0.8   0   0   1
4.32006098098101   0.8   0   0   1
4.33008432432435   0.8   0   0   1
4.3401076676677   0.8   0   0   1
4.35013101101104   0.8   0   0   1
4.36015435435438   0.8   0   0   1
4.37017769769773   0.8   0   0   1
4.38020104104107   0.8   0   0   1
4.39022438438441   0.8   0   0   1
4.40024772772776   0.8   0   0   1
4.4102710710711   0.8   0   0   1
4.42029441441444   0.8   0   0   1
4.43031775775779   0.8   0   0   1
4.44034110110113   0.8   0   0   1
4.45036444444447   0.8   0   0   1
4.46038778778782   0.8   0   0   1
4.47041113113116   0.8   0   0   1
4.4804344744745   0.8   0   0   1
4.49045781781785   0.8   0   0   1
4.50048116116119   0.8   0   0   1
4.51050450450453   0.8   0   0   1
4.52052784784788   0.8   0   0   1
4.53055119119122   0.8   0   0   1
4.54057453453456   0.8   0   0   1
4.55059787787791   0.8   0   0   1
4.56062122122125   0.8   0   0   1
4.57064456456459   0.8   0   0   1
4.58066790790794   0.8   0   0   1
4.59069125125128   0.8   0   0   1
4.60071459459462   0.8   0   0   1
4.61073793793797   0.8   0   0   1
4.62076128128131   0.8   0   0   1
4.63078462462465   0.8   0   0   1
4.640807967968   0.8   0   0   1
4.65083131131134   0.8   0   0   1
4.66085465465468   0.8   0   0   1
4.67087799799803   0.8   0   0   1
4.68090134134137   0.8   0   0   1
4.69092468468472   0.8   0   0   1
4.70094802802806   0.8   0   0   1
4.7109713713714   0.8   0   0   1
4.72099471471475   0.8   0   0   1
4.73101805805809   0.8   0   0   1
4.74104140140143   0.8   0   0   1
4.75106474474478   0.8   0   0   1
4.76108808808812   0.8   0   0   1
4.77111143143146   0.8   0   0   1
4.78113477477481   0.8   0   0   1
4.79115811811815   0.8   0   0   1
4.80118146146149   0.8   0   0   1
4.81120480480484   0.8   0   0   1
4.82122814814818   0.8   0   0   1
4.83125149149152   0.8   0   0   1
4.84127483483487   0.8   0   0   1
4.85129817817821   0.8   0   0   1
4.86132152152155   0.8   0   0   1
4.8713448648649   0.8   0   0   1
4.88136820820824   0.8   0   0   1
4.89139155155158   0.8   0   0   1
4.90141489489493   0.8   0   0   1
4.91143823823827   0.8   0   0   1
4.92146158158161   0.8   0   0   1
4.93148492492496   0.8   0   0   1
4.9415082682683   0.8   0   0   1
4.95153161161164   0.8   0   0   1
4.96155495495499   0.8   0   0   1
4.97157829829833   0.8   0   0   1
4.98160164164167   0.8   0   0   1
4.99162498498502   0.8   0   0   1
5.00164832832836   0.8   0   0   1
5.0116716716717   0.8   0   0   1
5.02169501501505   0.8   0   0   1
5.03171835835839   0.8   0   0   1
5.04174170170173   0.8   0   0   1
5.05176504504508   0.8   0   0   1
5.06178838838842   0.8   0   0   1
5.07181173173177   0.8   0   0   1
5.08183507507511   0.8   0   0   1
5.09185841841845   0.8   0   0   1
5.1018817617618   0.8   0   0   1
5.11190510510514   0.8   0   0   1
5.12192844844848   0.8   0   0   1
5.13195179179183   0.8   0   0   1
5.14197513513517   0.8   0   0   1
5.15199847847851   0.8   0   0   1
5.16202182182186   0.8   0   0   1
5.1720451651652   0.8   0   0   1
5.18206850850854   0.8   0   0   1
5.19209185185189   0.8   0   0   1
5.20211519519523   0.8   0   0   1
5.21213853853857   0.8   0   0   1
5.22216188188192   0.8   0   0   1
5.23218522522526   0.8   0   0   1
5.2422085685686   0.8   0   0   1
5.25223191191195   0.8   0   0   1
5.26225525525529   0.8   0   0   1
5.27227859859863   0.8   0   0   1
5.28230194194198   0.8   0   0   1
5.29232528528532   0.8   0   0   1
5.30234862862866   0.8   0   0   1
5.31237197197201   0.8   0   0   1
5.32239531531535   0.8   0   0   1
5.33241865865869   0.8   0   0   1
5.34244200200204   0.8   0   0   1
5.35246534534538   0.8   0   0   1
5.36248868868872   0.8   0   0   1
5.37251203203207   0.8   0   0   1
5.38253537537541   0.8   0   0   1
5.39255871871875   0.8   0   0   1
5.4025820620621   0.8   0   0   1
5.41260540540544   0.8   0   0   1
5.42262874874879   0.8   0   0   1
5.43265209209213   0.8   0   0   1
5.44267543543547   0.8   0   0   1
5.45269877877882   0.8   0   0   1
5.46272212212216   0.8   0   0   1
5.4727454654655   0.8   0   0   1
5.48276880880885   0.8   0   0   1
5.49279215215219   0.8   0   0   1
5.50281549549553   0.8   0   0   1
5.51283883883888   0.8   0   0   1
5.52286218218222   0.8   0   0   1
5.53288552552556   0.8   0   0   1
5.54290886886891   0.8   0   0   1
5.55293221221225   0.8   0   0   1
5.56295555555559   0.8   0   0   1
5.57297889889894   0.8   0   0   1
5.58300224224228   0.8   0   0   1
5.59302558558562   0.8   0   0   1
5.60304892892897   0.8   0   0   1
5.61307227227231   0.8   0   0   1
5.62309561561565   0.8   0   0   1
5.633118958959   0.8   0   0   1
5.64314230230234   0.8   0   0   1
5.65316564564568   0.8   0   0   1
5.66318898898903   0.8   0   0   1
5.67321233233237   0.8   0   0   1
5.68323567567571   0.8   0   0   1
5.69325901901906   0.8   0   0   1
5.7032823623624   0.8   0   0   1
5.71330570570574   0.8   0   0   1
5.72332904904909   0.8   0   0   1
5.73335239239243   0.8   0   0   1
5.74337573573577   0.8   0   0   1
5.75339907907912   0.8   0   0   1
5.76342242242246   0.8   0   0   1
5.77344576576581   0.8   0   0   1
5.78346910910915   0.8   0   0   1
5.79349245245249   0.8   0   0   1
5.80351579579584   0.8   0   0   1
5.81353913913918   0.8   0   0   1
5.82356248248252   0.8   0   0   1
5.83358582582587   0.8   0   0   1
5.84360916916921   0.8   0   0   1
5.85363251251255   0.8   0   0   1
5.8636558558559   0.8   0   0   1
5.87367919919924   0.8   0   0   1
5.88370254254258   0.8   0   0   1
5.89372588588593   0.8   0   0   1
5.90374922922927   0.8   0   0   1
5.91377257257261   0.8   0   0   1
5.92379591591596   0.8   0   0   1
5.9338192592593   0.8   0   0   1
5.94384260260264   0.8   0   0   1
5.95386594594599   0.8   0   0   1
5.96388928928933   0.8   0   0   1
5.97391263263267   0.8   0   0   1
5.98393597597602   0.8   0   0   1
5.99395931931936   0.8   0   0   1
6.0039826626627   0.8   0   0   1
6.01400600600605   0.8   0   0   1
6.02402934934939   0.8   0   0   1
6.03405269269273   0.8   0   0   1
6.04407603603608   0.8   0   0   1
6.05409937937942   0.8   0   0   1
6.06412272272276   0.8   0   0   1
6.07414606606611   0.8   0   0   1
6.08416940940945   0.8   0   0   1
6.09419275275279   0.8   0   0   1
6.10421609609614   0.8   0   0   1
6.11423943943948   0.8   0   0   1
6.12426278278283   0.8   0   0   1
6.13428612612617   0.8   0   0   1
6.14430946946951   0.8   0   0   1
6.15433281281286   0.8   0   0   1
6.1643561561562   0.8   0   0   1
6.17437949949954   0.8   0   0   1
6.18440284284289   0.8   0   0   1
6.19442618618623   0.8   0   0   1
6.20444952952957   0.8   0   0   1
6.21447287287292   0.8   0   0   1
6.22449621621626   0.8   0   0   1
6.2345195595596   0.8   0   0   1
6.24454290290295   0.8   0   0   1
6.25456624624629   0.8   0   0   1
6.26458958958963   0.8   0   0   1
6.27461293293298   0.8   0   0   1
6.28463627627632   0.8   0   0   1
6.29465961961966   0.8   0   0   1
6.30468296296301   0.8   0   0   1
6.31470630630635   0.8   0   0   1
6.32472964964969   0.8   0   0   1
6.33475299299304   0.8   0   0   1
6.34477633633638   0.8   0   0   1
6.35479967967972   0.8   0   0   1
6.36482302302307   0.8   0   0   1
6.37484636636641   0.8   0   0   1
6.38486970970975   0.8   0   0   1
6.3948930530531   0.8   0   0   1
6.40491639639644   0.8   0   0   1
6.41493973973978   0.8   0   0   1
6.42496308308313   0.8   0   0   1
6.43498642642647   0.8   0   0   1
6.44500976976981   0.8   0   0   1
6.45503311311316   0.8   0   0   1
6.4650564564565   0.8   0   0   1
6.47507979979985   0.8   0   0   1
6.48510314314319   0.8   0   0   1
6.49512648648653   0.8   0   0   1
6.50514982982988   0.8   0   0   1
6.51517317317322   0.8   0   0   1
6.52519651651656   0.8   0   0   1
6.53521985985991   0.8   0   0   1
6.54524320320325   0.8   0   0   1
6.55526654654659   0.8   0   0   1
6.56528988988994   0.8   0   0   1
6.57531323323328   0.8   0   0   1
6.58533657657662   0.8   0   0   1
6.59535991991997   0.8   0   0   1
6.60538326326331   0.8   0   0   1
6.61540660660665   0.8   0   0   1
6.62542994995   0.8   0   0   1
6.63545329329334   0.8   0   0   1
6.64547663663668   0.8   0   0   1
6.65549997998003   0.8   0   0   1
6.66552332332337   0.8   0   0   1
6.67554666666671   0.8   0   0   1
6.68557001001006   0.8   0   0   1
6.6955933533534   0.8   0   0   1
6.70561669669674   0.8   0   0   1
6.71564004004009   0.8   0   0   1
6.72566338338343   0.8   0   0   1
6.73568672672677   0.8   0   0   1
6.74571007007012   0.8   0   0   1
6.75573341341346   0.8   0   0   1
6.7657567567568   0.8   0   0   1
6.77578010010015   0.8   0   0   1
6.78580344344349   0.8   0   0   1
6.79582678678683   0.8   0   0   1
6.80585013013018   0.8   0   0   1
6.81587347347352   0.8   0   0   1
6.82589681681686   0.8   0   0   1
6.83592016016021   0.8   0   0   1
6.84594350350355   0.8   0   0   1
6.8559668468469   0.8   0   0   1
6.86599019019024   0.8   0   0   1
6.87601353353358   0.8   0   0   1
6.88603687687693   0.8   0   0   1
6.89606022022027   0.8   0   0   1
6.90608356356361   0.8   0   0   1
6.91610690690696   0.8   0   0   1
6.9261302502503   0.8   0   0   1
6.93615359359364   0.8   0   0   1
6.94617693693699   0.8   0   0   1
6.95620028028033   0.8   0   0   1
6.96622362362367   0.8   0   0   1
6.97624696696702   0.8   0   0   1
6.98627031031036   0.8   0   0   1
6.9962936536537   0.8   0   0   1
7.00631699699705   0.8   0   0   1
7.01634034034039   0.8   0   0   1
7.02636368368373   0.8   0   0   1
7.03638702702708   0.8   0   0   1
7.04641037037042   0.8   0   0   1
7.05643371371376   0.8   0   0   1
7.06645705705711   0.8   0   0   1
7.07648040040045   0.8   0   0   1
7.08650374374379   0.8   0   0   1
7.09652708708714   0.8   0   0   1
7.10655043043048   0.8   0   0   1
7.11657377377382   0.8   0   0   1
7.12659711711717   0.8   0   0   1
7.13662046046051   0.8   0   0   1
7.14664380380385   0.8   0   0   1
7.1566671471472   0.8   0   0   1
7.16669049049054   0.8   0   0   1
7.17671383383388   0.8   0   0   1
7.18673717717723   0.8   0   0   1
7.19676052052057   0.8   0   0   1
7.20678386386392   0.8   0   0   1
7.21680720720726   0.8   0   0   1
7.2268305505506   0.8   0   0   1
7.23685389389395   0.8   0   0   1
7.24687723723729   0.8   0   0   1
7.25690058058063   0.8   0   0   1
7.26692392392398   0.8   0   0   1
7.27694726726732   0.8   0   0   1
7.28697061061066   0.8   0   0   1
7.29699395395401   0.8   0   0   1
7.30701729729735   0.8   0   0   1
7.31704064064069   0.8   0   0   1
7.32706398398404   0.8   0   0   1
7.33708732732738   0.8   0   0   1
7.34711067067072   0.8   0   0   1
7.35713401401407   0.8   0   0   1
7.36715735735741   0.8   0   0   1
7.37718070070075   0.8   0   0   1
7.3872040440441   0.8   0   0   1
7.39722738738744   0.8   0   0   1
7.40725073073078   0.8   0   0   1
7.41727407407413   0.8   0   0   1
7.42729741741747   0.8   0   0   1
7.43732076076081   0.8   0   0   1
7.44734410410416   0.8   0   0   1
7.4573674474475   0.8   0   0   1
7.46739079079084   0.8   0   0   1
7.47741413413419   0.8   0   0   1
7.48743747747753   0.8   0   0   1
7.49746082082087   0.8   0   0   1
7.50748416416422   0.8   0   0   1
7.51750750750756   0.8   0   0   1
7.5275308508509   0.8   0   0   1
7.53755419419425   0.8   0   0   1
7.54757753753759   0.8   0   0   1
7.55760088088094   0.8   0   0   1
7.56762422422428   0.8   0   0   1
7.57764756756762   0.8   0   0   1
7.58767091091097   0.8   0   0   1
7.59769425425431   0.8   0   0   1
7.60771759759765   0.8   0   0   1
7.617740940941   0.8   0   0   1
7.62776428428434   0.8   0   0   1
7.63778762762768   0.8   0   0   1
7.64781097097103   0.8   0   0   1
7.65783431431437   0.8   0   0   1
7.66785765765771   0.8   0   0   1
7.67788100100106   0.8   0   0   1
7.6879043443444   0.8   0   0   1
7.69792768768774   0.8   0   0   1
7.70795103103109   0.8   0   0   1
7.71797437437443   0.8   0   0   1
7.72799771771777   0.8   0   0   1
7.73802106106112   0.8   0   0   1
7.74804440440446   0.8   0   0   1
7.7580677477478   0.8   0   0   1
7.76809109109115   0.8   0   0   1
7.77811443443449   0.8   0   0   1
7.78813777777783   0.8   0   0   1
7.79816112112118   0.8   0   0   1
7.80818446446452   0.8   0   0   1
7.81820780780786   0.8   0   0   1
7.82823115115121   0.8   0   0   1
7.83825449449455   0.8   0   0   1
7.84827783783789   0.8   0   0   1
7.85830118118124   0.8   0   0   1
7.86832452452458   0.8   0   0   1
7.87834786786792   0.8   0   0   1
7.88837121121127   0.8   0   0   1
7.89839455455461   0.8   0   0   1
7.90841789789796   0.8   0   0   1
7.9184412412413   0.8   0   0   1
7.92846458458464   0.8   0   0   1
7.93848792792799   0.8   0   0   1
7.94851127127133   0.8   0   0   1
7.95853461461467   0.8   0   0   1
7.96855795795802   0.8   0   0   1
7.97858130130136   0.8   0   0   1
7.9886046446447   0.8   0   0   1
7.99862798798805   0.8   0   0   1
8.00865133133139   0.8   0   0   1
8.01867467467473   0.8   0   0   1
8.02869801801808   0.8   0   0   1
8.03872136136142   0.8   0   0   1
8.04874470470476   0.8   0   0   1
8.05876804804811   0.8   0   0   1
8.06879139139145   0.8   0   0   1
8.07881473473479   0.8   0   0   1
8.08883807807814   0.8   0   0   1
8.09886142142148   0.8   0   0   1
8.10888476476482   0.8   0   0   1
8.11890810810817   0.8   0   0   1
8.12893145145151   0.8   0   0   1
8.13895479479485   0.8   0   0   1
8.1489781381382   0.8   0   0   1
8.15900148148154   0.8   0   0   1
8.16902482482488   0.8   0   0   1
8.17904816816823   0.8   0   0   1
8.18907151151157   0.8   0   0   1
8.19909485485491   0.8   0   0   1
8.20911819819826   0.8   0   0   1
8.2191415415416   0.8   0   0   1
8.22916488488494   0.8   0   0   1
8.23918822822829   0.8   0   0   1
8.24921157157163   0.8   0   0   1
8.25923491491498   0.8   0   0   1
8.26925825825832   0.8   0   0   1
8.27928160160166   0.8   0   0   1
8.28930494494501   0.8   0   0   1
8.29932828828835   0.8   0   0   1
8.30935163163169   0.8   0   0   1
8.31937497497504   0.8   0   0   1
8.32939831831838   0.8   0   0   1
8.33942166166172   0.8   0   0   1
8.34944500500507   0.8   0   0   1
8.35946834834841   0.8   0   0   1
8.36949169169175   0.8   0   0   1
8.3795150350351   0.8   0   0   1
8.38953837837844   0.8   0   0   1
8.39956172172178   0.8   0   0   1
8.40958506506513   0.8   0   0   1
8.41960840840847   0.8   0   0   1
8.42963175175181   0.8   0   0   1
8.43965509509516   0.8   0   0   1
8.4496784384385   0.8   0   0   1
8.45970178178184   0.8   0   0   1
8.46972512512519   0.8   0   0   1
8.47974846846853   0.8   0   0   1
8.48977181181187   0.8   0   0   1
8.49979515515522   0.8   0   0   1
8.50981849849856   0.8   0   0   1
8.5198418418419   0.8   0   0   1
8.52986518518525   0.8   0   0   1
8.53988852852859   0.8   0   0   1
8.54991187187193   0.8   0   0   1
8.55993521521528   0.8   0   0   1
8.56995855855862   0.8   0   0   1
8.57998190190196   0.8   0   0   1
8.59000524524531   0.8   0   0   1
8.60002858858865   0.8   0   0   1
8.610051931932   0.8   0   0   1
8.62007527527534   0.8   0   0   1
8.63009861861868   0.8   0   0   1
8.64012196196203   0.8   0   0   1
8.65014530530537   0.8   0   0   1
8.66016864864871   0.8   0   0   1
8.67019199199206   0.8   0   0   1
8.6802153353354   0.8   0   0   1
8.69023867867874   0.8   0   0   1
8.70026202202209   0.8   0   0   1
8.71028536536543   0.8   0   0   1
8.72030870870877   0.8   0   0   1
8.73033205205212   0.8   0   0   1
8.74035539539546   0.8   0   0   1
8.7503787387388   0.8   0   0   1
8.76040208208215   0.8   0   0   1
8.77042542542549   0.8   0   0   1
8.78044876876883   0.8   0   0   1
8.79047211211218   0.8   0   0   1
8.80049545545552   0.8   0   0   1
8.81051879879886   0.8   0   0   1
8.82054214214221   0.8   0   0   1
8.83056548548555   0.8   0   0   1
8.84058882882889   0.8   0   0   1
8.85061217217224   0.8   0   0   1
8.86063551551558   0.8   0   0   1
8.87065885885892   0.8   0   0   1
8.88068220220227   0.8   0   0   1
8.89070554554561   0.8   0   0   1
8.90072888888895   0.8   0   0   1
8.9107522322323   0.8   0   0   1
8.92077557557564   0.8   0   0   1
8.93079891891898   0.8   0   0   1
8.94082226226233   0.8   0   0   1
8.95084560560567   0.8   0   0   1
8.96086894894901   0.8   0   0   1
8.97089229229236   0.8   0   0   1
8.9809156356357   0.8   0   0   1
8.99093897897905   0.8   0   0   1
9.00096232232239   0.8   0   0   1
9.01098566566573   0.8   0   0   1
9.02100900900908   0.8   0   0   1
9.03103235235242   0.8   0   0   1
9.04105569569576   0.8   0   0   1
9.05107903903911   0.8   0   0   1
9.06110238238245   0.8   0   0   1
9.07112572572579   0.8   0   0   1
9.08114906906914   0.8   0   0   1
9.09117241241248   0.8   0   0   1
9.10119575575582   0.8   0   0   1
9.11121909909917   0.8   0   0   1
9.12124244244251   0.8   0   0   1
9.13126578578585   0.8   0   0   1
9.1412891291292   0.8   0   0   1
9.15131247247254   0.8   0   0   1
9.16133581581588   0.8   0   0   1
9.17135915915923   0.8   0   0   1
9.18138250250257   0.8   0   0   1
9.19140584584591   0.8   0   0   1
9.20142918918926   0.8   0   0   1
9.2114525325326   0.8   0   0   1
9.22147587587594   0.8   0   0   1
9.23149921921929   0.8   0   0   1
9.24152256256263   0.8   0   0   1
9.25154590590597   0.8   0   0   1
9.26156924924932   0.8   0   0   1
9.27159259259266   0.8   0   0   1
9.281615935936   0.8   0   0   1
9.29163927927935   0.8   0   0   1
9.30166262262269   0.8   0   0   1
9.31168596596603   0.8   0   0   1
9.32170930930938   0.8   0   0   1
9.33173265265272   0.8   0   0   1
9.34175599599607   0.8   0   0   1
9.35177933933941   0.8   0   0   1
9.36180268268275   0.8   0   0   1
9.3718260260261   0.8   0   0   1
9.38184936936944   0.8   0   0   1
9.39187271271278   0.8   0   0   1
9.40189605605613   0.8   0   0   1
9.41191939939947   0.8   0   0   1
9.42194274274281   0.8   0   0   1
9.43196608608616   0.8   0   0   1
9.4419894294295   0.8   0   0   1
9.45201277277284   0.8   0   0   1
9.46203611611619   0.8   0   0   1
9.47205945945953   0.8   0   0   1
9.48208280280287   0.8   0   0   1
9.49210614614622   0.8   0   0   1
9.50212948948956   0.8   0   0   1
9.5121528328329   0.8   0   0   1
9.52217617617625   0.8   0   0   1
9.53219951951959   0.8   0   0   1
9.54222286286293   0.8   0   0   1
9.55224620620628   0.8   0   0   1
9.56226954954962   0.8   0   0   1
9.57229289289296   0.8   0   0   1
9.58231623623631   0.8   0   0   1
9.59233957957965   0.8   0   0   1
9.60236292292299   0.8   0   0   1
9.61238626626634   0.8   0   0   1
9.62240960960968   0.8   0   0   1
9.63243295295302   0.8   0   0   1
9.64245629629637   0.8   0   0   1
9.65247963963971   0.8   0   0   1
9.66250298298305   0.8   0   0   1
9.6725263263264   0.8   0   0   1
9.68254966966974   0.8   0   0   1
9.69257301301309   0.8   0   0   1
9.70259635635643   0.8   0   0   1
9.71261969969977   0.8   0   0   1
9.72264304304312   0.8   0   0   1
9.73266638638646   0.8   0   0   1
9.7426897297298   0.8   0   0   1
9.75271307307315   0.8   0   0   1
9.76273641641649   0.8   0   0   1
9.77275975975983   0.8   0   0   1
9.78278310310318   0.8   0   0   1
9.79280644644652   0.8   0   0   1
9.80282978978986   0.8   0   0   1
9.81285313313321   0.8   0   0   1
9.82287647647655   0.8   0   0   1
9.83289981981989   0.8   0   0   1
9.84292316316324   0.8   0   0   1
9.85294650650658   0.8   0   0   1
9.86296984984992   0.8   0   0   1
9.87299319319327   0.8   0   0   1
9.88301653653661   0.8   0   0   1
9.89303987987995   0.8   0   0   1
9.9030632232233   0.8   0   0   1
9.91308656656664   0.8   0   0   1
9.92310990990998   0.8   0   0   1
9.93313325325333   0.8   0   0   1
9.94315659659667   0.8   0   0   1
9.95317993994001   0.8   0   0   1
9.96320328328336   0.8   0   0   1
9.9732266266267   0.8   0   0   1
9.98324996997004   0.8   0   0   1
9.99327331331339   0.8   0   0   1
10.0032966566567   0.8   0   0   1
10.0133200000001   0.8   0   0   1
