variables = x,rho,u,v,p
0   3.8571   2.6293   0   10.3333
0.0100233433433433   3.8571   2.6293   0   10.3333
0.0200466866866867   3.8571   2.6293   0   10.3333
0.03007003003003   3.8571   2.6293   0   10.3333
0.0400933733733734   3.8571   2.6293   0   10.3333
0.0501167167167167   3.8571   2.6293   0   10.3333
0.0601400600600601   3.8571   2.6293   0   10.3333
0.0701634034034034   3.8571   2.6293   0   10.3333
0.0801867467467468   3.8571   2.6293   0   10.3333
0.0902100900900901   3.8571   2.6293   0   10.3333
0.100233433433433   3.8571   2.6293   0   10.3333
0.110256776776777   3.8571   2.6293   0   10.3333
0.12028012012012   3.8571   2.6293   0   10.3333
0.130303463463463   3.8571   2.6293   0   10.3333
0.140326806806807   3.8571   2.6293   0   10.3333
0.15035015015015   3.8571   2.6293   0   10.3333
0.160373493493494   3.8571   2.6293   0   10.3333
0.170396836836837   3.8571   2.6293   0   10.3333
0.18042018018018   3.8571   2.6293   0   10.3333
0.190443523523524   3.8571   2.6293   0   10.3333
0.200466866866867   3.8571   2.6293   0   10.3333
0.21049021021021   3.8571   2.6293   0   10.3333
0.220513553553554   3.8571   2.6293   0   10.3333
0.230536896896897   3.8571   2.6293   0   10.3333
0.24056024024024   3.8571   2.6293   0   10.3333
0.250583583583584   3.8571   2.6293   0   10.3333
0.260606926926927   3.8571   2.6293   0   10.3333
0.27063027027027   3.8571   2.6293   0   10.3333
0.280653613613614   3.8571   2.6293   0   10.3333
0.290676956956957   3.8571   2.6293   0   10.3333
0.3007003003003   3.8571   2.6293   0   10.3333
0.310723643643644   3.8571   2.6293   0   10.3333
0.320746986986987   3.8571   2.6293   0   10.3333
0.330770330330331   3.8571   2.6293   0   10.3333
0.340793673673674   3.8571   2.6293   0   10.3333
0.350817017017017   3.8571   2.6293   0   10.3333
0.360840360360361   3.8571   2.6293   0   10.3333
0.370863703703704   3.8571   2.6293   0   10.3333
0.380887047047047   3.8571   2.6293   0   10.3333
0.390910390390391   3.8571   2.6293   0   10.3333
0.400933733733734   3.8571   2.6293   0   10.3333
0.410957077077078   3.8571   2.6293   0   10.3333
0.420980420420421   3.8571   2.6293   0   10.3333
0.431003763763764   3.8571   2.6293   0   10.3333
0.441027107107108   3.8571   2.6293   0   10.3333
0.451050450450451   3.8571   2.6293   0   10.3333
0.461073793793794   3.8571   2.6293   0   10.3333
0.471097137137138   3.8571   2.6293   0   10.3333
0.481120480480481   3.8571   2.6293   0   10.3333
0.491143823823825   3.8571   2.6293   0   10.3333
0.501167167167168   3.8571   2.6293   0   10.3333
0.511190510510511   3.8571   2.6293   0   10.3333
0.521213853853855   3.8571   2.6293   0   10.3333
0.531237197197198   3.8571   2.6293   0   10.3333
0.541260540540541   3.8571   2.6293   1.53199350714593e-17   10.3333
0.551283883883884   3.85709999999999   2.62930000000001   8.69603797860721e-18   10.3332999999999
0.561307227227228   3.85709999999995   2.62930000000003   -1.28836575242599e-16   10.3332999999998
0.571330570570571   3.85709999999989   2.62930000000006   -2.16339382491969e-16   10.3332999999995
0.581353913913914   3.85709999999977   2.62930000000014   -5.45093118349365e-16   10.333299999999
0.591377257257258   3.85709999999954   2.62930000000027   -8.48181516277597e-16   10.3332999999979
0.601400600600601   3.85709999999909   2.62930000000053   -1.46184885930331e-15   10.333299999996
0.611423943943944   3.85709999999824   2.62930000000103   -1.49494151924927e-15   10.3332999999922
0.621447287287288   3.85709999999665   2.62930000000196   -1.56390241367646e-15   10.3332999999852
0.631470630630631   3.85709999999366   2.6293000000037   -1.58551067441121e-15   10.3332999999721
0.641493973973974   3.85709999998813   2.62930000000692   -1.4591034501401e-15   10.3332999999478
0.651517317317318   3.85709999997799   2.62930000001281   -1.20254895643593e-15   10.3332999999034
0.661540660660661   3.85709999995952   2.6293000000235   -8.50320992515814e-16   10.3332999998228
0.671564004004004   3.8570999999262   2.62930000004275   -4.80090496461693e-16   10.3332999996778
0.681587347347348   3.85709999986661   2.62930000007711   -3.46654800288177e-16   10.3332999994189
0.691610690690691   3.85709999976095   2.62930000013789   -2.45810517077892e-16   10.333299998961
0.701634034034034   3.85709999957525   2.62930000024448   -3.10971655789199e-16   10.3332999981582
0.711657377377378   3.85709999925173   2.62930000042978   -4.8522422087501e-16   10.3332999967627
0.721680720720721   3.85709999869305   2.62930000074906   -6.11381020244508e-16   10.3332999943586
0.731704064064064   3.85709999773673   2.62930000129438   -4.52414063380248e-16   10.3332999902529
0.741727407407408   3.85709999611419   2.62930000221758   -1.44072257429397e-16   10.3332999833034
0.751750750750751   3.85709999338552   2.62930000376673   -2.72547960782044e-16   10.3332999716436
0.761774094094094   3.85709998883715   2.62930000634328   -2.55486223479217e-16   10.3332999522538
0.771797437437437   3.85709998132256   2.62930001059075   6.94115246139272e-17   10.3332999202943
0.781820780780781   3.85709996901726   2.6293000175307   3.04808910545783e-16   10.333299868083
0.791844124124124   3.85709994904577   2.62930002876935   3.18613576499368e-16   10.3332997835435
0.801867467467467   3.85709991691993   2.6293000468077   6.70375545288951e-16   10.333299647875
0.811890810810811   3.85709986570247   2.62930007550216   8.20887365054414e-16   10.3332994320918
0.821914154154154   3.85709978477514   2.6293001207411   1.14202660669115e-15   10.3332990919426
0.831937497497497   3.85709965804492   2.62930019142719   1.29490422463119e-15   10.3332985605342
0.841960840840841   3.85709946136174   2.62930030088758   1.35952868822353e-15   10.333297737744
0.851984184184184   3.85709915884423   2.62930046887463   1.42872225102737e-15   10.3332964752025
0.862007527527527   3.85709869771304   2.6293007243711   1.6512580516531e-15   10.3332945552406
0.872030870870871   3.85709800111292   2.62930110947567   1.20916282451538e-15   10.333291661735
0.882054214214214   3.85709695826229   2.62930168471911   6.95869539446541e-16   10.3332873402266
0.892077557557557   3.85709541110416   2.62930253624613   8.98403329996367e-16   10.3332809440529
0.902100900900901   3.85709313644733   2.62930378539321   7.76402809320248e-16   10.3332715625252
0.912124244244244   3.85708982238799   2.62930560129267   6.26118431240825e-16   10.3332579264313
0.922147587587587   3.85708503760133   2.62930821723315   2.23462708899275e-16   10.3332382854029
0.932170930930931   3.8570781919059   2.62931195159701   1.48110863832736e-17   10.3332102510142
0.942194274274274   3.85706848635519   2.62931723426287   2.10671064347399e-16   10.3331705989756
0.952217617617617   3.85705485103   2.62932463939136   4.02782617989779e-16   10.3331150235743
0.96224096096096   3.85703586872933   2.6293349254853   6.11645078895281e-16   10.3330378377273
0.972264304304304   3.85700968292795   2.62934908350923   1.1173817326194e-15   10.3329316128228
0.982287647647647   3.85697388873085   2.62936839364726   1.585712991037e-15   10.3327867540941
0.99231099099099   3.85692540615031   2.62939449095021   1.99812487298012e-15   10.3325910097541
1.00233433433433   3.85686033589605   2.62942943965795   2.46336143284654e-15   10.332328915644
1.01235767767768   3.8567737990247   2.62947581537212   3.01858439052731e-15   10.3319811817758
1.02238102102102   3.85665976323814   2.6295367935032   3.25916580459029e-15   10.3315240328429
1.03240436436436   3.85651086032061   2.62961624154465   3.4301384371461e-15   10.3309285213877
1.04242770770771   3.85631820109011   2.6297188117757   3.65288391898533e-15   10.3301598395446
1.05245105105105   3.85607119620007   2.6298500300258   3.71458332686915e-15   10.3291766626595
1.06247439439439   3.85575739300746   2.63001637522779   3.79951864231875e-15   10.3279305650125
1.07249773773774   3.85536234033627   2.63022534374217   3.99892426070374e-15   10.3263655535917
1.08252108108108   3.85486949409802   2.63048549195682   4.2274452359198e-15   10.3244177695739
1.09254442442442   3.85426017717239   2.63080645055797   4.25679852774562e-15   10.3220154080617
1.10256776776777   3.85351360651196   2.63119890421556   4.44942989089223e-15   10.3190789040236
1.11259111111111   3.85260699898076   2.6316745312846   4.890336772672e-15   10.3155214258267
1.12261445445445   3.85151576491328   2.63224589950504   4.98462232565342e-15   10.3112497071157
1.1326377977978   3.85021379483878   2.63292631554148   4.98855192602869e-15   10.3061652333587
1.14266114114114   3.84867384041968   2.63372962844336   5.37523320816796e-15   10.3001657818878
1.15268448448449   3.84686798567755   2.63466998957158   5.77131706993382e-15   10.2931472948401
1.16270782782783   3.84476819939161   2.63576157403993   6.01068622064314e-15   10.2850060445376
1.17273117117117   3.84234695457257   2.63701827104881   6.39039266321889e-15   10.2756410321637
1.18275451451452   3.83957789656705   2.6384533524418   7.07061859075852e-15   10.2649565447545
1.19277785785786   3.83643653801828   2.64007913021962   7.96530737041415e-15   10.25286478393
1.2028012012012   3.8329009568889   2.64190661448382   8.70849685547843e-15   10.2392884734986
1.21282454454455   3.82895247320567   2.64394518330234   9.37580502870686e-15   10.2241633525767
1.22284788788789   3.82457628112791   2.64620227531419   9.77510304096172e-15   10.207440466116
1.23287123123123   3.81976201524121   2.64868311461283   9.82558359522984e-15   10.1890881750819
1.24289457457458   3.81450423337607   2.65139047571369   9.85536324710335e-15   10.1690938228879
1.25291791791792   3.80880280239777   2.65432449440279   9.71585212200965e-15   10.1474650116196
1.26294126126126   3.80266317791266   2.65748252817415   9.52552385307578e-15   10.1242304595306
1.27296460460461   3.79609657328884   2.66085906797937   9.12846885905491e-15   10.099440428712
1.28298794794795   3.78912001744248   2.66444570128763   8.57960270861828e-15   10.073166727403
1.29301129129129   3.78175630421286   2.66823112510525   8.45597607880513e-15   10.045502304108
1.30303463463464   3.77403383865647   2.67220120669489   8.15255803969823e-15   10.0165604598684
1.31305797797798   3.76598638715144   2.6763390892831   7.72522759437646e-15   9.9864737104948
1.32308132132132   3.75765273884035   2.68062534001847   7.65521550252271e-15   9.95539233243696
1.33310466466467   3.74907628576564   2.6850381377703   7.28936151809488e-15   9.92348262477359
1.34312800800801   3.74030452825476   2.6895534989315   6.54424903596985e-15   9.89092491627875
1.35315135135135   3.73138851094126   2.69414554007915   6.27567428908594e-15   9.85791134165231
1.3631746946947   3.72238219354751   2.69878677700154   5.97887574031134e-15   9.82464340585155
1.37319803803804   3.71334175951124   2.70344846006364   5.78610652767117e-15   9.79132935116537
1.38322138138138   3.70432486501693   2.70810094599505   5.74059110890791e-15   9.75818133933029
1.39324472472473   3.69538983127568   2.71271410580064   5.87296936020167e-15   9.72541246159039
1.40326806806807   3.68659478421629   2.71725776749188   5.68164758245144e-15   9.69323359394726
1.41329141141141   3.67799674825735   2.72170219064306   5.50747448368151e-15   9.66185012341751
1.42331475475476   3.66965070455998   2.72601856737766   5.62846163876591e-15   9.63145858398028
1.4333380980981   3.6616086289974   2.73017954136545   6.07949204419629e-15   9.60224325757365
1.44336144144144   3.65391853071948   2.73415973294084   6.19749083176082e-15   9.57437281486312
1.45338478478479   3.64662351813931   2.73793625483803   6.34806409396707e-15   9.54799709073892
1.46340812812813   3.63976092473401   2.74148919968777   6.51195729107093e-15   9.52324410813809
1.47343147147147   3.63336153139867   2.74480207782594   6.36107382511051e-15   9.50021747788413
1.48345481481482   3.6274489243272   2.7478621826492   6.29182576364537e-15   9.47899430868045
1.49347815815816   3.62203902669132   2.75066086119293   6.00667152230576e-15   9.4596237573534
1.50350150150151   3.61713983814377   2.75319367014048   5.89388022721281e-15   9.44212633290385
1.51352484484485   3.61275140815012   2.75546040221209   6.40906326517206e-15   9.42649403822089
1.52354818818819   3.60886605761079   2.75746497464478   6.71717921512057e-15   9.41269139150778
1.53357153153154   3.60546884896279   2.75921517976395   7.06524832160035e-15   9.40065731852218
1.54359487487488   3.60253828922986   2.7607223066862   7.21297085376156e-15   9.39030785128969
1.55361821821822   3.60004723494159   2.76200065201888   7.63146560067427e-15   9.38153951480032
1.56364156156157   3.59796395419673   2.76306694503353   8.24856180005277e-15   9.3742332364422
1.57366490490491   3.59625329097119   2.7639397183046   8.81774337906837e-15   9.3682585790093
1.58368824824825   3.59487787121959   2.76463865760447   9.28656094377669e-15   9.36347808093201
1.5937115915916   3.59379928994061   2.76518396467957   1.01364882019983e-14   9.35975148863729
1.60373493493494   3.59297922304824   2.76559576353868   1.07992389833503e-14   9.35693968495583
1.61375827827828   3.59238041686177   2.76589357555727   1.12501297830223e-14   9.35490815136117
1.62378162162163   3.59196752007249   2.76609588178083   1.15135012474004e-14   9.35352984602967
1.63380496496497   3.59170773668401   2.7662197831555   1.14759535023189e-14   9.3526874288974
1.64382830830831   3.5915712921548   2.76628076186535   1.17793179529901e-14   9.35227481372879
1.65385165165166   3.59153171748346   2.76629254021962   1.17069531293427e-14   9.35219807110966
1.663874994995   3.59156596628757   2.76626702811439   1.15969119712442e-14   9.35237574188575
1.67389833833834   3.59165438745754   2.76621434626032   1.1499286736199e-14   9.35273864599823
1.68392168168169   3.59178058053788   2.76614291017164   1.12212660399823e-14   9.35322928645738
1.69394502502503   3.59193116276184   2.76605955922099   1.07994556754799e-14   9.35380095307646
1.70396836836837   3.59209547605155   2.76596971562442   1.02921815515001e-14   9.35441662713848
1.71399171171172   3.59226525984895   2.76587755971279   9.9670675686917e-15   9.35504777844474
1.72401505505506   3.59243431196863   2.76578620993484   9.88089641241891e-15   9.35567313237801
1.7340383983984   3.59259815533426   2.76569789841732   1.00792006711114e-14   9.35627746875291
1.74406174174175   3.59275372397001   2.76561413532182   1.03383547955602e-14   9.35685049804474
1.75408508508509   3.59289907734696   2.76553585749424   1.04542047177641e-14   9.35738584540218
1.76410842842843   3.59303314839364   2.76546355887348   1.01610385684527e-14   9.35788015953986
1.77413177177178   3.59315552731841   2.765397401742   9.74977528607442e-15   9.35833235266143
1.78415511511512   3.59326628091278   2.76533730914274   9.24276795704318e-15   9.35874296913677
1.79417845845846   3.59336580518902   2.76528303966913   8.47599367199433e-15   9.35911367465616
1.80420180180181   3.5934547079799   2.76523424639897   8.19314393961084e-15   9.3594468537467
1.81422514514515   3.59353371739091   2.7651905220404   7.91495289819838e-15   9.35974530150872
1.82424848848849   3.59360361162753   2.76515143244781   7.70687285517506e-15   9.36001199482028
1.83427183183184   3.59366516560315   2.76511654060283   7.20360875125416e-15   9.36024992868654
1.84429517517518   3.59371910975516   2.76508542299152   6.57531538547602e-15   9.36046200453448
1.85431851851853   3.59376609655832   2.7650576800846   5.69368342064099e-15   9.36065095878537
1.86434186186187   3.59380667024241   2.76503294237739   4.98348677004463e-15   9.3608193217488
1.87436520520521   3.5938412351326   2.76501087319375   4.04777502612653e-15   9.36096939860831
1.88438854854856   3.59387001778966   2.76499116922081   3.62382762845618e-15   9.3611032658928
1.8944118918919   3.59389301771218   2.76497355952831   2.61564528500762e-15   9.36122277828283
1.90443523523524   3.59390994077683   2.76495780364377   2.39399724267474e-15   9.36132958185124
1.91445857857859   3.59392010886523   2.76494368910265   2.02014604123717e-15   9.36142513087522
1.92448192192193   3.59392233832198   2.76493102877072   1.9771999751077e-15   9.36151070619133
1.93450526526527   3.59391477910712   2.76491965814051   2.00111273387609e-15   9.3615874337161
1.94452860860862   3.59389470588821   2.76490943273161   1.73874176360317e-15   9.36165630224713
1.95455195195196   3.59385825204196   2.76490022567157   1.28614960185787e-15   9.36171818002222
1.9645752952953   3.59380007781962   2.76489192549659   1.18423539224956e-15   9.36177382977003
1.97459863863865   3.5937129650164   2.7648844341855   1.11908576638463e-15   9.36182392216131
1.98462198198199   3.59358733262559   2.76487766542386   9.66973899636796e-16   9.36186904768339
1.99464532532533   3.59341067138821   2.76487154308494   7.08085192015535e-16   9.36190972702932
2.00466866866868   3.59316690005789   2.76486599990888   6.02895447795959e-16   9.36194642013009
2.01469201201202   3.59283565268629   2.76486097635905   8.42329500422151e-17   9.36197953397401
2.02471535535536   3.5923915142675   2.76485641963445   -1.6157867280331e-16   9.36200942935898
2.03473869869871   3.59180323145731   2.76485228281781   -4.46096949674584e-16   9.36203642671635
2.04476204204205   3.59103293539948   2.76484852414096   -6.15127753640179e-16   9.36206081113359
2.05478538538539   3.59003542431427   2.76484510635088   -8.43510980206422e-16   9.36208283668962
2.06480872872874   3.58875756358339   2.76484199616192   -1.0683174811284e-15   9.36210273020202
2.07483207207208   3.58713786955589   2.76483916378172   -1.48007608789661e-15   9.36212069447257
2.08485541541542   3.58510634902561   2.76483658250003   -1.82715718138326e-15   9.36213691110454
2.09487875875877   3.58258466807939   2.76483422833134   -1.61722231031868e-15   9.36215154295432
2.10490210210211   3.57948672065432   2.76483207970361   -1.09655966578043e-15   9.36216473627042
2.11492544544545   3.57571965775917   2.7648301171866   -1.06519360974191e-15   9.36217662256432
2.1249487887888   3.5711854223679   2.76482832325413   -5.72450981792741e-16   9.36218732025062
2.13497213213214   3.56578281243695   2.76482668207585   2.743255756012e-16   9.36219693608796
2.14499547547548   3.55941006589925   2.76482517933433   1.09832039422046e-15   9.36220556644724
2.15501881881883   3.55196792807486   2.7648238020642   1.86844440747173e-15   9.36221329842931
2.16504216216217   3.54336312559752   2.76482253851046   2.69446460683784e-15   9.36222021085101
2.17506550550551   3.53351213415107   2.76482137800352   3.23701969915729e-15   9.36222637511538
2.18508884884886   3.52234509292316   2.76482031084863   3.89841496336532e-15   9.36223185597998
2.1951121921922   3.50980968979227   2.76481932822814   4.51031673825236e-15   9.36223671223467
2.20513553553555   3.49587482086251   2.76481842211465   5.11322325462418e-15   9.36224099729942
2.21515887887889   3.48053381865825   2.76481758519392   5.67633187885408e-15   9.36224475975095
2.22518222222223   3.46380704701384   2.76481681079599   6.01995362028969e-15   9.36224804378629
2.23520556556558   3.44574367843549   2.76481609283375   5.93094979956834e-15   9.36225088963043
2.24522890890892   3.42642250134629   2.76481542574764   5.86749758933036e-15   9.36225333389464
2.25525225225226   3.40595164883184   2.76481480445602   5.82113211578865e-15   9.36225540989132
2.26527559559561   3.38446719480353   2.76481422431016   5.35226916963049e-15   9.3622571479109
2.27529893893895   3.36213062441367   2.76481368105345   4.7059366756822e-15   9.36225857546575
2.28532228228229   3.33912524888522   2.76481317078423   3.74077428134814e-15   9.36225971750569
2.29534562562564   3.31565169608051   2.76481268992176   2.72054396678355e-15   9.36226059660894
2.30536896896898   3.29192266258104   2.76481223517502   1.58711458623695e-15   9.36226123315264
2.31539231231232   3.26815715668089   2.76481180351398   4.56671784073744e-16   9.36226164546563
2.32541565565567   3.24457449122813   2.76481139214306   -3.07496041863618e-16   9.36226184996669
2.33543899899901   3.22138829851866   2.76481099847662   -1.13575948228495e-15   9.36226186129034
2.34546234234235   3.19880083560196   2.7648106201162   -2.55518132329196e-15   9.36226169240231
2.3554856856857   3.17699782791519   2.76481025482946   -3.5893775105632e-15   9.36226135470609
2.36550902902904   3.15614406393753   2.76480990053048   -4.56097728074365e-15   9.36226085814176
2.37553237237238   3.1363799064719   2.76480955526158   -5.73315257628111e-15   9.36226021127791
2.38555571571573   3.11781883095342   2.76480921717618   -6.09171052229853e-15   9.36225942139711
2.39557905905907   3.10054604204569   2.76480888452288   -6.47925852230008e-15   9.36225849457519
2.40560240240241   3.08461816098787   2.76480855563044   -6.70180915024574e-15   9.36225743575425
2.41562574574576   3.07006392167914   2.7648082288937   -6.7556141028012e-15   9.36225624880911
2.4256490890891   3.05688576670689   2.76480790276013   -6.97803836727105e-15   9.36225493660695
2.43567243243244   3.04506219797624   2.76480757571699   -7.09150021515029e-15   9.36225350105917
2.44569577577579   3.03455071183263   2.76480724627888   -7.48287454219205e-15   9.3622519431647
2.45571911911913   3.02529113611751   2.76480691297535   -7.4226216969104e-15   9.36225026304295
2.46574246246247   3.01720918602345   2.76480657433816   -7.3079197565078e-15   9.36224845995379
2.47576580580582   3.01022006565936   2.7648062288875   -7.75232938965053e-15   9.36224653229965
2.48578914914916   3.00423196100156   2.76480587511581   -7.80300801998065e-15   9.36224447760092
2.4958124924925   2.99914929509536   2.7648055114668   -7.62961476672907e-15   9.36224229242785
2.50583583583585   2.99487564551522   2.76480513630529   -7.48979482994494e-15   9.36223997225724
2.51585917917919   2.99131625477339   2.76480474786927   -7.73141804942137e-15   9.36223751119364
2.52588252252253   2.98838009440113   2.76480434418838   -7.86444285139774e-15   9.36223490143991
2.53590586586588   2.98598147100077   2.76480392293815   -8.23556882117662e-15   9.36223213229737
2.54592920920922   2.98404118631734   2.7648034811722   -8.42494478958893e-15   9.36222918827631
2.55595255255257   2.98248728242271   2.76480301482149   -8.97266220062731e-15   9.36222604551652
2.56597589589591   2.98125541701795   2.76480251774985   -9.2694536472959e-15   9.36222266499071
2.57599923923925   2.98028892260421   2.76480197996296   -9.77744085403651e-15   9.36221897957649
2.5860225825826   2.97953860709595   2.76480138420264   -1.00849619854515e-14   9.36221486943619
2.59604592592594   2.97896235273517   2.76480069946095   -1.0692360191218e-14   9.36221011509548
2.60606926926928   2.97852456522915   2.76479986861787   -1.1038579615879e-14   9.36220430797932
2.61609261261263   2.9781955158444   2.76479878486854   -1.1258251345801e-14   9.36219667979097
2.62611595595597   2.97795060490329   2.76479724676391   -1.09291252293914e-14   9.36218577706968
2.63613929929931   2.97776955331928   2.76479487245277   -1.09315075454854e-14   9.36216884040483
2.64616264264266   2.97763549403364   2.76479093609476   -1.086385874384e-14   9.36214062025578
2.656185985986   2.97753387639099   2.76478405580708   -1.05759564481863e-14   9.36209111808252
2.66620932932934   2.97745099185722   2.76477159840268   -1.06767992212212e-14   9.36200127757605
2.67623267267269   2.97737173709297   2.7647485439028   -1.04565208214016e-14   9.36183476612342
2.68625601601603   2.97727586998794   2.76470531958121   -9.92319228215829e-15   9.36152230013809
2.69627935935937   2.97713133284383   2.76462366847789   -9.4775004414004e-15   9.36093175440708
2.70630270270272   2.97688192367436   2.76446876902615   -9.20706868087203e-15   9.35981117868793
2.71632604604606   2.97642414098339   2.76417420503544   -9.15238610205936e-15   9.35768022318042
2.7263493893894   2.97556337408397   2.76361330266836   -8.96715533800373e-15   9.35362347473427
2.73637273273275   2.97393083929181   2.76254448037327   -9.03825796027298e-15   9.34589785225643
2.74639607607609   2.97082630404664   2.76050709368019   -9.13832272279149e-15   9.33118954214427
2.75641941941943   2.96492178690439   2.75662308733336   -9.16772315499179e-15   9.30321770482031
2.76644276276278   2.95370933076048   2.74921985561664   -8.92237946045005e-15   9.25014714276477
2.77646610610612   2.93249389902418   2.7351153633391   -8.65845976111613e-15   9.14992528058142
2.78648944944946   2.89263653026024   2.70827177668158   -8.28012156698156e-15   8.96234748534193
2.79651279279281   2.81877415437399   2.65729584347498   -7.84054832298694e-15   8.61720946786866
2.80653613613615   2.68541948623061   2.56095925821701   -7.29283590548696e-15   8.00234433998003
2.81655947947949   2.45628936823389   2.38095356677698   -6.37440814739018e-15   6.97146224127574
2.82658282282284   2.09768424053754   2.05426538962266   -5.12716886739802e-15   5.42744056518128
2.83660616616618   1.62555931236535   1.50734647700151   -3.09436991009096e-15   3.54558336002154
2.84662950950952   1.16894586547791   0.777306504584506   -1.05057956459117e-15   1.95468472539991
2.85665285285287   0.899923861004335   0.215897132983529   -1.97103864478528e-16   1.20542624030816
2.86667619619621   0.8166674226647   0.0345086507675723   -1.86382879110219e-18   1.02999781022062
2.87669953953955   0.802230428101181   0.00458462345768996   -1.32833709250833e-21   1.00391620728218
2.8867228828829   0.800287298565575   0.000590420601731771   -6.02991799155272e-26   1.00050298121173
2.89674622622624   0.800036841486902   7.57116646644818e-05   -1.69926940944039e-31   1.00006447602178
2.90676956956958   0.800004721696613   9.70339144370438e-06   -2.63361569992397e-38   1.00000826302521
2.91679291291293   0.800000605101158   1.24352189872335e-06   -3.56608184176605e-47   1.00000105892795
2.92681625625627   0.80000007754502   1.59360014977056e-07   -4.02825857430251e-56   1.0000001357038
2.93683959959962   0.80000000993755   2.04223050492055e-08   -5.69962978626127e-66   1.00000001739071
2.94686294294296   0.800000001273517   2.6171581930145e-09   -7.4822141119848e-77   1.00000000222865
2.9568862862863   0.800000000163203   3.35393423657263e-10   -9.37208719172829e-89   1.0000000002856
2.96690962962965   0.800000000020915   4.29807272782565e-11   -1.12835717133733e-101   1.0000000000366
2.97693297297299   0.80000000000268   5.50747004955054e-12   -1.28332166414268e-115   1.00000000000469
2.98695631631633   0.800000000000343   7.05420117272115e-13   -1.3158048290592e-130   1.0000000000006
2.99697965965968   0.800000000000044   9.02039817849625e-14   -1.18870840817114e-146   1.00000000000008
3.00700300300302   0.800000000000006   1.13743014193932e-14   -9.19314933636216e-164   1.00000000000001
3.01702634634636   0.800000000000001   1.30421101381972e-15   -5.78646676117887e-182   1
3.02704968968971   0.8   1.10660324862168e-16   -1.7752922068214e-201   1
3.03707303303305   0.8   0   0   1
3.04709637637639   0.8   0   0   1
3.05711971971974   0.8   0   0   1
3.06714306306308   0.8   0   0   1
3.07716640640642   0.8   0   0   1
3.08718974974977   0.8   0   0   1
3.09721309309311   0.8   0   0   1
3.10723643643645   0.8   0   0   1
3.1172597797798   0.8   0   0   1
3.12728312312314   0.8   0   0   1
3.13730646646648   0.8   0   0   1
3.14732980980983   0.8   0   0   1
3.15735315315317   0.8   0   0   1
3.16737649649651   0.8   0   0   1
3.17739983983986   0.8   0   0   1
3.1874231831832   0.8   0   0   1
3.19744652652654   0.8   0   0   1
3.20746986986989   0.8   0   0   1
3.21749321321323   0.8   0   0   1
3.22751655655657   0.8   0   0   1
3.23753989989992   0.8   0   0   1
3.24756324324326   0.8   0   0   1
3.2575865865866   0.8   0   0   1
3.26760992992995   0.8   0   0   1
3.27763327327329   0.8   0   0   1
3.28765661661664   0.8   0   0   1
3.29767995995998   0.8   0   0   1
3.30770330330332   0.8   0   0   1
3.31772664664667   0.8   0   0   1
3.32774998999001   0.8   0   0   1
3.33777333333335   0.8   0   0   1
3.3477966766767   0.8   0   0   1
3.35782002002004   0.8   0   0   1
3.36784336336338   0.8   0   0   1
3.37786670670673   0.8   0   0   1
3.38789005005007   0.8   0   0   1
3.39791339339341   0.8   0   0   1
3.40793673673676   0.8   0   0   1
3.4179600800801   0.8   0   0   1
3.42798342342344   0.8   0   0   1
3.43800676676679   0.8   0   0   1
3.44803011011013   0.8   0   0   1
3.45805345345347   0.8   0   0   1
3.46807679679682   0.8   0   0   1
3.47810014014016   0.8   0   0   1
3.4881234834835   0.8   0   0   1
3.49814682682685   0.8   0   0   1
3.50817017017019   0.8   0   0   1
3.51819351351353   0.8   0   0   1
3.52821685685688   0.8   0   0   1
3.53824020020022   0.8   0   0   1
3.54826354354356   0.8   0   0   1
3.55828688688691   0.8   0   0   1
3.56831023023025   0.8   0   0   1
3.57833357357359   0.8   0   0   1
3.58835691691694   0.8   0   0   1
3.59838026026028   0.8   0   0   1
3.60840360360362   0.8   0   0   1
3.61842694694697   0.8   0   0   1
3.62845029029031   0.8   0   0   1
3.63847363363366   0.8   0   0   1
3.648496976977   0.8   0   0   1
3.65852032032034   0.8   0   0   1
3.66854366366369   0.8   0   0   1
3.67856700700703   0.8   0   0   1
3.68859035035037   0.8   0   0   1
3.69861369369372   0.8   0   0   1
3.70863703703706   0.8   0   0   1
3.7186603803804   0.8   0   0   1
3.72868372372375   0.8   0   0   1
3.73870706706709   0.8   0   0   1
3.74873041041043   0.8   0   0   1
3.75875375375378   0.8   0   0   1
3.76877709709712   0.8   0   0   1
3.77880044044046   0.8   0   0   1
3.78882378378381   0.8   0   0   1
3.79884712712715   0.8   0   0   1
3.80887047047049   0.8   0   0   1
3.81889381381384   0.8   0   0   1
3.82891715715718   0.8   0   0   1
3.83894050050052   0.8   0   0   1
3.84896384384387   0.8   0   0   1
3.85898718718721   0.8   0   0   1
3.86901053053055   0.8   0   0   1
3.8790338738739   0.8   0   0   1
3.88905721721724   0.8   0   0   1
3.89908056056058   0.8   0   0   1
3.90910390390393   0.8   0   0   1
3.91912724724727   0.8   0   0   1
3.92915059059061   0.8   0   0   1
3.93917393393396   0.8   0   0   1
3.9491972772773   0.8   0   0   1
3.95922062062064   0.8   0   0   1
3.96924396396399   0.8   0   0   1
3.97926730730733   0.8   0   0   1
3.98929065065068   0.8   0   0   1
3.99931399399402   0.8   0   0   1
4.00933733733736   0.8   0   0   1
4.01936068068071   0.8   0   0   1
4.02938402402405   0.8   0   0   1
4.03940736736739   0.8   0   0   1
4.04943071071074   0.8   0   0   1
4.05945405405408   0.8   0   0   1
4.06947739739742   0.8   0   0   1
4.07950074074077   0.8   0   0   1
4.08952408408411   0.8   0   0   1
4.09954742742745   0.8   0   0   1
4.1095707707708   0.8   0   0   1
4.11959411411414   0.8   0   0   1
4.12961745745748   0.8   0   0   1
4.13964080080083   0.8   0   0   1
4.14966414414417   0.8   0   0   1
4.15968748748751   0.8   0   0   1
4.16971083083086   0.8   0   0   1
4.1797341741742   0.8   0   0   1
4.18975751751754   0.8   0   0   1
4.19978086086089   0.8   0   0   1
4.20980420420423   0.8   0   0   1
4.21982754754757   0.8   0   0   1
4.22985089089092   0.8   0   0   1
4.23987423423426   0.8   0   0   1
4.2498975775776   0.8   0   0   1
4.25992092092095   0.8   0   0   1
4.26994426426429   0.8   0   0   1
4.27996760760763   0.8   0   0   1
4.28999095095098   0.8   0   0   1
4.30001429429432   0.8   0   0   1
4.31003763763766   0.8   0   0   1
4.32006098098101   0.8   0   0   1
4.33008432432435   0.8   0   0   1
4.3401076676677   0.8   0   0   1
4.35013101101104   0.8   0   0   1
4.36015435435438   0.8   0   0   1
4.37017769769773   0.8   0   0   1
4.38020104104107   0.8   0   0   1
4.39022438438441   0.8   0   0   1
4.40024772772776   0.8   0   0   1
4.4102710710711   0.8   0   0   1
4.42029441441444   0.8   0   0   1
4.43031775775779   0.8   0   0   1
4.44034110110113   0.8   0   0   1
4.45036444444447   0.8   0   0   1
4.46038778778782   0.8   0   0   1
4.47041113113116   0.8   0   0   1
4.4804344744745   0.8   0   0   1
4.49045781781785   0.8   0   0   1
4.50048116116119   0.8   0   0   1
4.51050450450453   0.8   0   0   1
4.52052784784788   0.8   0   0   1
4.53055119119122   0.8   0   0   1
4.54057453453456   0.8   0   0   1
4.55059787787791   0.8   0   0   1
4.56062122122125   0.8   0   0   1
4.57064456456459   0.8   0   0   1
4.58066790790794   0.8   0   0   1
4.59069125125128   0.8   0   0   1
4.60071459459462   0.8   0   0   1
4.61073793793797   0.8   0   0   1
4.62076128128131   0.8   0   0   1
4.63078462462465   0.8   0   0   1
4.640807967968   0.8   0   0   1
4.65083131131134   0.8   0   0   1
4.66085465465468   0.8   0   0   1
4.67087799799803   0.8   0   0   1
4.68090134134137   0.8   0   0   1
4.69092468468472   0.8   0   0   1
4.70094802802806   0.8   0   0   1
4.7109713713714   0.8   0   0   1
4.72099471471475   0.8   0   0   1
4.73101805805809   0.8   0   0   1
4.74104140140143   0.8   0   0   1
4.75106474474478   0.8   0   0   1
4.76108808808812   0.8   0   0   1
4.77111143143146   0.8   0   0   1
4.78113477477481   0.8   0   0   1
4.79115811811815   0.8   0   0   1
4.80118146146149   0.8   0   0   1
4.81120480480484   0.8   0   0   1
4.82122814814818   0.8   0   0   1
4.83125149149152   0.8   0   0   1
4.84127483483487   0.8   0   0   1
4.85129817817821   0.8   0   0   1
4.86132152152155   0.8   0   0   1
4.8713448648649   0.8   0   0   1
4.88136820820824   0.8   0   0   1
4.89139155155158   0.8   0   0   1
4.90141489489493   0.8   0   0   1
4.91143823823827   0.8   0   0   1
4.92146158158161   0.8   0   0   1
4.93148492492496   0.8   0   0   1
4.9415082682683   0.8   0   0   1
4.95153161161164   0.8   0   0   1
4.96155495495499   0.8   0   0   1
4.97157829829833   0.8   0   0   1
4.98160164164167   0.8   0   0   1
4.99162498498502   0.8   0   0   1
5.00164832832836   0.8   0   0   1
5.0116716716717   0.8   0   0   1
5.02169501501505   0.8   0   0   1
5.03171835835839   0.8   0   0   1
5.04174170170173   0.8   0   0   1
5.05176504504508   0.8   0   0   1
5.06178838838842   0.8   0   0   1
5.07181173173177   0.8   0   0   1
5.08183507507511   0.8   0   0   1
5.09185841841845   0.8   0   0   1
5.1018817617618   0.8   0   0   1
5.11190510510514   0.8   0   0   1
5.12192844844848   0.8   0   0   1
5.13195179179183   0.8   0   0   1
5.14197513513517   0.8   0   0   1
5.15199847847851   0.8   0   0   1
5.16202182182186   0.8   0   0   1
5.1720451651652   0.8   0   0   1
5.18206850850854   0.8   0   0   1
5.19209185185189   0.8   0   0   1
5.20211519519523   0.8   0   0   1
5.21213853853857   0.8   0   0   1
5.22216188188192   0.8   0   0   1
5.23218522522526   0.8   0   0   1
5.2422085685686   0.8   0   0   1
5.25223191191195   0.8   0   0   1
5.26225525525529   0.8   0   0   1
5.27227859859863   0.8   0   0   1
5.28230194194198   0.8   0   0   1
5.29232528528532   0.8   0   0   1
5.30234862862866   0.8   0   0   1
5.31237197197201   0.8   0   0   1
5.32239531531535   0.8   0   0   1
5.33241865865869   0.8   0   0   1
5.34244200200204   0.8   0   0   1
5.35246534534538   0.8   0   0   1
5.36248868868872   0.8   0   0   1
5.37251203203207   0.8   0   0   1
5.38253537537541   0.8   0   0   1
5.39255871871875   0.8   0   0   1
5.4025820620621   0.8   0   0   1
5.41260540540544   0.8   0   0   1
5.42262874874879   0.8   0   0   1
5.43265209209213   0.8   0   0   1
5.44267543543547   0.8   0   0   1
5.45269877877882   0.8   0   0   1
5.46272212212216   0.8   0   0   1
5.4727454654655   0.8   0   0   1
5.48276880880885   0.8   0   0   1
5.49279215215219   0.8   0   0   1
5.50281549549553   0.8   0   0   1
5.51283883883888   0.8   0   0   1
5.52286218218222   0.8   0   0   1
5.53288552552556   0.8   0   0   1
5.54290886886891   0.8   0   0   1
5.55293221221225   0.8   0   0   1
5.56295555555559   0.8   0   0   1
5.57297889889894   0.8   0   0   1
5.58300224224228   0.8   0   0   1
5.59302558558562   0.8   0   0   1
5.60304892892897   0.8   0   0   1
5.61307227227231   0.8   0   0   1
5.62309561561565   0.8   0   0   1
5.633118958959   0.8   0   0   1
5.64314230230234   0.8   0   0   1
5.65316564564568   0.8   0   0   1
5.66318898898903   0.8   0   0   1
5.67321233233237   0.8   0   0   1
5.68323567567571   0.8   0   0   1
5.69325901901906   0.8   0   0   1
5.7032823623624   0.8   0   0   1
5.71330570570574   0.8   0   0   1
5.72332904904909   0.8   0   0   1
5.73335239239243   0.8   0   0   1
5.74337573573577   0.8   0   0   1
5.75339907907912   0.8   0   0   1
5.76342242242246   0.8   0   0   1
5.77344576576581   0.8   0   0   1
5.78346910910915   0.8   0   0   1
5.79349245245249   0.8   0   0   1
5.80351579579584   0.8   0   0   1
5.81353913913918   0.8   0   0   1
5.82356248248252   0.8   0   0   1
5.83358582582587   0.8   0   0   1
5.84360916916921   0.8   0   0   1
5.85363251251255   0.8   0   0   1
5.8636558558559   0.8   0   0   1
5.87367919919924   0.8   0   0   1
5.88370254254258   0.8   0   0   1
5.89372588588593   0.8   0   0   1
5.90374922922927   0.8   0   0   1
5.91377257257261   0.8   0   0   1
5.92379591591596   0.8   0   0   1
5.9338192592593   0.8   0   0   1
5.94384260260264   0.8   0   0   1
5.95386594594599   0.8   0   0   1
5.96388928928933   0.8   0   0   1
5.97391263263267   0.8   0   0   1
5.98393597597602   0.8   0   0   1
5.99395931931936   0.8   0   0   1
6.0039826626627   0.8   0   0   1
6.01400600600605   0.8   0   0   1
6.02402934934939   0.8   0   0   1
6.03405269269273   0.8   0   0   1
6.04407603603608   0.8   0   0   1
6.05409937937942   0.8   0   0   1
6.06412272272276   0.8   0   0   1
6.07414606606611   0.8   0   0   1
6.08416940940945   0.8   0   0   1
6.09419275275279   0.8   0   0   1
6.10421609609614   0.8   0   0   1
6.11423943943948   0.8   0   0   1
6.12426278278283   0.8   0   0   1
6.13428612612617   0.8   0   0   1
6.14430946946951   0.8   0   0   1
6.15433281281286   0.8   0   0   1
6.1643561561562   0.8   0   0   1
6.17437949949954   0.8   0   0   1
6.18440284284289   0.8   0   0   1
6.19442618618623   0.8   0   0   1
6.20444952952957   0.8   0   0   1
6.21447287287292   0.8   0   0   1
6.22449621621626   0.8   0   0   1
6.2345195595596   0.8   0   0   1
6.24454290290295   0.8   0   0   1
6.25456624624629   0.8   0   0   1
6.26458958958963   0.8   0   0   1
6.27461293293298   0.8   0   0   1
6.28463627627632   0.8   0   0   1
6.29465961961966   0.8   0   0   1
6.30468296296301   0.8   0   0   1
6.31470630630635   0.8   0   0   1
6.32472964964969   0.8   0   0   1
6.33475299299304   0.8   0   0   1
6.34477633633638   0.8   0   0   1
6.35479967967972   0.8   0   0   1
6.36482302302307   0.8   0   0   1
6.37484636636641   0.8   0   0   1
6.38486970970975   0.8   0   0   1
6.3948930530531   0.8   0   0   1
6.40491639639644   0.8   0   0   1
6.41493973973978   0.8   0   0   1
6.42496308308313   0.8   0   0   1
6.43498642642647   0.8   0   0   1
6.44500976976981   0.8   0   0   1
6.45503311311316   0.8   0   0   1
6.4650564564565   0.8   0   0   1
6.47507979979985   0.8   0   0   1
6.48510314314319   0.8   0   0   1
6.49512648648653   0.8   0   0   1
6.50514982982988   0.8   0   0   1
6.51517317317322   0.8   0   0   1
6.52519651651656   0.8   0   0   1
6.53521985985991   0.8   0   0   1
6.54524320320325   0.8   0   0   1
6.55526654654659   0.8   0   0   1
6.56528988988994   0.8   0   0   1
6.57531323323328   0.8   0   0   1
6.58533657657662   0.8   0   0   1
6.59535991991997   0.8   0   0   1
6.60538326326331   0.8   0   0   1
6.61540660660665   0.8   0   0   1
6.62542994995   0.8   0   0   1
6.63545329329334   0.8   0   0   1
6.64547663663668   0.8   0   0   1
6.65549997998003   0.8   0   0   1
6.66552332332337   0.8   0   0   1
6.67554666666671   0.8   0   0   1
6.68557001001006   0.8   0   0   1
6.6955933533534   0.8   0   0   1
6.70561669669674   0.8   0   0   1
6.71564004004009   0.8   0   0   1
6.72566338338343   0.8   0   0   1
6.73568672672677   0.8   0   0   1
6.74571007007012   0.8   0   0   1
6.75573341341346   0.8   0   0   1
6.7657567567568   0.8   0   0   1
6.77578010010015   0.8   0   0   1
6.78580344344349   0.8   0   0   1
6.79582678678683   0.8   0   0   1
6.80585013013018   0.8   0   0   1
6.81587347347352   0.8   0   0   1
6.82589681681686   0.8   0   0   1
6.83592016016021   0.8   0   0   1
6.84594350350355   0.8   0   0   1
6.8559668468469   0.8   0   0   1
6.86599019019024   0.8   0   0   1
6.87601353353358   0.8   0   0   1
6.88603687687693   0.8   0   0   1
6.89606022022027   0.8   0   0   1
6.90608356356361   0.8   0   0   1
6.91610690690696   0.8   0   0   1
6.9261302502503   0.8   0   0   1
6.93615359359364   0.8   0   0   1
6.94617693693699   0.8   0   0   1
6.95620028028033   0.8   0   0   1
6.96622362362367   0.8   0   0   1
6.97624696696702   0.8   0   0   1
6.98627031031036   0.8   0   0   1
6.9962936536537   0.8   0   0   1
7.00631699699705   0.8   0   0   1
7.01634034034039   0.8   0   0   1
7.02636368368373   0.8   0   0   1
7.03638702702708   0.8   0   0   1
7.04641037037042   0.8   0   0   1
7.05643371371376   0.8   0   0   1
7.06645705705711   0.8   0   0   1
7.07648040040045   0.8   0   0   1
7.08650374374379   0.8   0   0   1
7.09652708708714   0.8   0   0   1
7.10655043043048   0.8   0   0   1
7.11657377377382   0.8   0   0   1
7.12659711711717   0.8   0   0   1
7.13662046046051   0.8   0   0   1
7.14664380380385   0.8   0   0   1
7.1566671471472   0.8   0   0   1
7.16669049049054   0.8   0   0   1
7.17671383383388   0.8   0   0   1
7.18673717717723   0.8   0   0   1
7.19676052052057   0.8   0   0   1
7.20678386386392   0.8   0   0   1
7.21680720720726   0.8   0   0   1
7.2268305505506   0.8   0   0   1
7.23685389389395   0.8   0   0   1
7.24687723723729   0.8   0   0   1
7.25690058058063   0.8   0   0   1
7.26692392392398   0.8   0   0   1
7.27694726726732   0.8   0   0   1
7.28697061061066   0.8   0   0   1
7.29699395395401   0.8   0   0   1
7.30701729729735   0.8   0   0   1
7.31704064064069   0.8   0   0   1
7.32706398398404   0.8   0   0   1
7.33708732732738   0.8   0   0   1
7.34711067067072   0.8   0   0   1
7.35713401401407   0.8   0   0   1
7.36715735735741   0.8   0   0   1
7.37718070070075   0.8   0   0   1
7.3872040440441   0.8   0   0   1
7.39722738738744   0.8   0   0   1
7.40725073073078   0.8   0   0   1
7.41727407407413   0.8   0   0   1
7.42729741741747   0.8   0   0   1
7.43732076076081   0.8   0   0   1
7.44734410410416   0.8   0   0   1
7.4573674474475   0.8   0   0   1
7.46739079079084   0.8   0   0   1
7.47741413413419   0.8   0   0   1
7.48743747747753   0.8   0   0   1
7.49746082082087   0.8   0   0   1
7.50748416416422   0.8   0   0   1
7.51750750750756   0.8   0   0   1
7.5275308508509   0.8   0   0   1
7.53755419419425   0.8   0   0   1
7.54757753753759   0.8   0   0   1
7.55760088088094   0.8   0   0   1
7.56762422422428   0.8   0   0   1
7.57764756756762   0.8   0   0   1
7.58767091091097   0.8   0   0   1
7.59769425425431   0.8   0   0   1
7.60771759759765   0.8   0   0   1
7.617740940941   0.8   0   0   1
7.62776428428434   0.8   0   0   1
7.63778762762768   0.8   0   0   1
7.64781097097103   0.8   0   0   1
7.65783431431437   0.8   0   0   1
7.66785765765771   0.8   0   0   1
7.67788100100106   0.8   0   0   1
7.6879043443444   0.8   0   0   1
7.69792768768774   0.8   0   0   1
7.70795103103109   0.8   0   0   1
7.71797437437443   0.8   0   0   1
7.72799771771777   0.8   0   0   1
7.73802106106112   0.8   0   0   1
7.74804440440446   0.8   0   0   1
7.7580677477478   0.8   0   0   1
7.76809109109115   0.8   0   0   1
7.77811443443449   0.8   0   0   1
7.78813777777783   0.8   0   0   1
7.79816112112118   0.8   0   0   1
7.80818446446452   0.8   0   0   1
7.81820780780786   0.8   0   0   1
7.82823115115121   0.8   0   0   1
7.83825449449455   0.8   0   0   1
7.84827783783789   0.8   0   0   1
7.85830118118124   0.8   0   0   1
7.86832452452458   0.8   0   0   1
7.87834786786792   0.8   0   0   1
7.88837121121127   0.8   0   0   1
7.89839455455461   0.8   0   0   1
7.90841789789796   0.8   0   0   1
7.9184412412413   0.8   0   0   1
7.92846458458464   0.8   0   0   1
7.93848792792799   0.8   0   0   1
7.94851127127133   0.8   0   0   1
7.95853461461467   0.8   0   0   1
7.96855795795802   0.8   0   0   1
7.97858130130136   0.8   0   0   1
7.9886046446447   0.8   0   0   1
7.99862798798805   0.8   0   0   1
8.00865133133139   0.8   0   0   1
8.01867467467473   0.8   0   0   1
8.02869801801808   0.8   0   0   1
8.03872136136142   0.8   0   0   1
8.04874470470476   0.8   0   0   1
8.05876804804811   0.8   0   0   1
8.06879139139145   0.8   0   0   1
8.07881473473479   0.8   0   0   1
8.08883807807814   0.8   0   0   1
8.09886142142148   0.8   0   0   1
8.10888476476482   0.8   0   0   1
8.11890810810817   0.8   0   0   1
8.12893145145151   0.8   0   0   1
8.13895479479485   0.8   0   0   1
8.1489781381382   0.8   0   0   1
8.15900148148154   0.8   0   0   1
8.16902482482488   0.8   0   0   1
8.17904816816823   0.8   0   0   1
8.18907151151157   0.8   0   0   1
8.19909485485491   0.8   0   0   1
8.20911819819826   0.8   0   0   1
8.2191415415416   0.8   0   0   1
8.22916488488494   0.8   0   0   1
8.23918822822829   0.8   0   0   1
8.24921157157163   0.8   0   0   1
8.25923491491498   0.8   0   0   1
8.26925825825832   0.8   0   0   1
8.27928160160166   0.8   0   0   1
8.28930494494501   0.8   0   0   1
8.29932828828835   0.8   0   0   1
8.30935163163169   0.8   0   0   1
8.31937497497504   0.8   0   0   1
8.32939831831838   0.8   0   0   1
8.33942166166172   0.8   0   0   1
8.34944500500507   0.8   0   0   1
8.35946834834841   0.8   0   0   1
8.36949169169175   0.8   0   0   1
8.3795150350351   0.8   0   0   1
8.38953837837844   0.8   0   0   1
8.39956172172178   0.8   0   0   1
8.40958506506513   0.8   0   0   1
8.41960840840847   0.8   0   0   1
8.42963175175181   0.8   0   0   1
8.43965509509516   0.8   0   0   1
8.4496784384385   0.8   0   0   1
8.45970178178184   0.8   0   0   1
8.46972512512519   0.8   0   0   1
8.47974846846853   0.8   0   0   1
8.48977181181187   0.8   0   0   1
8.49979515515522   0.8   0   0   1
8.50981849849856   0.8   0   0   1
8.5198418418419   0.8   0   0   1
8.52986518518525   0.8   0   0   1
8.53988852852859   0.8   0   0   1
8.54991187187193   0.8   0   0   1
8.55993521521528   0.8   0   0   1
8.56995855855862   0.8   0   0   1
8.57998190190196   0.8   0   0   1
8.59000524524531   0.8   0   0   1
8.60002858858865   0.8   0   0   1
8.610051931932   0.8   0   0   1
8.62007527527534   0.8   0   0   1
8.63009861861868   0.8   0   0   1
8.64012196196203   0.8   0   0   1
8.65014530530537   0.8   0   0   1
8.66016864864871   0.8   0   0   1
8.67019199199206   0.8   0   0   1
8.6802153353354   0.8   0   0   1
8.69023867867874   0.8   0   0   1
8.70026202202209   0.8   0   0   1
8.71028536536543   0.8   0   0   1
8.72030870870877   0.8   0   0   1
8.73033205205212   0.8   0   0   1
8.74035539539546   0.8   0   0   1
8.7503787387388   0.8   0   0   1
8.76040208208215   0.8   0   0   1
8.77042542542549   0.8   0   0   1
8.78044876876883   0.8   0   0   1
8.79047211211218   0.8   0   0   1
8.80049545545552   0.8   0   0   1
8.81051879879886   0.8   0   0   1
8.82054214214221   0.8   0   0   1
8.83056548548555   0.8   0   0   1
8.84058882882889   0.8   0   0   1
8.85061217217224   0.8   0   0   1
8.86063551551558   0.8   0   0   1
8.87065885885892   0.8   0   0   1
8.88068220220227   0.8   0   0   1
8.89070554554561   0.8   0   0   1
8.90072888888895   0.8   0   0   1
8.9107522322323   0.8   0   0   1
8.92077557557564   0.8   0   0   1
8.93079891891898   0.8   0   0   1
8.94082226226233   0.8   0   0   1
8.95084560560567   0.8   0   0   1
8.96086894894901   0.8   0   0   1
8.97089229229236   0.8   0   0   1
8.9809156356357   0.8   0   0   1
8.99093897897905   0.8   0   0   1
9.00096232232239   0.8   0   0   1
9.01098566566573   0.8   0   0   1
9.02100900900908   0.8   0   0   1
9.03103235235242   0.8   0   0   1
9.04105569569576   0.8   0   0   1
9.05107903903911   0.8   0   0   1
9.06110238238245   0.8   0   0   1
9.07112572572579   0.8   0   0   1
9.08114906906914   0.8   0   0   1
9.09117241241248   0.8   0   0   1
9.10119575575582   0.8   0   0   1
9.11121909909917   0.8   0   0   1
9.12124244244251   0.8   0   0   1
9.13126578578585   0.8   0   0   1
9.1412891291292   0.8   0   0   1
9.15131247247254   0.8   0   0   1
9.16133581581588   0.8   0   0   1
9.17135915915923   0.8   0   0   1
9.18138250250257   0.8   0   0   1
9.19140584584591   0.8   0   0   1
9.20142918918926   0.8   0   0   1
9.2114525325326   0.8   0   0   1
9.22147587587594   0.8   0   0   1
9.23149921921929   0.8   0   0   1
9.24152256256263   0.8   0   0   1
9.25154590590597   0.8   0   0   1
9.26156924924932   0.8   0   0   1
9.27159259259266   0.8   0   0   1
9.281615935936   0.8   0   0   1
9.29163927927935   0.8   0   0   1
9.30166262262269   0.8   0   0   1
9.31168596596603   0.8   0   0   1
9.32170930930938   0.8   0   0   1
9.33173265265272   0.8   0   0   1
9.34175599599607   0.8   0   0   1
9.35177933933941   0.8   0   0   1
9.36180268268275   0.8   0   0   1
9.3718260260261   0.8   0   0   1
9.38184936936944   0.8   0   0   1
9.39187271271278   0.8   0   0   1
9.40189605605613   0.8   0   0   1
9.41191939939947   0.8   0   0   1
9.42194274274281   0.8   0   0   1
9.43196608608616   0.8   0   0   1
9.4419894294295   0.8   0   0   1
9.45201277277284   0.8   0   0   1
9.46203611611619   0.8   0   0   1
9.47205945945953   0.8   0   0   1
9.48208280280287   0.8   0   0   1
9.49210614614622   0.8   0   0   1
9.50212948948956   0.8   0   0   1
9.5121528328329   0.8   0   0   1
9.52217617617625   0.8   0   0   1
9.53219951951959   0.8   0   0   1
9.54222286286293   0.8   0   0   1
9.55224620620628   0.8   0   0   1
9.56226954954962   0.8   0   0   1
9.57229289289296   0.8   0   0   1
9.58231623623631   0.8   0   0   1
9.59233957957965   0.8   0   0   1
9.60236292292299   0.8   0   0   1
9.61238626626634   0.8   0   0   1
9.62240960960968   0.8   0   0   1
9.63243295295302   0.8   0   0   1
9.64245629629637   0.8   0   0   1
9.65247963963971   0.8   0   0   1
9.66250298298305   0.8   0   0   1
9.6725263263264   0.8   0   0   1
9.68254966966974   0.8   0   0   1
9.69257301301309   0.8   0   0   1
9.70259635635643   0.8   0   0   1
9.71261969969977   0.8   0   0   1
9.72264304304312   0.8   0   0   1
9.73266638638646   0.8   0   0   1
9.7426897297298   0.8   0   0   1
9.75271307307315   0.8   0   0   1
9.76273641641649   0.8   0   0   1
9.77275975975983   0.8   0   0   1
9.78278310310318   0.8   0   0   1
9.79280644644652   0.8   0   0   1
9.80282978978986   0.8   0   0   1
9.81285313313321   0.8   0   0   1
9.82287647647655   0.8   0   0   1
9.83289981981989   0.8   0   0   1
9.84292316316324   0.8   0   0   1
9.85294650650658   0.8   0   0   1
9.86296984984992   0.8   0   0   1
9.87299319319327   0.8   0   0   1
9.88301653653661   0.8   0   0   1
9.89303987987995   0.8   0   0   1
9.9030632232233   0.8   0   0   1
9.91308656656664   0.8   0   0   1
9.92310990990998   0.8   0   0   1
9.93313325325333   0.8   0   0   1
9.94315659659667   0.8   0   0   1
9.95317993994001   0.8   0   0   1
9.96320328328336   0.8   0   0   1
9.9732266266267   0.8   0   0   1
9.98324996997004   0.8   0   0   1
9.99327331331339   0.8   0   0   1
10.0032966566567   0.8   0   0   1
10.0133200000001   0.8   0   0   1
