variables = x,rho,u,v,p
0   3.8571   2.6293   0   10.3333
0.0100233433433433   3.8571   2.6293   0   10.3333
0.0200466866866867   3.8571   2.6293   0   10.3333
0.03007003003003   3.8571   2.6293   0   10.3333
0.0400933733733734   3.8571   2.6293   0   10.3333
0.0501167167167167   3.8571   2.6293   0   10.3333
0.0601400600600601   3.8571   2.6293   0   10.3333
0.0701634034034034   3.8571   2.6293   0   10.3333
0.0801867467467468   3.8571   2.6293   0   10.3333
0.0902100900900901   3.8571   2.6293   0   10.3333
0.100233433433433   3.8571   2.6293   0   10.3333
0.110256776776777   3.8571   2.6293   0   10.3333
0.12028012012012   3.8571   2.6293   0   10.3333
0.130303463463463   3.8571   2.6293   0   10.3333
0.140326806806807   3.8571   2.6293   0   10.3333
0.15035015015015   3.8571   2.6293   0   10.3333
0.160373493493494   3.8571   2.6293   0   10.3333
0.170396836836837   3.8571   2.6293   0   10.3333
0.18042018018018   3.8571   2.6293   0   10.3333
0.190443523523524   3.8571   2.6293   0   10.3333
0.200466866866867   3.8571   2.6293   0   10.3333
0.21049021021021   3.8571   2.6293   0   10.3333
0.220513553553554   3.8571   2.6293   0   10.3333
0.230536896896897   3.8571   2.6293   0   10.3333
0.24056024024024   3.8571   2.6293   0   10.3333
0.250583583583584   3.8571   2.6293   0   10.3333
0.260606926926927   3.8571   2.6293   0   10.3333
0.27063027027027   3.8571   2.6293   0   10.3333
0.280653613613614   3.8571   2.6293   0   10.3333
0.290676956956957   3.8571   2.6293   0   10.3333
0.3007003003003   3.8571   2.6293   0   10.3333
0.310723643643644   3.8571   2.6293   0   10.3333
0.320746986986987   3.8571   2.6293   0   10.3333
0.330770330330331   3.8571   2.6293   0   10.3333
0.340793673673674   3.8571   2.6293   0   10.3333
0.350817017017017   3.8571   2.6293   0   10.3333
0.360840360360361   3.8571   2.6293   0   10.3333
0.370863703703704   3.8571   2.6293   0   10.3333
0.380887047047047   3.8571   2.6293   0   10.3333
0.390910390390391   3.8571   2.6293   0   10.3333
0.400933733733734   3.8571   2.6293   0   10.3333
0.410957077077078   3.8571   2.6293   0   10.3333
0.420980420420421   3.8571   2.6293   0   10.3333
0.431003763763764   3.8571   2.6293   0   10.3333
0.441027107107108   3.8571   2.6293   0   10.3333
0.451050450450451   3.8571   2.6293   0   10.3333
0.461073793793794   3.8571   2.6293   0   10.3333
0.471097137137138   3.8571   2.6293   0   10.3333
0.481120480480481   3.8571   2.6293   0   10.3333
0.491143823823825   3.8571   2.6293   0   10.3333
0.501167167167168   3.8571   2.6293   0   10.3333
0.511190510510511   3.8571   2.6293   0   10.3333
0.521213853853855   3.8571   2.6293   0   10.3333
0.531237197197198   3.8571   2.6293   0   10.3333
0.541260540540541   3.8571   2.6293   1.24941168856637e-16   10.3333
0.551283883883884   3.85709999999998   2.62930000000001   3.01045957778155e-16   10.3332999999999
0.561307227227228   3.85709999999995   2.62930000000003   -2.2352405867944e-16   10.3332999999998
0.571330570570571   3.85709999999988   2.62930000000007   -6.10692308926151e-16   10.3332999999995
0.581353913913914   3.85709999999975   2.62930000000015   -4.73405243974806e-16   10.3332999999989
0.591377257257258   3.8570999999995   2.62930000000029   -4.20382523446602e-16   10.3332999999978
0.601400600600601   3.85709999999904   2.62930000000057   -3.53722688024017e-16   10.3332999999957
0.611423943943944   3.85709999999816   2.62930000000108   -8.2262328951628e-16   10.3332999999919
0.621447287287288   3.85709999999652   2.62930000000204   -9.46394447081169e-16   10.3332999999847
0.631470630630631   3.85709999999348   2.6293000000038   -1.39574928285672e-15   10.3332999999713
0.641493973973974   3.8570999999879   2.62930000000704   -1.7461918158628e-15   10.3332999999469
0.651517317317318   3.85709999997775   2.62930000001292   -1.95430999313863e-15   10.3332999999026
0.661540660660661   3.85709999995942   2.62930000002351   -1.76126700049113e-15   10.3332999998228
0.671564004004004   3.8570999999266   2.62930000004243   -1.72387287941233e-15   10.3332999996802
0.681587347347348   3.85709999986837   2.62930000007594   -1.63320359748349e-15   10.3332999994278
0.691610690690691   3.85709999976591   2.62930000013478   -1.67304015381054e-15   10.3332999989846
0.701634034034034   3.85709999958715   2.6293000002372   -1.31139140172132e-15   10.3332999982132
0.711657377377378   3.85709999927792   2.629300000414   -1.28373777034224e-15   10.3332999968819
0.721680720720721   3.85709999874759   2.62930000071658   -1.34221716211726e-15   10.3332999946038
0.731704064064064   3.85709999784582   2.62930000122996   -1.15711838187625e-15   10.3332999907391
0.741727407407408   3.85709999632562   2.62930000209358   -9.59164613288879e-16   10.3332999842387
0.751750750750751   3.85709999378484   2.6293000035339   -9.99058080844919e-16   10.3332999733991
0.761774094094094   3.85709998957481   2.62930000591535   -9.62215562296459e-16   10.3332999554792
0.771797437437437   3.85709998265893   2.629300009819   -7.61416730010627e-16   10.3332999261093
0.781820780780781   3.85709997139604   2.62930001616266   -4.72046370195819e-16   10.3332998783881
0.791844124124124   3.85709995321215   2.62930002638245   -3.19197764576213e-16   10.3332998015191
0.801867467467467   3.85709992410821   2.62930004270437   1.77408305062432e-17   10.3332996787695
0.811890810810811   3.85709987792971   2.6293000685462   1.16386165780867e-16   10.3332994844524
0.821914154154154   3.85709980529488   2.62930010910562   3.2386594549136e-16   10.3332991795095
0.831937497497497   3.85709969203868   2.62930017221175   5.5164541719667e-16   10.333298705117
0.841960840840841   3.85709951697925   2.62930026954414   1.19421776620905e-15   10.333297973535
0.851984184184184   3.85709924874753   2.62930041835818   1.40863525915677e-15   10.333296855156
0.862007527527527   3.85709884133855   2.6293006438994   1.41315818943792e-15   10.3332951603865
0.872030870870871   3.85709822794151   2.62930098274216   1.4460240527223e-15   10.3332926145961
0.882054214214214   3.85709731248404   2.62930148735192   1.71116224346738e-15   10.3332888238921
0.892077557557557   3.85709595818386   2.62930223224361   1.73485296238351e-15   10.3332832289289
0.902100900900901   3.85709397224047   2.62930332219117   1.54634678495056e-15   10.3332750433453
0.912124244244244   3.85709108562518   2.62930490303176   1.43340937612547e-15   10.333263172761
0.922147587587587   3.85708692674825   2.6293071756978   1.23171040819696e-15   10.3332461095952
0.932170930930931   3.85708098761004   2.62931041419399   1.44417790147132e-15   10.3332217983454
0.942194274274274   3.85707258089778   2.62931498830454   1.44817936875901e-15   10.3331874654587
0.952217617617617   3.85706078639464   2.62932139185527   1.22216440785571e-15   10.3331394076404
0.96224096096096   3.85704438505386   2.62933027735049   1.15175262913206e-15   10.3330727324921
0.972264304304304   3.85702177919197   2.62934249773736   8.18602997667629e-16   10.3329810458837
0.982287647647647   3.85699089751086   2.6293591559021   9.08317861658501e-16   10.3328560815972
0.99231099099099   3.85694908410559   2.62938166225367   9.91589115732206e-16   10.3326872706644
1.00233433433433   3.85689297128789   2.62941180038611   1.06477277012997e-15   10.3324612505815
1.01235767767768   3.85681833697808   2.62945180032026   1.32968677666159e-15   10.3321613183006
1.02238102102102   3.85671994859773   2.62950441820793   1.54595428159035e-15   10.3317668355768
1.03240436436436   3.85659139681592   2.62957302064941   2.25634554975426e-15   10.3312526008038
1.04242770770771   3.85642492411707   2.62966167095444   2.81696781043724e-15   10.3305882077069
1.05245105105105   3.85621125488802   2.62977521381363   3.250476524818e-15   10.3297374178262
1.06247439439439   3.85593943544832   2.62991935400449   3.80333213038534e-15   10.3286575801645
1.07249773773774   3.85559669402146   2.63010072401147   4.03511322590433e-15   10.327299137069
1.08252108108108   3.85516833188933   2.63032693488334   4.52002840891058e-15   10.3256052597132
1.09254442442442   3.85463765770235   2.63060660437444   4.73784489658355e-15   10.3235116587087
1.10256776776777   3.85398597695535   2.63094935650394   5.06053363663006e-15   10.3209466147666
1.11259111111111   3.85319264783997   2.63136578718177   5.1945804296708e-15   10.3178312704266
1.12261445445445   3.85223521296171   2.6318673915243   5.40056945855071e-15   10.3140802164026
1.1326377977978   3.8510896137539   2.63246644990473   5.29413251166917e-15   10.3096023951039
1.14266114114114   3.84973049092042   2.63317587159591   4.99482838655146e-15   10.3043023297939
1.15268448448449   3.84813157007662   2.63400899695802   5.09743478681262e-15   10.2980816714282
1.16270782782783   3.8462661272094   2.6349793613549   5.28344678287564e-15   10.290841037601
1.17273117117117   3.84410752398226   2.63610042617484   5.44074968624716e-15   10.2824821005686
1.18275451451452   3.84162979864343   2.63738528430248   5.94179985849868e-15   10.2729098654643
1.19277785785786   3.83880829471614   2.63884634896832   6.21705931355123e-15   10.2620350669421
1.2028012012012   3.83562030707043   2.64049503595699   6.65233892346363e-15   10.2497766037206
1.21282454454455   3.83204572361243   2.64234144959968   7.05340362587012e-15   10.2360639266004
1.22284788788789   3.82806764078039   2.64439408278789   7.46817826735161e-15   10.2208392967782
1.23287123123123   3.82367293227898   2.64665954046389   7.83745252140838e-15   10.2040598374566
1.24289457457458   3.81885275286267   2.64914229476345   8.50291634192633e-15   10.1856993121727
1.25291791791792   3.8136029622438   2.65184447834786   9.12157742294631e-15   10.1657495768753
1.26294126126126   3.8079244580319   2.65476572062631   9.61797372751358e-15   10.1442216682903
1.27296460460461   3.80182341065714   2.65790302970688   1.00466886703237e-14   10.1211465071515
1.28298794794795   3.79531139715464   2.6612507211791   1.01938122960676e-14   10.0965752101379
1.29301129129129   3.78840543419128   2.66480039335167   1.01573499836608e-14   10.0705790177536
1.30303463463464   3.78112791357581   2.66854094743773   9.95066806369851e-15   10.0432488560897
1.31305797797798   3.77350644556583   2.6724586504443   9.76494923431644e-15   10.0146945579442
1.32308132132132   3.76557361651584   2.67653723818988   9.73655726653968e-15   9.98504377301204
1.33310466466467   3.75736666783519   2.68075805591118   9.22972269956283e-15   9.95444059797996
1.34312800800801   3.74892710294788   2.68510023425993   8.88662473247298e-15   9.92304395584165
1.35315135135135   3.74030022814132   2.6895408990395   8.51867078872856e-15   9.89102575026164
1.3631746946947   3.73153463207272   2.69405541367428   8.08974265299839e-15   9.8585688162144
1.37319803803804   3.72268160751961   2.69861765401274   7.33698565983105e-15   9.82586468333205
1.38322138138138   3.71379451797597   2.70320031550348   6.79686589026162e-15   9.79311116438431
1.39324472472473   3.70492811117115   2.70777525291547   6.20800765660564e-15   9.76050977902772
1.40326806806807   3.69613778176552   2.71231385247507   5.64902494170667e-15   9.72826302325121
1.41329141141141   3.68747878655657   2.71678743545776   5.04923348315281e-15   9.69657149849805
1.42331475475476   3.67900541764645   2.72116769083437   4.73012225486511e-15   9.66563092169775
1.4333380980981   3.67077014221638   2.72542713251512   4.36464619594045e-15   9.63562904848342
1.44336144144144   3.66282272173886   2.72953957411667   4.38114874800735e-15   9.60674255633866
1.45338478478479   3.65520932839779   2.73348061114235   4.32114199241647e-15   9.57913395141688
1.46340812812813   3.64797168177293   2.73722809725745   4.42575276893179e-15   9.55294858082243
1.47343147147147   3.64114623390923   2.74076259829652   4.49936185341636e-15   9.528311849194
1.48345481481482   3.63476343503059   2.74406780517417   4.90917938657623e-15   9.50532675200313
1.49347815815816   3.6288471146041   2.74713088543221   5.37232245468768e-15   9.48407184538847
1.50350150150151   3.62341401248028   2.74994275317033   6.00438580201641e-15   9.46459977106363
1.51352484484485   3.61847349185189   2.75249823889806   6.7359841078766e-15   9.44693644292747
1.52354818818819   3.61402745950088   2.75479614456153   7.39147329748356e-15   9.43108097858302
1.53357153153154   3.61007050934836   2.7568391745492   7.45496969835586e-15   9.4170064245595
1.54359487487488   3.60659029324783   2.75863374050778   7.47261963670398e-15   9.40466128075891
1.55361821821822   3.6035681092656   2.76018964569406   7.57376467045345e-15   9.39397178115447
1.56364156156157   3.60097968370602   2.76151966255608   7.65334795011332e-15   9.38484483883415
1.57366490490491   3.59879611035147   2.76263902440907   7.58712912602677e-15   9.37717151938053
1.58368824824825   3.59698490022382   2.76356485764041   7.87034886056089e-15   9.37083087228272
1.5937115915916   3.59551108876853   2.76431558422124   8.36177205483045e-15   9.3656939294686
1.60373493493494   3.59433834538342   2.76491032509071   8.52965565179839e-15   9.36162767530073
1.61375827827828   3.59343003276261   2.76536833321052   8.73837808511566e-15   9.35849880364099
1.62378162162163   3.5927501701436   2.76570848108405   8.965428550916e-15   9.35617710301993
1.63380496496497   3.59226426431005   2.76594882186481   9.15986825159694e-15   9.35453834710343
1.64382830830831   3.5919399838975   2.76610623656035   9.72241466492946e-15   9.35346661009955
1.65385165165166   3.59174766485952   2.76619617301448   1.04945535595644e-14   9.35285597079045
1.663874994995   3.59166064665512   2.76623247599327   1.09882220605303e-14   9.35261161019667
1.67389833833834   3.59165544882878   2.76622730232656   1.13331326418989e-14   9.35265034308119
1.68392168168169   3.59171180551314   2.76619111098949   1.180751446071e-14   9.35290065036768
1.69394502502503   3.59181258067972   2.76613271537861   1.19542728978067e-14   9.35330229712714
1.70396836836837   3.59194358970577   2.76605938379714   1.20543796145369e-14   9.35380562925505
1.71399171171172   3.59209335327456   2.76597697414174   1.22877277416046e-14   9.35437064236813
1.72401505505506   3.59225280821425   2.76589008972354   1.27055864596525e-14   9.35496591040835
1.7340383983984   3.59241499711596   2.76580224477112   1.29012516343949e-14   9.35556745082066
1.74406174174175   3.59257475497349   2.76571603017196   1.25716948750388e-14   9.35615758982806
1.75408508508509   3.59272840712556   2.76563327216404   1.23193363706053e-14   9.35672387692401
1.76410842842843   3.59287348883996   2.76555517879166   1.18105758224399e-14   9.35725808357581
1.77413177177178   3.59300849324408   2.76548247084922   1.1831207611317e-14   9.35775530826035
1.78415511511512   3.59313265116122   2.76541549566371   1.17127734022788e-14   9.35821319894764
1.79417845845846   3.59324574385115   2.7653543233713   1.14954419534886e-14   9.35863129530366
1.80420180180181   3.59334794769534   2.7652988263213   1.09935762761606e-14   9.35901048624222
1.81422514514515   3.59343970847726   2.76524874291455   1.04462544342103e-14   9.35935257387041
1.82424848848849   3.59352164201299   2.76520372759359   1.03478508099884e-14   9.35965993208
1.83427183183184   3.59359445739431   2.76516338889607   1.00186085202291e-14   9.35993524671318
1.84429517517518   3.59365889891396   2.76512731751178   9.401829224094e-15   9.36018132403704
1.85431851851853   3.59371570275232   2.76509510619399   8.35175313862998e-15   9.36040095487404
1.86434186186187   3.5937655646235   2.76506636320913   7.66452263677511e-15   9.36059682287518
1.87436520520521   3.5938091147281   2.76504072080019   7.27695867082541e-15   9.36077144685219
1.88438854854856   3.59384689647091   2.76501783991329   6.41260556911878e-15   9.36092714862662
1.8944118918919   3.59387934542283   2.7649974122151   5.27592576251137e-15   9.36106603937364
1.90443523523524   3.59390676489628   2.76497916022214   4.59668390517729e-15   9.36119001885057
1.91445857857859   3.59392929423979   2.76496283617962   3.75044577826981e-15   9.36130078315185
1.92448192192193   3.593946865529   2.76494822017165   2.56713464593652e-15   9.36139983770207
1.93450526526527   3.59395914375061   2.76493511781489   1.81923197639054e-15   9.36148851308063
1.94452860860862   3.5939654448715   2.7649233577847   1.41192441202661e-15   9.36156798197943
1.95455195195196   3.59396462541594   2.76491278934214   1.35321609766948e-15   9.36163927614496
1.9645752952953   3.59395493642521   2.76490327996917   9.0965932022875e-16   9.36170330257172
1.97459863863865   3.59393383406446   2.76489471317519   7.33734493713675e-16   9.36176085851872
1.98462198198199   3.59389773882412   2.76488698650599   6.20573365701424e-16   9.36181264513634
1.99464532532533   3.5938417354203   2.76488000976496   4.87067169886752e-16   9.36185927963826
2.00466866866868   3.59375920633681   2.76487370344244   4.30999026919552e-16   9.3619013060478
2.01469201201202   3.59364139368761   2.76486799734037   1.0850048418958e-16   9.36193920460563
2.02471535535536   3.59347688691964   2.76486282937544   2.80959173600414e-17   9.36197339995619
2.03473869869871   3.59325103799172   2.76485814454154   7.93734385320917e-17   9.36200426824292
2.04476204204205   3.59294531115866   2.7648538940127   2.42017210172082e-16   9.36203214324265
2.05478538538539   3.59253658135667   2.76485003436826   7.5563071968022e-16   9.3620573216634
2.06480872872874   3.59199640328772   2.76484652692374   1.49754349547305e-15   9.36208006771921
2.07483207207208   3.59129028232419   2.76484333715276   1.4781185128041e-15   9.36210061708371
2.08485541541542   3.59037698780386   2.7648404341867   1.58006745511943e-15   9.3621191803114
2.09487875875877   3.58920795846882   2.76483779038121   1.35547211919311e-15   9.36213594580411
2.10490210210211   3.58772685785686   2.76483538093969   1.02511498948126e-15   9.36215108238853
2.11492544544545   3.58586934339026   2.76483318358561   7.32231639718128e-16   9.36216474156151
2.1249487887888   3.58356311567258   2.7648311782768   6.89175910177848e-16   9.36217705945069
2.13497213213214   3.58072831308669   2.76482934695556   1.88571236326931e-16   9.36218815853116
2.14499547547548   3.57727831031992   2.76482767332987   -6.93283092173393e-17   9.3621981491318
2.15501881881883   3.5731209673331   2.76482614268133   -4.32480156050694e-16   9.36220713076047
2.16504216216217   3.568160357335   2.76482474169626   -2.14522083525388e-16   9.3622151932718
2.17506550550551   3.56229897880856   2.76482345831695   -5.41651031409425e-18   9.36222241789822
2.18508884884886   3.55544042840111   2.76482228161042   3.610775332921e-16   9.36222887816149
2.1951121921922   3.54749247994883   2.76482120165246   1.05766872103197e-15   9.3622346406789
2.20513553553555   3.53837048199555   2.76482020942507   2.02834118115437e-15   9.36223976587721
2.21515887887889   3.52800095425074   2.76481929672552   2.63287363784187e-15   9.36224430862438
2.22518222222223   3.51632523512915   2.76481845608568   3.18056406238284e-15   9.36224831878865
2.23520556556558   3.50330301048406   2.76481768070028   3.92609924613949e-15   9.36225184173295
2.24522890890892   3.48891554033717   2.76481696436302   4.42398636773869e-15   9.36225491875152
2.25525225225226   3.47316839780772   2.76481630140945   4.89067579750274e-15   9.36225758745534
2.26527559559561   3.45609354383695   2.76481568666588   5.21579760496606e-15   9.36225988211187
2.27529893893895   3.43775058309504   2.76481511540345   5.6466103073264e-15   9.36226183394437
2.28532228228229   3.41822708004568   2.76481458329676   5.77651431388555e-15   9.3622634713954
2.29534562562564   3.39763785791422   2.76481408638639   5.60674942895598e-15   9.36226482035907
2.30536896896898   3.37612325469824   2.76481362104494   5.43456365513893e-15   9.36226590438586
2.31539231231232   3.35384636605523   2.76481318394603   5.17368750178064e-15   9.36226674486369
2.32541565565567   3.33098936107834   2.76481277203596   4.6765884274667e-15   9.36226736117863
2.33543899899901   3.30774900962457   2.76481238250771   4.10505411312004e-15   9.36226777085823
2.34546234234235   3.28433160515726   2.764812012777   2.89145046906291e-15   9.36226798970009
2.3554856856857   3.26094750168102   2.7648116604602   1.70973301497081e-15   9.36226803188806
2.36550902902904   3.23780550476333   2.76481132335387   4.30679335233778e-16   9.36226791009804
2.37553237237238   3.21510736336042   2.76481099941587   -9.53053512566226e-16   9.36226763559507
2.38555571571573   3.19304260085482   2.76481068674774   -2.15486991680205e-15   9.36226721832299
2.39557905905907   3.17178390119048   2.76481038357836   -3.28473495276277e-15   9.36226666698771
2.40560240240241   3.15148323115282   2.76481008824876   -3.99466915958299e-15   9.36226598913501
2.41562574574576   3.13226883545633   2.76480979919789   -4.86956765595245e-15   9.36226519122304
2.4256490890891   3.1142431907567   2.76480951494938   -5.84150757922075e-15   9.36226427869004
2.43567243243244   3.09748195168628   2.76480923409905   -6.74165043601591e-15   9.36226325601728
2.44569577577579   3.08203387019011   2.76480895530332   -7.35168621220942e-15   9.36226212678694
2.45571911911913   3.06792162216565   2.76480867726809   -8.01881125596405e-15   9.36226089373493
2.46574246246247   3.05514343546148   2.76480839873829   -8.70783119791102e-15   9.3622595587982
2.47576580580582   3.0436753826942   2.76480811848788   -8.80014291989709e-15   9.36225812315593
2.48578914914916   3.03347418226891   2.76480783531011   -8.91505621386895e-15   9.36225658726418
2.4958124924925   3.0244803417362   2.76480754800795   -8.7782483766062e-15   9.36225495088285
2.50583583583585   3.01662147867959   2.76480725538446   -8.7364461723869e-15   9.36225321309355
2.51585917917919   3.00981566450533   2.76480695623262   -8.70044255203222e-15   9.3622513723059
2.52588252252253   3.00397465409749   2.76480664932389   -8.81016188127878e-15   9.36224942624754
2.53590586586588   2.99900688727893   2.76480633339444   -8.49876586684177e-15   9.36224737192918
2.54592920920922   2.99482017423888   2.76480600712644   -8.31814276809255e-15   9.36224520556864
2.55595255255257   2.99132400446769   2.76480566912035   -8.61632306660905e-15   9.36224292244276
2.56597589589591   2.98843144541004   2.76480531784971   -9.08448751691983e-15   9.36224051660816
2.57599923923925   2.98606062146453   2.76480495158303   -9.09270246490207e-15   9.36223798037831
2.5860225825826   2.98413578496835   2.76480456824274   -9.39819504759744e-15   9.36223530334192
2.59604592592594   2.98258800767137   2.76480416514478   -9.70864267075048e-15   9.36223247051255
2.60606926926928   2.98135553358044   2.76480373851035   -9.80392205694428e-15   9.36222945882658
2.61609261261263   2.98038384194245   2.76480328254361   -9.74531237887305e-15   9.36222623049616
2.62611595595597   2.97962547279267   2.76480278768149   -9.83056077212766e-15   9.36222272036706
2.63613929929931   2.97903966733953   2.76480223726464   -9.89350260815961e-15   9.36221881184432
2.64616264264266   2.97859187192603   2.76480160119634   -1.03320468542217e-14   9.36221429101219
2.656185985986   2.97825314768011   2.76480082385573   -1.05573750834211e-14   9.3622087591584
2.66620932932934   2.97799951810882   2.76479980105009   -1.07464375983012e-14   9.36220146594951
2.67623267267269   2.97781127283178   2.7647983360575   -1.07765234050832e-14   9.36219099123859
2.68625601601603   2.97767222483881   2.76479605578157   -1.05330220510808e-14   9.36217463812385
2.69627935935937   2.9775688856035   2.764792250816   -1.0178515198646e-14   9.36214727520171
2.70630270270272   2.97748946607695   2.76478557036188   -9.99115897641039e-15   9.36209912815724
2.71632604604606   2.97742251061144   2.76477344027085   -1.01003626566675e-14   9.36201156729927
2.7263493893894   2.97735478409369   2.76475095294897   -1.00999690539821e-14   9.36184907278546
2.73637273273275   2.97726768144699   2.76470874985186   -9.804009231339e-15   9.36154391048887
2.74639607607609   2.97713076355259   2.76462898243797   -9.70136953336478e-15   9.36096690975964
2.75641941941943   2.97688976017819   2.76447760813652   -9.63903007786783e-15   9.3598717537752
2.76644276276278   2.97644398022753   2.76418969666495   -9.2975413297607e-15   9.35778882962236
2.77646610610612   2.97560351974293   2.76364140832663   -9.17831511560754e-15   9.35382317029771
2.78648944944946   2.97400807840317   2.7625965662544   -8.94414262263019e-15   9.34627056520488
2.79651279279281   2.97097318634996   2.76060482889551   -8.95376450472473e-15   9.33189086303464
2.80653613613615   2.96520039578658   2.75680776774967   -8.69167447205355e-15   9.30454197050911
2.81655947947949   2.95423684565431   2.74957011550044   -8.74089687027258e-15   9.25264696516111
2.82658282282284   2.93348861064847   2.73578068177096   -8.59774446437971e-15   9.15462307695732
2.83660616616618   2.8944957601659   2.70953531088825   -8.29661204530198e-15   8.97108136443971
2.84662950950952   2.8221889047643   2.65968991026721   -7.85588322562667e-15   8.63309884509346
2.85665285285287   2.69148250534695   2.56546676508361   -7.21301429906543e-15   8.03007001924059
2.86667619619621   2.46638046867556   2.38930509162085   -6.36803396830688e-15   7.01616707125913
2.87669953953955   2.11254193505179   2.06908687020539   -4.93586181129552e-15   5.48961585722094
2.8867228828829   1.64296350305278   1.53059207572692   -2.85458827838681e-15   3.61135642269715
2.89674622622624   1.18249172890944   0.802902337435019   -1.01095090289736e-15   1.99725000624395
2.90676956956958   0.905569375698338   0.22841677087534   -1.42424952213983e-16   1.21864966885331
2.91679291291293   0.8178455297902   0.0369773086330114   -1.30286109927515e-18   1.032186502263
2.92681625625627   0.80239597377143   0.0049250501764553   -6.83381256364801e-22   1.00420794455361
2.93683959959962   0.80030874323617   0.000634491481084114   -1.73867442188961e-26   1.00054054178373
2.94686294294296   0.800039593321679   8.13668686398657e-05   -2.12828333368434e-32   1.00006929226274
2.9568862862863   0.800005074409099   1.04282384695699e-05   -5.18447841199681e-39   1.00000888028077
2.96690962962965   0.800000650302898   1.33641439255047e-06   -1.02990118316657e-46   1.00000113803113
2.97693297297299   0.800000083337726   1.71264397880527e-07   -1.51924069677871e-55   1.00000014584103
2.98695631631633   0.800000010679896   2.19478755253314e-08   -1.59205677918318e-65   1.00000001868982
2.99697965965968   0.800000001368649   2.81266334279877e-09   -1.33383416763222e-76   1.00000000239514
3.00700300300302   0.800000000175395   3.60447933881713e-10   -1.47166197767575e-88   1.00000000030694
3.01702634634636   0.800000000022477   4.61916705498602e-11   -1.39633856487e-101   1.00000000003933
3.02704968968971   0.80000000000288   5.91907655439041e-12   -1.09399156271646e-115   1.00000000000504
3.03707303303305   0.800000000000369   7.5816322835844e-13   -6.60179264782708e-131   1.00000000000064
3.04709637637639   0.800000000000047   9.68353977493837e-14   -2.77303147131811e-147   1.00000000000008
3.05711971971974   0.800000000000006   1.20935561803546e-14   -1.03704922815329e-164   1.00000000000001
3.06714306306308   0.800000000000001   1.36744128503543e-15   -5.16361900522637e-183   1
3.07716640640642   0.8   1.26468551509677e-16   -1.64141596551542e-202   1
3.08718974974977   0.8   0   0   1
3.09721309309311   0.8   0   0   1
3.10723643643645   0.8   0   0   1
3.1172597797798   0.8   0   0   1
3.12728312312314   0.8   0   0   1
3.13730646646648   0.8   0   0   1
3.14732980980983   0.8   0   0   1
3.15735315315317   0.8   0   0   1
3.16737649649651   0.8   0   0   1
3.17739983983986   0.8   0   0   1
3.1874231831832   0.8   0   0   1
3.19744652652654   0.8   0   0   1
3.20746986986989   0.8   0   0   1
3.21749321321323   0.8   0   0   1
3.22751655655657   0.8   0   0   1
3.23753989989992   0.8   0   0   1
3.24756324324326   0.8   0   0   1
3.2575865865866   0.8   0   0   1
3.26760992992995   0.8   0   0   1
3.27763327327329   0.8   0   0   1
3.28765661661664   0.8   0   0   1
3.29767995995998   0.8   0   0   1
3.30770330330332   0.8   0   0   1
3.31772664664667   0.8   0   0   1
3.32774998999001   0.8   0   0   1
3.33777333333335   0.8   0   0   1
3.3477966766767   0.8   0   0   1
3.35782002002004   0.8   0   0   1
3.36784336336338   0.8   0   0   1
3.37786670670673   0.8   0   0   1
3.38789005005007   0.8   0   0   1
3.39791339339341   0.8   0   0   1
3.40793673673676   0.8   0   0   1
3.4179600800801   0.8   0   0   1
3.42798342342344   0.8   0   0   1
3.43800676676679   0.8   0   0   1
3.44803011011013   0.8   0   0   1
3.45805345345347   0.8   0   0   1
3.46807679679682   0.8   0   0   1
3.47810014014016   0.8   0   0   1
3.4881234834835   0.8   0   0   1
3.49814682682685   0.8   0   0   1
3.50817017017019   0.8   0   0   1
3.51819351351353   0.8   0   0   1
3.52821685685688   0.8   0   0   1
3.53824020020022   0.8   0   0   1
3.54826354354356   0.8   0   0   1
3.55828688688691   0.8   0   0   1
3.56831023023025   0.8   0   0   1
3.57833357357359   0.8   0   0   1
3.58835691691694   0.8   0   0   1
3.59838026026028   0.8   0   0   1
3.60840360360362   0.8   0   0   1
3.61842694694697   0.8   0   0   1
3.62845029029031   0.8   0   0   1
3.63847363363366   0.8   0   0   1
3.648496976977   0.8   0   0   1
3.65852032032034   0.8   0   0   1
3.66854366366369   0.8   0   0   1
3.67856700700703   0.8   0   0   1
3.68859035035037   0.8   0   0   1
3.69861369369372   0.8   0   0   1
3.70863703703706   0.8   0   0   1
3.7186603803804   0.8   0   0   1
3.72868372372375   0.8   0   0   1
3.73870706706709   0.8   0   0   1
3.74873041041043   0.8   0   0   1
3.75875375375378   0.8   0   0   1
3.76877709709712   0.8   0   0   1
3.77880044044046   0.8   0   0   1
3.78882378378381   0.8   0   0   1
3.79884712712715   0.8   0   0   1
3.80887047047049   0.8   0   0   1
3.81889381381384   0.8   0   0   1
3.82891715715718   0.8   0   0   1
3.83894050050052   0.8   0   0   1
3.84896384384387   0.8   0   0   1
3.85898718718721   0.8   0   0   1
3.86901053053055   0.8   0   0   1
3.8790338738739   0.8   0   0   1
3.88905721721724   0.8   0   0   1
3.89908056056058   0.8   0   0   1
3.90910390390393   0.8   0   0   1
3.91912724724727   0.8   0   0   1
3.92915059059061   0.8   0   0   1
3.93917393393396   0.8   0   0   1
3.9491972772773   0.8   0   0   1
3.95922062062064   0.8   0   0   1
3.96924396396399   0.8   0   0   1
3.97926730730733   0.8   0   0   1
3.98929065065068   0.8   0   0   1
3.99931399399402   0.8   0   0   1
4.00933733733736   0.8   0   0   1
4.01936068068071   0.8   0   0   1
4.02938402402405   0.8   0   0   1
4.03940736736739   0.8   0   0   1
4.04943071071074   0.8   0   0   1
4.05945405405408   0.8   0   0   1
4.06947739739742   0.8   0   0   1
4.07950074074077   0.8   0   0   1
4.08952408408411   0.8   0   0   1
4.09954742742745   0.8   0   0   1
4.1095707707708   0.8   0   0   1
4.11959411411414   0.8   0   0   1
4.12961745745748   0.8   0   0   1
4.13964080080083   0.8   0   0   1
4.14966414414417   0.8   0   0   1
4.15968748748751   0.8   0   0   1
4.16971083083086   0.8   0   0   1
4.1797341741742   0.8   0   0   1
4.18975751751754   0.8   0   0   1
4.19978086086089   0.8   0   0   1
4.20980420420423   0.8   0   0   1
4.21982754754757   0.8   0   0   1
4.22985089089092   0.8   0   0   1
4.23987423423426   0.8   0   0   1
4.2498975775776   0.8   0   0   1
4.25992092092095   0.8   0   0   1
4.26994426426429   0.8   0   0   1
4.27996760760763   0.8   0   0   1
4.28999095095098   0.8   0   0   1
4.30001429429432   0.8   0   0   1
4.31003763763766   0.8   0   0   1
4.32006098098101   0.8   0   0   1
4.33008432432435   0.8   0   0   1
4.3401076676677   0.8   0   0   1
4.35013101101104   0.8   0   0   1
4.36015435435438   0.8   0   0   1
4.37017769769773   0.8   0   0   1
4.38020104104107   0.8   0   0   1
4.39022438438441   0.8   0   0   1
4.40024772772776   0.8   0   0   1
4.4102710710711   0.8   0   0   1
4.42029441441444   0.8   0   0   1
4.43031775775779   0.8   0   0   1
4.44034110110113   0.8   0   0   1
4.45036444444447   0.8   0   0   1
4.46038778778782   0.8   0   0   1
4.47041113113116   0.8   0   0   1
4.4804344744745   0.8   0   0   1
4.49045781781785   0.8   0   0   1
4.50048116116119   0.8   0   0   1
4.51050450450453   0.8   0   0   1
4.52052784784788   0.8   0   0   1
4.53055119119122   0.8   0   0   1
4.54057453453456   0.8   0   0   1
4.55059787787791   0.8   0   0   1
4.56062122122125   0.8   0   0   1
4.57064456456459   0.8   0   0   1
4.58066790790794   0.8   0   0   1
4.59069125125128   0.8   0   0   1
4.60071459459462   0.8   0   0   1
4.61073793793797   0.8   0   0   1
4.62076128128131   0.8   0   0   1
4.63078462462465   0.8   0   0   1
4.640807967968   0.8   0   0   1
4.65083131131134   0.8   0   0   1
4.66085465465468   0.8   0   0   1
4.67087799799803   0.8   0   0   1
4.68090134134137   0.8   0   0   1
4.69092468468472   0.8   0   0   1
4.70094802802806   0.8   0   0   1
4.7109713713714   0.8   0   0   1
4.72099471471475   0.8   0   0   1
4.73101805805809   0.8   0   0   1
4.74104140140143   0.8   0   0   1
4.75106474474478   0.8   0   0   1
4.76108808808812   0.8   0   0   1
4.77111143143146   0.8   0   0   1
4.78113477477481   0.8   0   0   1
4.79115811811815   0.8   0   0   1
4.80118146146149   0.8   0   0   1
4.81120480480484   0.8   0   0   1
4.82122814814818   0.8   0   0   1
4.83125149149152   0.8   0   0   1
4.84127483483487   0.8   0   0   1
4.85129817817821   0.8   0   0   1
4.86132152152155   0.8   0   0   1
4.8713448648649   0.8   0   0   1
4.88136820820824   0.8   0   0   1
4.89139155155158   0.8   0   0   1
4.90141489489493   0.8   0   0   1
4.91143823823827   0.8   0   0   1
4.92146158158161   0.8   0   0   1
4.93148492492496   0.8   0   0   1
4.9415082682683   0.8   0   0   1
4.95153161161164   0.8   0   0   1
4.96155495495499   0.8   0   0   1
4.97157829829833   0.8   0   0   1
4.98160164164167   0.8   0   0   1
4.99162498498502   0.8   0   0   1
5.00164832832836   0.8   0   0   1
5.0116716716717   0.8   0   0   1
5.02169501501505   0.8   0   0   1
5.03171835835839   0.8   0   0   1
5.04174170170173   0.8   0   0   1
5.05176504504508   0.8   0   0   1
5.06178838838842   0.8   0   0   1
5.07181173173177   0.8   0   0   1
5.08183507507511   0.8   0   0   1
5.09185841841845   0.8   0   0   1
5.1018817617618   0.8   0   0   1
5.11190510510514   0.8   0   0   1
5.12192844844848   0.8   0   0   1
5.13195179179183   0.8   0   0   1
5.14197513513517   0.8   0   0   1
5.15199847847851   0.8   0   0   1
5.16202182182186   0.8   0   0   1
5.1720451651652   0.8   0   0   1
5.18206850850854   0.8   0   0   1
5.19209185185189   0.8   0   0   1
5.20211519519523   0.8   0   0   1
5.21213853853857   0.8   0   0   1
5.22216188188192   0.8   0   0   1
5.23218522522526   0.8   0   0   1
5.2422085685686   0.8   0   0   1
5.25223191191195   0.8   0   0   1
5.26225525525529   0.8   0   0   1
5.27227859859863   0.8   0   0   1
5.28230194194198   0.8   0   0   1
5.29232528528532   0.8   0   0   1
5.30234862862866   0.8   0   0   1
5.31237197197201   0.8   0   0   1
5.32239531531535   0.8   0   0   1
5.33241865865869   0.8   0   0   1
5.34244200200204   0.8   0   0   1
5.35246534534538   0.8   0   0   1
5.36248868868872   0.8   0   0   1
5.37251203203207   0.8   0   0   1
5.38253537537541   0.8   0   0   1
5.39255871871875   0.8   0   0   1
5.4025820620621   0.8   0   0   1
5.41260540540544   0.8   0   0   1
5.42262874874879   0.8   0   0   1
5.43265209209213   0.8   0   0   1
5.44267543543547   0.8   0   0   1
5.45269877877882   0.8   0   0   1
5.46272212212216   0.8   0   0   1
5.4727454654655   0.8   0   0   1
5.48276880880885   0.8   0   0   1
5.49279215215219   0.8   0   0   1
5.50281549549553   0.8   0   0   1
5.51283883883888   0.8   0   0   1
5.52286218218222   0.8   0   0   1
5.53288552552556   0.8   0   0   1
5.54290886886891   0.8   0   0   1
5.55293221221225   0.8   0   0   1
5.56295555555559   0.8   0   0   1
5.57297889889894   0.8   0   0   1
5.58300224224228   0.8   0   0   1
5.59302558558562   0.8   0   0   1
5.60304892892897   0.8   0   0   1
5.61307227227231   0.8   0   0   1
5.62309561561565   0.8   0   0   1
5.633118958959   0.8   0   0   1
5.64314230230234   0.8   0   0   1
5.65316564564568   0.8   0   0   1
5.66318898898903   0.8   0   0   1
5.67321233233237   0.8   0   0   1
5.68323567567571   0.8   0   0   1
5.69325901901906   0.8   0   0   1
5.7032823623624   0.8   0   0   1
5.71330570570574   0.8   0   0   1
5.72332904904909   0.8   0   0   1
5.73335239239243   0.8   0   0   1
5.74337573573577   0.8   0   0   1
5.75339907907912   0.8   0   0   1
5.76342242242246   0.8   0   0   1
5.77344576576581   0.8   0   0   1
5.78346910910915   0.8   0   0   1
5.79349245245249   0.8   0   0   1
5.80351579579584   0.8   0   0   1
5.81353913913918   0.8   0   0   1
5.82356248248252   0.8   0   0   1
5.83358582582587   0.8   0   0   1
5.84360916916921   0.8   0   0   1
5.85363251251255   0.8   0   0   1
5.8636558558559   0.8   0   0   1
5.87367919919924   0.8   0   0   1
5.88370254254258   0.8   0   0   1
5.89372588588593   0.8   0   0   1
5.90374922922927   0.8   0   0   1
5.91377257257261   0.8   0   0   1
5.92379591591596   0.8   0   0   1
5.9338192592593   0.8   0   0   1
5.94384260260264   0.8   0   0   1
5.95386594594599   0.8   0   0   1
5.96388928928933   0.8   0   0   1
5.97391263263267   0.8   0   0   1
5.98393597597602   0.8   0   0   1
5.99395931931936   0.8   0   0   1
6.0039826626627   0.8   0   0   1
6.01400600600605   0.8   0   0   1
6.02402934934939   0.8   0   0   1
6.03405269269273   0.8   0   0   1
6.04407603603608   0.8   0   0   1
6.05409937937942   0.8   0   0   1
6.06412272272276   0.8   0   0   1
6.07414606606611   0.8   0   0   1
6.08416940940945   0.8   0   0   1
6.09419275275279   0.8   0   0   1
6.10421609609614   0.8   0   0   1
6.11423943943948   0.8   0   0   1
6.12426278278283   0.8   0   0   1
6.13428612612617   0.8   0   0   1
6.14430946946951   0.8   0   0   1
6.15433281281286   0.8   0   0   1
6.1643561561562   0.8   0   0   1
6.17437949949954   0.8   0   0   1
6.18440284284289   0.8   0   0   1
6.19442618618623   0.8   0   0   1
6.20444952952957   0.8   0   0   1
6.21447287287292   0.8   0   0   1
6.22449621621626   0.8   0   0   1
6.2345195595596   0.8   0   0   1
6.24454290290295   0.8   0   0   1
6.25456624624629   0.8   0   0   1
6.26458958958963   0.8   0   0   1
6.27461293293298   0.8   0   0   1
6.28463627627632   0.8   0   0   1
6.29465961961966   0.8   0   0   1
6.30468296296301   0.8   0   0   1
6.31470630630635   0.8   0   0   1
6.32472964964969   0.8   0   0   1
6.33475299299304   0.8   0   0   1
6.34477633633638   0.8   0   0   1
6.35479967967972   0.8   0   0   1
6.36482302302307   0.8   0   0   1
6.37484636636641   0.8   0   0   1
6.38486970970975   0.8   0   0   1
6.3948930530531   0.8   0   0   1
6.40491639639644   0.8   0   0   1
6.41493973973978   0.8   0   0   1
6.42496308308313   0.8   0   0   1
6.43498642642647   0.8   0   0   1
6.44500976976981   0.8   0   0   1
6.45503311311316   0.8   0   0   1
6.4650564564565   0.8   0   0   1
6.47507979979985   0.8   0   0   1
6.48510314314319   0.8   0   0   1
6.49512648648653   0.8   0   0   1
6.50514982982988   0.8   0   0   1
6.51517317317322   0.8   0   0   1
6.52519651651656   0.8   0   0   1
6.53521985985991   0.8   0   0   1
6.54524320320325   0.8   0   0   1
6.55526654654659   0.8   0   0   1
6.56528988988994   0.8   0   0   1
6.57531323323328   0.8   0   0   1
6.58533657657662   0.8   0   0   1
6.59535991991997   0.8   0   0   1
6.60538326326331   0.8   0   0   1
6.61540660660665   0.8   0   0   1
6.62542994995   0.8   0   0   1
6.63545329329334   0.8   0   0   1
6.64547663663668   0.8   0   0   1
6.65549997998003   0.8   0   0   1
6.66552332332337   0.8   0   0   1
6.67554666666671   0.8   0   0   1
6.68557001001006   0.8   0   0   1
6.6955933533534   0.8   0   0   1
6.70561669669674   0.8   0   0   1
6.71564004004009   0.8   0   0   1
6.72566338338343   0.8   0   0   1
6.73568672672677   0.8   0   0   1
6.74571007007012   0.8   0   0   1
6.75573341341346   0.8   0   0   1
6.7657567567568   0.8   0   0   1
6.77578010010015   0.8   0   0   1
6.78580344344349   0.8   0   0   1
6.79582678678683   0.8   0   0   1
6.80585013013018   0.8   0   0   1
6.81587347347352   0.8   0   0   1
6.82589681681686   0.8   0   0   1
6.83592016016021   0.8   0   0   1
6.84594350350355   0.8   0   0   1
6.8559668468469   0.8   0   0   1
6.86599019019024   0.8   0   0   1
6.87601353353358   0.8   0   0   1
6.88603687687693   0.8   0   0   1
6.89606022022027   0.8   0   0   1
6.90608356356361   0.8   0   0   1
6.91610690690696   0.8   0   0   1
6.9261302502503   0.8   0   0   1
6.93615359359364   0.8   0   0   1
6.94617693693699   0.8   0   0   1
6.95620028028033   0.8   0   0   1
6.96622362362367   0.8   0   0   1
6.97624696696702   0.8   0   0   1
6.98627031031036   0.8   0   0   1
6.9962936536537   0.8   0   0   1
7.00631699699705   0.8   0   0   1
7.01634034034039   0.8   0   0   1
7.02636368368373   0.8   0   0   1
7.03638702702708   0.8   0   0   1
7.04641037037042   0.8   0   0   1
7.05643371371376   0.8   0   0   1
7.06645705705711   0.8   0   0   1
7.07648040040045   0.8   0   0   1
7.08650374374379   0.8   0   0   1
7.09652708708714   0.8   0   0   1
7.10655043043048   0.8   0   0   1
7.11657377377382   0.8   0   0   1
7.12659711711717   0.8   0   0   1
7.13662046046051   0.8   0   0   1
7.14664380380385   0.8   0   0   1
7.1566671471472   0.8   0   0   1
7.16669049049054   0.8   0   0   1
7.17671383383388   0.8   0   0   1
7.18673717717723   0.8   0   0   1
7.19676052052057   0.8   0   0   1
7.20678386386392   0.8   0   0   1
7.21680720720726   0.8   0   0   1
7.2268305505506   0.8   0   0   1
7.23685389389395   0.8   0   0   1
7.24687723723729   0.8   0   0   1
7.25690058058063   0.8   0   0   1
7.26692392392398   0.8   0   0   1
7.27694726726732   0.8   0   0   1
7.28697061061066   0.8   0   0   1
7.29699395395401   0.8   0   0   1
7.30701729729735   0.8   0   0   1
7.31704064064069   0.8   0   0   1
7.32706398398404   0.8   0   0   1
7.33708732732738   0.8   0   0   1
7.34711067067072   0.8   0   0   1
7.35713401401407   0.8   0   0   1
7.36715735735741   0.8   0   0   1
7.37718070070075   0.8   0   0   1
7.3872040440441   0.8   0   0   1
7.39722738738744   0.8   0   0   1
7.40725073073078   0.8   0   0   1
7.41727407407413   0.8   0   0   1
7.42729741741747   0.8   0   0   1
7.43732076076081   0.8   0   0   1
7.44734410410416   0.8   0   0   1
7.4573674474475   0.8   0   0   1
7.46739079079084   0.8   0   0   1
7.47741413413419   0.8   0   0   1
7.48743747747753   0.8   0   0   1
7.49746082082087   0.8   0   0   1
7.50748416416422   0.8   0   0   1
7.51750750750756   0.8   0   0   1
7.5275308508509   0.8   0   0   1
7.53755419419425   0.8   0   0   1
7.54757753753759   0.8   0   0   1
7.55760088088094   0.8   0   0   1
7.56762422422428   0.8   0   0   1
7.57764756756762   0.8   0   0   1
7.58767091091097   0.8   0   0   1
7.59769425425431   0.8   0   0   1
7.60771759759765   0.8   0   0   1
7.617740940941   0.8   0   0   1
7.62776428428434   0.8   0   0   1
7.63778762762768   0.8   0   0   1
7.64781097097103   0.8   0   0   1
7.65783431431437   0.8   0   0   1
7.66785765765771   0.8   0   0   1
7.67788100100106   0.8   0   0   1
7.6879043443444   0.8   0   0   1
7.69792768768774   0.8   0   0   1
7.70795103103109   0.8   0   0   1
7.71797437437443   0.8   0   0   1
7.72799771771777   0.8   0   0   1
7.73802106106112   0.8   0   0   1
7.74804440440446   0.8   0   0   1
7.7580677477478   0.8   0   0   1
7.76809109109115   0.8   0   0   1
7.77811443443449   0.8   0   0   1
7.78813777777783   0.8   0   0   1
7.79816112112118   0.8   0   0   1
7.80818446446452   0.8   0   0   1
7.81820780780786   0.8   0   0   1
7.82823115115121   0.8   0   0   1
7.83825449449455   0.8   0   0   1
7.84827783783789   0.8   0   0   1
7.85830118118124   0.8   0   0   1
7.86832452452458   0.8   0   0   1
7.87834786786792   0.8   0   0   1
7.88837121121127   0.8   0   0   1
7.89839455455461   0.8   0   0   1
7.90841789789796   0.8   0   0   1
7.9184412412413   0.8   0   0   1
7.92846458458464   0.8   0   0   1
7.93848792792799   0.8   0   0   1
7.94851127127133   0.8   0   0   1
7.95853461461467   0.8   0   0   1
7.96855795795802   0.8   0   0   1
7.97858130130136   0.8   0   0   1
7.9886046446447   0.8   0   0   1
7.99862798798805   0.8   0   0   1
8.00865133133139   0.8   0   0   1
8.01867467467473   0.8   0   0   1
8.02869801801808   0.8   0   0   1
8.03872136136142   0.8   0   0   1
8.04874470470476   0.8   0   0   1
8.05876804804811   0.8   0   0   1
8.06879139139145   0.8   0   0   1
8.07881473473479   0.8   0   0   1
8.08883807807814   0.8   0   0   1
8.09886142142148   0.8   0   0   1
8.10888476476482   0.8   0   0   1
8.11890810810817   0.8   0   0   1
8.12893145145151   0.8   0   0   1
8.13895479479485   0.8   0   0   1
8.1489781381382   0.8   0   0   1
8.15900148148154   0.8   0   0   1
8.16902482482488   0.8   0   0   1
8.17904816816823   0.8   0   0   1
8.18907151151157   0.8   0   0   1
8.19909485485491   0.8   0   0   1
8.20911819819826   0.8   0   0   1
8.2191415415416   0.8   0   0   1
8.22916488488494   0.8   0   0   1
8.23918822822829   0.8   0   0   1
8.24921157157163   0.8   0   0   1
8.25923491491498   0.8   0   0   1
8.26925825825832   0.8   0   0   1
8.27928160160166   0.8   0   0   1
8.28930494494501   0.8   0   0   1
8.29932828828835   0.8   0   0   1
8.30935163163169   0.8   0   0   1
8.31937497497504   0.8   0   0   1
8.32939831831838   0.8   0   0   1
8.33942166166172   0.8   0   0   1
8.34944500500507   0.8   0   0   1
8.35946834834841   0.8   0   0   1
8.36949169169175   0.8   0   0   1
8.3795150350351   0.8   0   0   1
8.38953837837844   0.8   0   0   1
8.39956172172178   0.8   0   0   1
8.40958506506513   0.8   0   0   1
8.41960840840847   0.8   0   0   1
8.42963175175181   0.8   0   0   1
8.43965509509516   0.8   0   0   1
8.4496784384385   0.8   0   0   1
8.45970178178184   0.8   0   0   1
8.46972512512519   0.8   0   0   1
8.47974846846853   0.8   0   0   1
8.48977181181187   0.8   0   0   1
8.49979515515522   0.8   0   0   1
8.50981849849856   0.8   0   0   1
8.5198418418419   0.8   0   0   1
8.52986518518525   0.8   0   0   1
8.53988852852859   0.8   0   0   1
8.54991187187193   0.8   0   0   1
8.55993521521528   0.8   0   0   1
8.56995855855862   0.8   0   0   1
8.57998190190196   0.8   0   0   1
8.59000524524531   0.8   0   0   1
8.60002858858865   0.8   0   0   1
8.610051931932   0.8   0   0   1
8.62007527527534   0.8   0   0   1
8.63009861861868   0.8   0   0   1
8.64012196196203   0.8   0   0   1
8.65014530530537   0.8   0   0   1
8.66016864864871   0.8   0   0   1
8.67019199199206   0.8   0   0   1
8.6802153353354   0.8   0   0   1
8.69023867867874   0.8   0   0   1
8.70026202202209   0.8   0   0   1
8.71028536536543   0.8   0   0   1
8.72030870870877   0.8   0   0   1
8.73033205205212   0.8   0   0   1
8.74035539539546   0.8   0   0   1
8.7503787387388   0.8   0   0   1
8.76040208208215   0.8   0   0   1
8.77042542542549   0.8   0   0   1
8.78044876876883   0.8   0   0   1
8.79047211211218   0.8   0   0   1
8.80049545545552   0.8   0   0   1
8.81051879879886   0.8   0   0   1
8.82054214214221   0.8   0   0   1
8.83056548548555   0.8   0   0   1
8.84058882882889   0.8   0   0   1
8.85061217217224   0.8   0   0   1
8.86063551551558   0.8   0   0   1
8.87065885885892   0.8   0   0   1
8.88068220220227   0.8   0   0   1
8.89070554554561   0.8   0   0   1
8.90072888888895   0.8   0   0   1
8.9107522322323   0.8   0   0   1
8.92077557557564   0.8   0   0   1
8.93079891891898   0.8   0   0   1
8.94082226226233   0.8   0   0   1
8.95084560560567   0.8   0   0   1
8.96086894894901   0.8   0   0   1
8.97089229229236   0.8   0   0   1
8.9809156356357   0.8   0   0   1
8.99093897897905   0.8   0   0   1
9.00096232232239   0.8   0   0   1
9.01098566566573   0.8   0   0   1
9.02100900900908   0.8   0   0   1
9.03103235235242   0.8   0   0   1
9.04105569569576   0.8   0   0   1
9.05107903903911   0.8   0   0   1
9.06110238238245   0.8   0   0   1
9.07112572572579   0.8   0   0   1
9.08114906906914   0.8   0   0   1
9.09117241241248   0.8   0   0   1
9.10119575575582   0.8   0   0   1
9.11121909909917   0.8   0   0   1
9.12124244244251   0.8   0   0   1
9.13126578578585   0.8   0   0   1
9.1412891291292   0.8   0   0   1
9.15131247247254   0.8   0   0   1
9.16133581581588   0.8   0   0   1
9.17135915915923   0.8   0   0   1
9.18138250250257   0.8   0   0   1
9.19140584584591   0.8   0   0   1
9.20142918918926   0.8   0   0   1
9.2114525325326   0.8   0   0   1
9.22147587587594   0.8   0   0   1
9.23149921921929   0.8   0   0   1
9.24152256256263   0.8   0   0   1
9.25154590590597   0.8   0   0   1
9.26156924924932   0.8   0   0   1
9.27159259259266   0.8   0   0   1
9.281615935936   0.8   0   0   1
9.29163927927935   0.8   0   0   1
9.30166262262269   0.8   0   0   1
9.31168596596603   0.8   0   0   1
9.32170930930938   0.8   0   0   1
9.33173265265272   0.8   0   0   1
9.34175599599607   0.8   0   0   1
9.35177933933941   0.8   0   0   1
9.36180268268275   0.8   0   0   1
9.3718260260261   0.8   0   0   1
9.38184936936944   0.8   0   0   1
9.39187271271278   0.8   0   0   1
9.40189605605613   0.8   0   0   1
9.41191939939947   0.8   0   0   1
9.42194274274281   0.8   0   0   1
9.43196608608616   0.8   0   0   1
9.4419894294295   0.8   0   0   1
9.45201277277284   0.8   0   0   1
9.46203611611619   0.8   0   0   1
9.47205945945953   0.8   0   0   1
9.48208280280287   0.8   0   0   1
9.49210614614622   0.8   0   0   1
9.50212948948956   0.8   0   0   1
9.5121528328329   0.8   0   0   1
9.52217617617625   0.8   0   0   1
9.53219951951959   0.8   0   0   1
9.54222286286293   0.8   0   0   1
9.55224620620628   0.8   0   0   1
9.56226954954962   0.8   0   0   1
9.57229289289296   0.8   0   0   1
9.58231623623631   0.8   0   0   1
9.59233957957965   0.8   0   0   1
9.60236292292299   0.8   0   0   1
9.61238626626634   0.8   0   0   1
9.62240960960968   0.8   0   0   1
9.63243295295302   0.8   0   0   1
9.64245629629637   0.8   0   0   1
9.65247963963971   0.8   0   0   1
9.66250298298305   0.8   0   0   1
9.6725263263264   0.8   0   0   1
9.68254966966974   0.8   0   0   1
9.69257301301309   0.8   0   0   1
9.70259635635643   0.8   0   0   1
9.71261969969977   0.8   0   0   1
9.72264304304312   0.8   0   0   1
9.73266638638646   0.8   0   0   1
9.7426897297298   0.8   0   0   1
9.75271307307315   0.8   0   0   1
9.76273641641649   0.8   0   0   1
9.77275975975983   0.8   0   0   1
9.78278310310318   0.8   0   0   1
9.79280644644652   0.8   0   0   1
9.80282978978986   0.8   0   0   1
9.81285313313321   0.8   0   0   1
9.82287647647655   0.8   0   0   1
9.83289981981989   0.8   0   0   1
9.84292316316324   0.8   0   0   1
9.85294650650658   0.8   0   0   1
9.86296984984992   0.8   0   0   1
9.87299319319327   0.8   0   0   1
9.88301653653661   0.8   0   0   1
9.89303987987995   0.8   0   0   1
9.9030632232233   0.8   0   0   1
9.91308656656664   0.8   0   0   1
9.92310990990998   0.8   0   0   1
9.93313325325333   0.8   0   0   1
9.94315659659667   0.8   0   0   1
9.95317993994001   0.8   0   0   1
9.96320328328336   0.8   0   0   1
9.9732266266267   0.8   0   0   1
9.98324996997004   0.8   0   0   1
9.99327331331339   0.8   0   0   1
10.0032966566567   0.8   0   0   1
10.0133200000001   0.8   0   0   1
