variables = x,rho,u,v,p
0   3.8571   2.6293   0   10.3333
0.0100233433433433   3.8571   2.6293   0   10.3333
0.0200466866866867   3.8571   2.6293   0   10.3333
0.03007003003003   3.8571   2.6293   0   10.3333
0.0400933733733734   3.8571   2.6293   0   10.3333
0.0501167167167167   3.8571   2.6293   0   10.3333
0.0601400600600601   3.8571   2.6293   0   10.3333
0.0701634034034034   3.8571   2.6293   0   10.3333
0.0801867467467468   3.8571   2.6293   0   10.3333
0.0902100900900901   3.8571   2.6293   0   10.3333
0.100233433433433   3.8571   2.6293   0   10.3333
0.110256776776777   3.8571   2.6293   0   10.3333
0.12028012012012   3.8571   2.6293   0   10.3333
0.130303463463463   3.8571   2.6293   0   10.3333
0.140326806806807   3.8571   2.6293   0   10.3333
0.15035015015015   3.8571   2.6293   0   10.3333
0.160373493493494   3.8571   2.6293   0   10.3333
0.170396836836837   3.8571   2.6293   0   10.3333
0.18042018018018   3.8571   2.6293   0   10.3333
0.190443523523524   3.8571   2.6293   0   10.3333
0.200466866866867   3.8571   2.6293   0   10.3333
0.21049021021021   3.8571   2.6293   0   10.3333
0.220513553553554   3.8571   2.6293   0   10.3333
0.230536896896897   3.8571   2.6293   0   10.3333
0.24056024024024   3.8571   2.6293   0   10.3333
0.250583583583584   3.8571   2.6293   0   10.3333
0.260606926926927   3.8571   2.6293   0   10.3333
0.27063027027027   3.8571   2.6293   0   10.3333
0.280653613613614   3.8571   2.6293   0   10.3333
0.290676956956957   3.8571   2.6293   0   10.3333
0.3007003003003   3.8571   2.6293   0   10.3333
0.310723643643644   3.8571   2.6293   0   10.3333
0.320746986986987   3.8571   2.6293   0   10.3333
0.330770330330331   3.8571   2.6293   0   10.3333
0.340793673673674   3.8571   2.6293   0   10.3333
0.350817017017017   3.8571   2.6293   0   10.3333
0.360840360360361   3.8571   2.6293   0   10.3333
0.370863703703704   3.8571   2.6293   0   10.3333
0.380887047047047   3.8571   2.6293   0   10.3333
0.390910390390391   3.8571   2.6293   0   10.3333
0.400933733733734   3.8571   2.6293   0   10.3333
0.410957077077078   3.8571   2.6293   0   10.3333
0.420980420420421   3.8571   2.6293   0   10.3333
0.431003763763764   3.8571   2.6293   0   10.3333
0.441027107107108   3.8571   2.6293   0   10.3333
0.451050450450451   3.8571   2.6293   0   10.3333
0.461073793793794   3.8571   2.6293   0   10.3333
0.471097137137138   3.8571   2.6293   0   10.3333
0.481120480480481   3.8571   2.6293   0   10.3333
0.491143823823825   3.8571   2.6293   0   10.3333
0.501167167167168   3.8571   2.6293   0   10.3333
0.511190510510511   3.8571   2.6293   0   10.3333
0.521213853853855   3.8571   2.6293   0   10.3333
0.531237197197198   3.8571   2.6293   0   10.3333
0.541260540540541   3.8571   2.6293   -2.85142281355674e-17   10.3333
0.551283883883884   3.85709999999998   2.62930000000001   3.32867670293361e-16   10.3332999999999
0.561307227227228   3.85709999999994   2.62930000000003   2.79728529253452e-16   10.3332999999998
0.571330570570571   3.85709999999987   2.62930000000007   3.33490537944874e-18   10.3332999999994
0.581353913913914   3.85709999999974   2.62930000000015   -3.65038643873698e-16   10.3332999999988
0.591377257257258   3.85709999999949   2.6293000000003   -9.37413102936916e-16   10.3332999999977
0.601400600600601   3.85709999999901   2.62930000000058   -9.85456356002719e-16   10.3332999999956
0.611423943943944   3.85709999999811   2.6293000000011   -7.11309424187709e-16   10.3332999999917
0.621447287287288   3.85709999999645   2.62930000000207   -8.36322176211265e-16   10.3332999999844
0.631470630630631   3.85709999999339   2.62930000000385   -1.058903274628e-15   10.333299999971
0.641493973973974   3.8570999999878   2.62930000000709   -1.29753146366049e-15   10.3332999999466
0.651517317317318   3.85709999997768   2.62930000001294   -1.54464545914187e-15   10.3332999999025
0.661540660660661   3.85709999995951   2.62930000002343   -1.68814235473842e-15   10.3332999998234
0.671564004004004   3.85709999992715   2.62930000004206   -2.00068817951672e-15   10.333299999683
0.681587347347348   3.85709999987001   2.6293000000749   -1.95949991719751e-15   10.3332999994357
0.691610690690691   3.85709999976995   2.62930000013229   -1.82375862745725e-15   10.3332999990035
0.701634034034034   3.8570999995962   2.62930000023173   -1.82679255079506e-15   10.3332999982546
0.711657377377378   3.857099999297   2.62930000040261   -1.86421067189803e-15   10.3332999969679
0.721680720720721   3.8570999987861   2.62930000069379   -2.0200613467791e-15   10.3332999947758
0.731704064064064   3.85709999792106   2.62930000118576   -1.93600520830822e-15   10.3332999910725
0.741727407407408   3.85709999646874   2.62930000201   -1.94771185652125e-15   10.333299984869
0.751750750750751   3.85709999405096   2.62930000337927   -1.73678836454394e-15   10.3332999745647
0.761774094094094   3.85709999005994   2.62930000563476   -1.64209649605234e-15   10.3332999575936
0.771797437437437   3.8570999835277   2.62930000931863   -1.3940934987929e-15   10.3332999298788
0.781820780780781   3.85709997292673   2.62930001528444   -9.68772828676058e-16   10.3332998850026
0.791844124124124   3.85709995586872   2.62930002486374   -5.66502502959021e-16   10.3332998129547
0.801867467467467   3.85709992865391   2.62930004011452   -3.08083785888513e-17   10.3332996982664
0.811890810810811   3.85709988560416   2.62930006418794   2.509489494648e-16   10.3332995172553
0.821914154154154   3.85709981808616   2.62930010186412   1.55695887435733e-16   10.3332992340022
0.831937497497497   3.85709971309645   2.62930016032609   4.52532144119846e-16   10.3332987945399
0.841960840840841   3.8570995512337   2.62930025026606   7.31055276332665e-16   10.333298118548
0.851984184184184   3.85709930382495   2.62930038744884   9.57765890028822e-16   10.3332970876185
0.862007527527527   3.85709892889848   2.62930059489673   1.21833519409663e-15   10.333295528859
0.872030870870871   3.85709836560457   2.62930090590794   1.18362965626278e-15   10.333293192245
0.882054214214214   3.85709752657566   2.62930136817799   9.75834631580352e-16   10.3332897197023
0.892077557557557   3.85709628758857   2.6293020493601   1.08367780382882e-15   10.3332846034014
0.902100900900901   3.85709447374541   2.62930304447601   9.11063163724336e-16   10.3332771301848
0.912124244244244   3.85709184122996   2.62930448566935   1.11662735473665e-15   10.333266308441
0.922147587587587   3.85708805353002   2.62930655487769   1.35765364614492e-15   10.3332507731165
0.932170930930931   3.85708265085417   2.62930950007862   1.68509208305613e-15   10.3332286639641
0.942194274274274   3.85707501132977   2.62931365583239   1.74824992109538e-15   10.3331974716273
0.952217617617617   3.85706430246894   2.62931946888734   2.0256340390397e-15   10.3331538458411
0.96224096096096   3.85704942135596   2.62932752962078   2.4580115406818e-15   10.3330933599895
0.972264304304304   3.85702892207553   2.62933861004093   2.08824464503648e-15   10.3330102266218
0.982287647647647   3.85700092909982   2.62935370895849   1.7626661188542e-15   10.3328969594238
0.99231099099099   3.85696303571837   2.62937410473101   1.48848132672215e-15   10.3327439786991
1.00233433433433   3.85691218716132   2.62940141567512   1.39611902240522e-15   10.332539159747
1.01235767767768   3.85684454885766   2.62943766781927   1.28847452765094e-15   10.3322673267272
1.02238102102102   3.85675536129724   2.62948536913011   1.20060705700278e-15   10.3319096986855
1.03240436436436   3.85663878422097   2.6295475886954   1.32127788373739e-15   10.331443299347
1.04242770770771   3.85648773431319   2.62962803860687   1.52569987888381e-15   10.3308403478952
1.05245105105105   3.85629372215122   2.62973115549278   2.11867972488057e-15   10.3300676539936
1.06247439439439   3.85604669578187   2.62986217785527   2.51794995731077e-15   10.3290860463627
1.07249773773774   3.85573489981622   2.63002721463906   3.01547296811793e-15   10.3278498697993
1.08252108108108   3.85534476020762   2.63023329987446   3.45156979659343e-15   10.3263065900135
1.09254442442442   3.85486080573656   2.6304884278831   3.95353173185642e-15   10.3243965484125
1.10256776776777   3.85426563750157   2.63080156348935   4.42792830605742e-15   10.3220529093636
1.11259111111111   3.85353995726448   2.63118262201021   4.86396041817565e-15   10.3192018399886
1.12261445445445   3.85266266421895   2.63164241454174   5.57997298175914e-15   10.3157629568499
1.1326377977978   3.85161102760842   2.63219255522621   6.06841445852322e-15   10.3116500649012
1.14266114114114   3.85036093965815   2.63284532873524   6.23474360259626e-15   10.3067722020513
1.15268448448449   3.84888724964115   2.63361351805774   6.09032887219888e-15   10.3010349882024
1.16270782782783   3.8471641757879   2.63451019471873   5.73511396825772e-15   10.2943422616046
1.17273117117117   3.84516578746661   2.63554847562307   5.38963823734108e-15   10.286597968958
1.18275451451452   3.84286654593506   2.63674125265199   5.38766299999328e-15   10.2777082602164
1.19277785785786   3.84024188833768   2.63810090277781   5.6322150668614e-15   10.2675837257863
1.2028012012012   3.83726883679959   2.63963898766429   5.90117701529605e-15   10.2561417039263
1.21282454454455   3.83392661269169   2.64136595238844   6.36577961459854e-15   10.243308580486
1.22284788788789   3.83019723554862   2.64329083300728   6.5067139879062e-15   10.2290220021339
1.23287123123123   3.8260660867421   2.64542098221071   6.70923243373738e-15   10.2132329279197
1.24289457457458   3.82152241975749   2.647761821314   7.21590805549866e-15   10.195907451959
1.25291791791792   3.81655980160104   2.65031662545967   7.58362965291064e-15   10.1770283414011
1.26294126126126   3.81117647321328   2.65308634725992   7.90982865333049e-15   10.1565962475499
1.27296460460461   3.80537562046871   2.65606948236991   8.60655789516888e-15   10.1346305628233
1.28298794794795   3.79916555108551   2.65926197878975   9.15864554985684e-15   10.1111699109255
1.29301129129129   3.7925597762575   2.66265719018006   9.54565774937474e-15   10.08627227105
1.30303463463464   3.78557699881282   2.66624587224413   9.9061004888603e-15   10.060014748257
1.31305797797798   3.77824101202775   2.67001622034458   9.91071146967929e-15   10.0324930107604
1.32308132132132   3.77058051478851   2.67395394601049   1.00788024201216e-14   10.0038204204368
1.33310466466467   3.76262884958597   2.67804238984153   1.01308712192004e-14   9.97412688543995
1.34312800800801   3.75442366990921   2.68226266848563   1.0199950813993e-14   9.9435574636662
1.35315135135135   3.74600654309794   2.68659385378348   9.61268805541061e-15   9.91227074347074
1.3631746946947   3.73742249379426   2.69101318274401   9.11149096425679e-15   9.88043702418184
1.37319803803804   3.72871949201104   2.69549629762977   8.76870506381744e-15   9.84823631439208
1.38322138138138   3.71994788873731   2.70001751597135   8.14642216042805e-15   9.81585616159036
1.39324472472473   3.71115980117178   2.704550130671   7.84303900579015e-15   9.78348932330995
1.40326806806807   3.70240844934399   2.70906674037856   7.3203052497663e-15   9.75133128843692
1.41329141141141   3.69374744625954   2.71353960991754   6.67167096662915e-15   9.71957765837886
1.42331475475476   3.68523004495681   2.71794105962141   6.06866744185876e-15   9.68842140200058
1.4333380980981   3.67690834808734   2.72224388095826   5.61287627921841e-15   9.65805000589899
1.44336144144144   3.66883248883771   2.72642177378086   5.18765748722319e-15   9.62864255269596
1.45338478478479   3.66104979608612   2.73044979800741   5.0358449623613e-15   9.60036677412233
1.46340812812813   3.65360396137859   2.73430482967033   4.80209231658024e-15   9.57337614180852
1.47343147147147   3.64653423021365   2.73796600830637   4.97241736291973e-15   9.54780707541573
1.48345481481482   3.6398746446921   2.74141515992568   4.87312524017114e-15   9.52377636307859
1.49347815815816   3.63365336816467   2.7446371776768   4.82719878787541e-15   9.50137890076888
1.50350150150151   3.62789212439474   2.74762034122596   5.273572649162e-15   9.4806858626928
1.51352484484485   3.62260578329882   2.75035655616653   5.56976679416542e-15   9.46174341197704
1.52354818818819   3.61780212205127   2.75284149673665   6.00430235393222e-15   9.44457204806982
1.53357153153154   3.61348178403659   2.75507463885127   6.61193055508494e-15   9.42916666388141
1.54359487487488   3.60963844896962   2.75705917582586   7.11209794106709e-15   9.41549735242512
1.55361821821822   3.60625921605417   2.7588018158212   7.49117203091658e-15   9.40351096175657
1.56364156156157   3.60332518927561   2.76031246738803   7.80248671355338e-15   9.39313335183608
1.57366490490491   3.60081224106241   2.76160382680007   8.034205748237e-15   9.38427226200188
1.58368824824825   3.59869191896271   2.76269088734577   8.08232920739569e-15   9.37682065784088
1.5937115915916   3.59693245093929   2.76359039568264   8.48545141287876e-15   9.37066039581545
1.60373493493494   3.5954997993781   2.76432028320762   8.72842793760536e-15   9.36566602642939
1.61375827827828   3.59435871248934   2.76489910088853   8.63629877508612e-15   9.36170855378421
1.62378162162163   3.59347372449708   2.76534548416826   8.49719779988449e-15   9.35865898104459
1.63380496496497   3.59281006240573   2.76567767070539   8.56553923388566e-15   9.35639149578174
1.64382830830831   3.59233442633289   2.76591308838645   9.11403641365877e-15   9.35478618317222
1.65385165165166   3.59201562129049   2.76606802489155   9.45896161981358e-15   9.35373119452908
1.663874994995   3.59182502968334   2.76615738379187   9.83103103977869e-15   9.35312433935777
1.67389833833834   3.59173692457311   2.76619452630927   1.05074663127312e-14   9.35287410717424
1.68392168168169   3.59172863304195   2.76619119293652   1.07451543691674e-14   9.3529001576439
1.69394502502503   3.59178056619414   2.76615749539188   1.10184953964559e-14   9.35313334222663
1.70396836836837   3.59187613718364   2.76610196697445   1.15632705649163e-14   9.35351533660743
1.71399171171172   3.59200159116279   2.76603165825447   1.17658848643397e-14   9.35399797093203
1.72401505505506   3.59214577145327   2.7659522650166   1.1785363282542e-14   9.35454234521454
1.7340383983984   3.59229984493684   2.76586827624072   1.22684921760979e-14   9.35511781171008
1.74406174174175   3.5924570071145   2.76578313139495   1.269309347404e-14   9.35570089624976
1.75408508508509   3.59261218396113   2.76569937817025   1.28609915212017e-14   9.35627421821168
1.76410842842843   3.59276174403723   2.76561882378101   1.3229984132477e-14   9.35682545546704
1.77413177177178   3.59290323066343   2.76554267490825   1.33014633073563e-14   9.35734638752574
1.78415511511512   3.59303512057994   2.76547166314131   1.33438904802709e-14   9.35783203811043
1.79417845845846   3.59315661257472   2.7654061542969   1.32461396441092e-14   9.35827992808734
1.80420180180181   3.59326744715993   2.76534624122239   1.27993992420152e-14   9.35868944135818
1.81422514514515   3.59336775652899   2.76529182061726   1.24417303655687e-14   9.35906130002125
1.82424848848849   3.59345794270654   2.76524265505214   1.23758039563979e-14   9.35939714071727
1.83427183183184   3.59353858094847   2.76519842176495   1.18369591969493e-14   9.35969918135364
1.84429517517518   3.5936103449758   2.76515875001055   1.14941167397303e-14   9.35996996605781
1.85431851851853   3.5936739504442   2.76512324878103   1.06879433408636e-14   9.36021217593496
1.86434186186187   3.59373011307084   2.765091526641   9.78664537020228e-15   9.36042849370409
1.87436520520521   3.59377951797944   2.76506320527452   9.212077880926e-15   9.36062151129586
1.88438854854856   3.59382279700896   2.76503792815039   8.72732262986783e-15   9.36079367079665
1.8944118918919   3.5938605109008   2.76501536550411   7.8874834929128e-15   9.36094723054661
1.90443523523524   3.59389313338274   2.76499521662778   7.0744285398154e-15   9.36108424961744
1.91445857857859   3.59392103416652   2.76497721026484   6.0707923522267e-15   9.36120658522399
1.92448192192193   3.59394445774245   2.7649611037329   5.00013399785715e-15   9.3613158988109
1.93450526526527   3.59396349457257   2.76494668124872   3.85981169386371e-15   9.36141366757674
1.94452860860862   3.59397804085062   2.76493375180519   3.03154085049789e-15   9.36150119904647
1.95455195195196   3.59398774242347   2.76492214684969   2.20618199769888e-15   9.36157964698903
1.9645752952953   3.5939919177857   2.76491171793503   1.56847173143385e-15   9.36165002751308
1.97459863863865   3.59398945431737   2.76490233445388   9.00833758029245e-16   9.36171323458367
1.98462198198199   3.59397867121328   2.76489388152354   4.65955148565861e-16   9.36177005450478
1.99464532532533   3.59395714195529   2.76488625805606   3.57593498392682e-17   9.36182117912944
2.00466866866868   3.59392146884443   2.76487937502699   -2.61446776697632e-16   9.36186721770848
2.01469201201202   3.59386700219959   2.7648731539413   1.27043801414727e-16   9.36190870738734
2.02471535535536   3.59378749753117   2.76486752548654   1.80003772692162e-16   9.36194612242106
2.03473869869871   3.59367470550615   2.76486242835791   1.41949968159162e-16   9.3619798822114
2.04476204204205   3.59351789202635   2.76485780823808   -7.87509540902409e-18   9.36201035828518
2.05478538538539   3.59330328940267   2.76485361691362   1.19190192324728e-17   9.3620378803366
2.06480872872874   3.59301348452727   2.76484981151121   1.61441965809976e-16   9.36206274145086
2.07483207207208   3.59262675613379   2.7648463538374   5.02138942533622e-16   9.36208520261864
2.08485541541542   3.59211638058595   2.76484320980781   9.968151737186e-16   9.36210549663931
2.09487875875877   3.5914499338873   2.76484034895308   1.31471113951085e-15   9.36212383149972
2.10490210210211   3.590588626336   2.76483774399054   1.61040113755118e-15   9.36214039330385
2.11492544544545   3.58948671485884   2.76483537045219   1.97016981975823e-15   9.36215534881832
2.1249487887888   3.58809104579024   2.76483320636098   2.05101264705226e-15   9.36216884768924
2.13497213213214   3.58634078682923   2.76483123194834   1.993452506978e-15   9.36218102437763
2.14499547547548   3.58416741016132   2.76482942940731   1.38974521870707e-15   9.36219199985343
2.15501881881883   3.58149498833217   2.76482778267621   8.76492338677506e-16   9.36220188308185
2.16504216216217   3.57824085958181   2.76482627724871   5.48727844003877e-16   9.36221077233067
2.17506550550551   3.57431670938416   2.76482490000686   2.18803536972012e-16   9.36221875632253
2.18508884884886   3.56963009960903   2.76482363907382   -1.05239086687528e-17   9.36222591525252
2.1951121921922   3.56408645617564   2.764822483684   -7.64904432648301e-17   9.36223232168835
2.20513553553555   3.55759150093075   2.76482142406821   -3.13518296216436e-17   9.36223804136757
2.21515887887889   3.55005408490978   2.76482045135201   5.42532160649012e-16   9.36224313390417
2.22518222222223   3.54138934976607   2.76481955746562   1.06231327971e-15   9.36224765341519
2.23520556556558   3.53152211403791   2.76481873506398   1.59714233606047e-15   9.36225164907635
2.24522890890892   3.5203903533994   2.76481797745561   2.45798513189448e-15   9.36225516561458
2.25525225225226   3.50794862154284   2.7648172785394   3.02148481206998e-15   9.36225824374424
2.26527559559561   3.49417124318344   2.76481663274805   3.69349587705491e-15   9.36226092055305
2.27529893893895   3.47905510483032   2.76481603499766   3.99046130240944e-15   9.36226322984344
2.28532228228229   3.46262187383627   2.76481548064245   4.29795823350848e-15   9.36226520243369
2.29534562562564   3.44491949247587   2.7648149654341   4.71802337183438e-15   9.36226686642372
2.30536896896898   3.42602282118776   2.76481448548502   4.95849266877111e-15   9.36226824742943
2.31539231231232   3.40603334250653   2.76481403723519   4.870674093768e-15   9.3622693687894
2.32541565565567   3.38507788257363   2.76481361742198   4.83697115214977e-15   9.36227025174727
2.33543899899901   3.36330635766418   2.7648132230527   4.53279738231045e-15   9.36227091561322
2.34546234234235   3.34088860556098   2.76481285137942   4.12694414529613e-15   9.36227137790723
2.3554856856857   3.31801041222622   2.76481249987596   3.87815802954691e-15   9.36227165448685
2.36550902902904   3.29486888947281   2.7648121662166   3.4056013516864e-15   9.3622717596619
2.37553237237238   3.27166739596361   2.7648118482565   2.70796208909028e-15   9.362271706298
2.38555571571573   3.24861021923309   2.76481154401362   1.81181423298269e-15   9.36227150591088
2.39557905905907   3.22589724875175   2.76481125165186   8.69576853458159e-16   9.36227116875293
2.40560240240241   3.20371886855768   2.76481096946552   -3.73964215973645e-16   9.36227070389313
2.41562574574576   3.1822512829422   2.76481069586478   -1.43875789302914e-15   9.36227011929142
2.4256490890891   3.16165246139421   2.76481042936222   -2.23623147860936e-15   9.3622694218682
2.43567243243244   3.14205885165882   2.76481016856022   -3.52598906360632e-15   9.36226861756934
2.44569577577579   3.12358296520506   2.7648099121392   -4.79454917682366e-15   9.36226771142705
2.45571911911913   3.10631189088783   2.76480965884667   -5.59606769626683e-15   9.36226670761676
2.46574246246247   3.09030674352158   2.76480940748682   -6.53529156556023e-15   9.36226560950973
2.47576580580582   3.07560300768887   2.76480915691084   -7.33175129400491e-15   9.36226441972148
2.48578914914916   3.06221169621128   2.76480890600772   -8.21042320125993e-15   9.36226314015556
2.4958124924925   3.0501212095321   2.76480865369542   -8.71634116414768e-15   9.36226177204253
2.50583583583585   3.03929975828743   2.76480839891251   -9.17024509777363e-15   9.36226031597348
2.51585917917919   3.02969819727013   2.76480814060995   -9.4572640480052e-15   9.36225877192777
2.52588252252253   3.02125311475001   2.76480787774303   -9.47459056017295e-15   9.3622571392941
2.53590586586588   3.01389002594314   2.76480760926318   -9.47205352325565e-15   9.36225541688381
2.54592920920922   3.00752653201226   2.76480733410932   -9.42355502569572e-15   9.36225360293424
2.55595255255257   3.00207532462563   2.76480705119831   -9.29452952394888e-15   9.36225169509881
2.56597589589591   2.99744693889283   2.7648067594133   -9.21558527467306e-15   9.36224969041659
2.57599923923925   2.99355218248009   2.76480645758828   -9.37566284845795e-15   9.3622475852487
2.5860225825826   2.9903041940514   2.76480614448533   -9.25283606337574e-15   9.36224537515693
2.59604592592594   2.98762010828649   2.76480581875799   -9.42823704723847e-15   9.36224305467772
2.60606926926928   2.98542232631816   2.76480547888835   -9.49550816764804e-15   9.36224061690183
2.61609261261263   2.98363940860006   2.76480512307415   -9.62384163025361e-15   9.36223805268921
2.62611595595597   2.98220662142723   2.76480474902089   -9.80526299437942e-15   9.36223534919306
2.63613929929931   2.9810661783963   2.76480435355297   -9.78718659143133e-15   9.36223248707138
2.64616264264266   2.98016722411249   2.76480393187986   -9.85971177691474e-15   9.36222943519955
2.656185985986   2.97946560974615   2.76480347620459   -1.02283596464099e-14   9.36222614062017
2.66620932932934   2.97892350905327   2.76480297307799   -1.03445874145403e-14   9.36222250941162
2.67623267267269   2.97850891965122   2.76480239836038   -1.05006455174048e-14   9.36221837023547
2.68625601601603   2.97819508799603   2.76480170761942   -1.0435374821131e-14   9.36221340484457
2.69627935935937   2.97795988760519   2.76480081782181   -1.06819076688369e-14   9.3622070155653
2.70630270270272   2.97778516789419   2.76479957241697   -1.03485900163405e-14   9.36219807255233
2.71632604604606   2.97765607356049   2.76479767473908   -1.01415557251273e-14   9.36218443169891
2.7263493893894   2.97756030741363   2.76479456097357   -1.00378746813149e-14   9.3621620150603
2.73637273273275   2.97748726418159   2.76478915783897   -9.62629272475206e-15   9.36212305676717
2.74639607607609   2.9774268821083   2.76477942035914   -9.35659267858586e-15   9.36205275715967
2.75641941941943   2.97736791041578   2.76476145015554   -9.09583775575983e-15   9.36192290086542
2.76644276276278   2.97729501150186   2.76472781359172   -9.21262748437242e-15   9.36167968466774
2.77646610610612   2.97718358811216   2.76466433369206   -9.39001556241596e-15   9.36122050455361
2.78648944944946   2.9769902214196   2.76454397101136   -9.20456604584813e-15   9.36034969706614
2.79651279279281   2.97663469693304   2.76431515250956   -9.03306863656892e-15   9.35869418934573
2.80653613613615   2.97596597212941   2.76387951300155   -9.36845416522873e-15   9.35554286870076
2.81655947947949   2.97469759159027   2.76304945193802   -9.57119450163452e-15   9.34954115017747
2.82658282282284   2.97228521811792   2.76146722723591   -9.39616835180106e-15   9.3381118840983
2.83660616616618   2.96769527659296   2.75845082436357   -9.34238545396616e-15   9.31636349049043
2.84662950950952   2.95897149575908   2.75270067634462   -8.92036824995997e-15   9.27505329846318
2.85665285285287   2.94243615355976   2.74174292113794   -8.72797101815817e-15   9.19686808420164
2.86667619619621   2.91126655556925   2.72087758609892   -8.46844618196789e-15   9.0499166636831
2.87669953953955   2.85313130994962   2.6812119717111   -7.82390282294956e-15   8.77735662221481
2.8867228828829   2.7468775343987   2.60607232507312   -7.25739718378461e-15   8.28438643874574
2.89674622622624   2.56002202830906   2.46487363631712   -6.64607125915971e-15   7.43408850946997
2.90676956956958   2.25453025779858   2.20477558548387   -5.37625903349322e-15   6.09183615191529
2.91679291291293   1.81868758983797   1.75073760753303   -3.55986730868703e-15   4.29197299807037
2.92681625625627   1.33324141966956   1.06992232058336   -1.5640319075326e-15   2.49300086376862
2.93683959959962   0.977885013572963   0.38746814417383   -2.78485314875098e-16   1.39967681856425
2.94686294294296   0.835120401854357   0.0736486708955274   -3.71705587177877e-18   1.06533763390603
2.9568862862863   0.804950770420836   0.0101837097896958   -3.80252666580902e-21   1.00873018367579
2.96690962962965   0.800641951237167   0.00131927950532772   -2.77659938221463e-25   1.00112446229539
2.97693297297299   0.800082385757259   0.000169308237027829   -1.66812159390358e-30   1.00014419218736
2.98695631631633   0.800010559830868   2.17011360779424e-05   -9.17011889405622e-37   1.00001847998486
2.99697965965968   0.800001353294774   2.78110807536521e-06   -3.94582025994833e-44   1.00000236827046
3.00700300300302   0.800000173427906   3.56405528608944e-07   -1.2959111432724e-52   1.00000030349891
3.01702634634636   0.800000022225136   4.56740871943635e-08   -2.99117299782774e-62   1.00000003889399
3.02704968968971   0.800000002848195   5.85322402071094e-09   -5.70750365370257e-73   1.00000000498434
3.03707303303305   0.800000000365002   7.50101641912501e-10   -1.17478120985448e-84   1.00000000063875
3.04709637637639   0.800000000046776   9.61264685467374e-11   -2.06527085807195e-97   1.00000000008186
3.05711971971974   0.800000000005994   1.23181894091902e-11   -3.29077987233262e-111   1.00000000001049
3.06714306306308   0.800000000000768   1.57812717324201e-12   -4.79313519367577e-126   1.00000000000134
3.07716640640642   0.800000000000098   2.01835552816632e-13   -6.08237418505967e-142   1.00000000000017
3.08718974974977   0.800000000000012   2.55307942719792e-14   -6.67580863680663e-159   1.00000000000002
3.09721309309311   0.800000000000001   3.13009112077403e-15   -6.22110733015992e-177   1
3.10723643643645   0.8   2.92457997998164e-16   -4.13026800397133e-196   1
3.1172597797798   0.8   1.58085376243829e-17   -7.63855056541105e-217   1
3.12728312312314   0.8   0   0   1
3.13730646646648   0.8   0   0   1
3.14732980980983   0.8   0   0   1
3.15735315315317   0.8   0   0   1
3.16737649649651   0.8   0   0   1
3.17739983983986   0.8   0   0   1
3.1874231831832   0.8   0   0   1
3.19744652652654   0.8   0   0   1
3.20746986986989   0.8   0   0   1
3.21749321321323   0.8   0   0   1
3.22751655655657   0.8   0   0   1
3.23753989989992   0.8   0   0   1
3.24756324324326   0.8   0   0   1
3.2575865865866   0.8   0   0   1
3.26760992992995   0.8   0   0   1
3.27763327327329   0.8   0   0   1
3.28765661661664   0.8   0   0   1
3.29767995995998   0.8   0   0   1
3.30770330330332   0.8   0   0   1
3.31772664664667   0.8   0   0   1
3.32774998999001   0.8   0   0   1
3.33777333333335   0.8   0   0   1
3.3477966766767   0.8   0   0   1
3.35782002002004   0.8   0   0   1
3.36784336336338   0.8   0   0   1
3.37786670670673   0.8   0   0   1
3.38789005005007   0.8   0   0   1
3.39791339339341   0.8   0   0   1
3.40793673673676   0.8   0   0   1
3.4179600800801   0.8   0   0   1
3.42798342342344   0.8   0   0   1
3.43800676676679   0.8   0   0   1
3.44803011011013   0.8   0   0   1
3.45805345345347   0.8   0   0   1
3.46807679679682   0.8   0   0   1
3.47810014014016   0.8   0   0   1
3.4881234834835   0.8   0   0   1
3.49814682682685   0.8   0   0   1
3.50817017017019   0.8   0   0   1
3.51819351351353   0.8   0   0   1
3.52821685685688   0.8   0   0   1
3.53824020020022   0.8   0   0   1
3.54826354354356   0.8   0   0   1
3.55828688688691   0.8   0   0   1
3.56831023023025   0.8   0   0   1
3.57833357357359   0.8   0   0   1
3.58835691691694   0.8   0   0   1
3.59838026026028   0.8   0   0   1
3.60840360360362   0.8   0   0   1
3.61842694694697   0.8   0   0   1
3.62845029029031   0.8   0   0   1
3.63847363363366   0.8   0   0   1
3.648496976977   0.8   0   0   1
3.65852032032034   0.8   0   0   1
3.66854366366369   0.8   0   0   1
3.67856700700703   0.8   0   0   1
3.68859035035037   0.8   0   0   1
3.69861369369372   0.8   0   0   1
3.70863703703706   0.8   0   0   1
3.7186603803804   0.8   0   0   1
3.72868372372375   0.8   0   0   1
3.73870706706709   0.8   0   0   1
3.74873041041043   0.8   0   0   1
3.75875375375378   0.8   0   0   1
3.76877709709712   0.8   0   0   1
3.77880044044046   0.8   0   0   1
3.78882378378381   0.8   0   0   1
3.79884712712715   0.8   0   0   1
3.80887047047049   0.8   0   0   1
3.81889381381384   0.8   0   0   1
3.82891715715718   0.8   0   0   1
3.83894050050052   0.8   0   0   1
3.84896384384387   0.8   0   0   1
3.85898718718721   0.8   0   0   1
3.86901053053055   0.8   0   0   1
3.8790338738739   0.8   0   0   1
3.88905721721724   0.8   0   0   1
3.89908056056058   0.8   0   0   1
3.90910390390393   0.8   0   0   1
3.91912724724727   0.8   0   0   1
3.92915059059061   0.8   0   0   1
3.93917393393396   0.8   0   0   1
3.9491972772773   0.8   0   0   1
3.95922062062064   0.8   0   0   1
3.96924396396399   0.8   0   0   1
3.97926730730733   0.8   0   0   1
3.98929065065068   0.8   0   0   1
3.99931399399402   0.8   0   0   1
4.00933733733736   0.8   0   0   1
4.01936068068071   0.8   0   0   1
4.02938402402405   0.8   0   0   1
4.03940736736739   0.8   0   0   1
4.04943071071074   0.8   0   0   1
4.05945405405408   0.8   0   0   1
4.06947739739742   0.8   0   0   1
4.07950074074077   0.8   0   0   1
4.08952408408411   0.8   0   0   1
4.09954742742745   0.8   0   0   1
4.1095707707708   0.8   0   0   1
4.11959411411414   0.8   0   0   1
4.12961745745748   0.8   0   0   1
4.13964080080083   0.8   0   0   1
4.14966414414417   0.8   0   0   1
4.15968748748751   0.8   0   0   1
4.16971083083086   0.8   0   0   1
4.1797341741742   0.8   0   0   1
4.18975751751754   0.8   0   0   1
4.19978086086089   0.8   0   0   1
4.20980420420423   0.8   0   0   1
4.21982754754757   0.8   0   0   1
4.22985089089092   0.8   0   0   1
4.23987423423426   0.8   0   0   1
4.2498975775776   0.8   0   0   1
4.25992092092095   0.8   0   0   1
4.26994426426429   0.8   0   0   1
4.27996760760763   0.8   0   0   1
4.28999095095098   0.8   0   0   1
4.30001429429432   0.8   0   0   1
4.31003763763766   0.8   0   0   1
4.32006098098101   0.8   0   0   1
4.33008432432435   0.8   0   0   1
4.3401076676677   0.8   0   0   1
4.35013101101104   0.8   0   0   1
4.36015435435438   0.8   0   0   1
4.37017769769773   0.8   0   0   1
4.38020104104107   0.8   0   0   1
4.39022438438441   0.8   0   0   1
4.40024772772776   0.8   0   0   1
4.4102710710711   0.8   0   0   1
4.42029441441444   0.8   0   0   1
4.43031775775779   0.8   0   0   1
4.44034110110113   0.8   0   0   1
4.45036444444447   0.8   0   0   1
4.46038778778782   0.8   0   0   1
4.47041113113116   0.8   0   0   1
4.4804344744745   0.8   0   0   1
4.49045781781785   0.8   0   0   1
4.50048116116119   0.8   0   0   1
4.51050450450453   0.8   0   0   1
4.52052784784788   0.8   0   0   1
4.53055119119122   0.8   0   0   1
4.54057453453456   0.8   0   0   1
4.55059787787791   0.8   0   0   1
4.56062122122125   0.8   0   0   1
4.57064456456459   0.8   0   0   1
4.58066790790794   0.8   0   0   1
4.59069125125128   0.8   0   0   1
4.60071459459462   0.8   0   0   1
4.61073793793797   0.8   0   0   1
4.62076128128131   0.8   0   0   1
4.63078462462465   0.8   0   0   1
4.640807967968   0.8   0   0   1
4.65083131131134   0.8   0   0   1
4.66085465465468   0.8   0   0   1
4.67087799799803   0.8   0   0   1
4.68090134134137   0.8   0   0   1
4.69092468468472   0.8   0   0   1
4.70094802802806   0.8   0   0   1
4.7109713713714   0.8   0   0   1
4.72099471471475   0.8   0   0   1
4.73101805805809   0.8   0   0   1
4.74104140140143   0.8   0   0   1
4.75106474474478   0.8   0   0   1
4.76108808808812   0.8   0   0   1
4.77111143143146   0.8   0   0   1
4.78113477477481   0.8   0   0   1
4.79115811811815   0.8   0   0   1
4.80118146146149   0.8   0   0   1
4.81120480480484   0.8   0   0   1
4.82122814814818   0.8   0   0   1
4.83125149149152   0.8   0   0   1
4.84127483483487   0.8   0   0   1
4.85129817817821   0.8   0   0   1
4.86132152152155   0.8   0   0   1
4.8713448648649   0.8   0   0   1
4.88136820820824   0.8   0   0   1
4.89139155155158   0.8   0   0   1
4.90141489489493   0.8   0   0   1
4.91143823823827   0.8   0   0   1
4.92146158158161   0.8   0   0   1
4.93148492492496   0.8   0   0   1
4.9415082682683   0.8   0   0   1
4.95153161161164   0.8   0   0   1
4.96155495495499   0.8   0   0   1
4.97157829829833   0.8   0   0   1
4.98160164164167   0.8   0   0   1
4.99162498498502   0.8   0   0   1
5.00164832832836   0.8   0   0   1
5.0116716716717   0.8   0   0   1
5.02169501501505   0.8   0   0   1
5.03171835835839   0.8   0   0   1
5.04174170170173   0.8   0   0   1
5.05176504504508   0.8   0   0   1
5.06178838838842   0.8   0   0   1
5.07181173173177   0.8   0   0   1
5.08183507507511   0.8   0   0   1
5.09185841841845   0.8   0   0   1
5.1018817617618   0.8   0   0   1
5.11190510510514   0.8   0   0   1
5.12192844844848   0.8   0   0   1
5.13195179179183   0.8   0   0   1
5.14197513513517   0.8   0   0   1
5.15199847847851   0.8   0   0   1
5.16202182182186   0.8   0   0   1
5.1720451651652   0.8   0   0   1
5.18206850850854   0.8   0   0   1
5.19209185185189   0.8   0   0   1
5.20211519519523   0.8   0   0   1
5.21213853853857   0.8   0   0   1
5.22216188188192   0.8   0   0   1
5.23218522522526   0.8   0   0   1
5.2422085685686   0.8   0   0   1
5.25223191191195   0.8   0   0   1
5.26225525525529   0.8   0   0   1
5.27227859859863   0.8   0   0   1
5.28230194194198   0.8   0   0   1
5.29232528528532   0.8   0   0   1
5.30234862862866   0.8   0   0   1
5.31237197197201   0.8   0   0   1
5.32239531531535   0.8   0   0   1
5.33241865865869   0.8   0   0   1
5.34244200200204   0.8   0   0   1
5.35246534534538   0.8   0   0   1
5.36248868868872   0.8   0   0   1
5.37251203203207   0.8   0   0   1
5.38253537537541   0.8   0   0   1
5.39255871871875   0.8   0   0   1
5.4025820620621   0.8   0   0   1
5.41260540540544   0.8   0   0   1
5.42262874874879   0.8   0   0   1
5.43265209209213   0.8   0   0   1
5.44267543543547   0.8   0   0   1
5.45269877877882   0.8   0   0   1
5.46272212212216   0.8   0   0   1
5.4727454654655   0.8   0   0   1
5.48276880880885   0.8   0   0   1
5.49279215215219   0.8   0   0   1
5.50281549549553   0.8   0   0   1
5.51283883883888   0.8   0   0   1
5.52286218218222   0.8   0   0   1
5.53288552552556   0.8   0   0   1
5.54290886886891   0.8   0   0   1
5.55293221221225   0.8   0   0   1
5.56295555555559   0.8   0   0   1
5.57297889889894   0.8   0   0   1
5.58300224224228   0.8   0   0   1
5.59302558558562   0.8   0   0   1
5.60304892892897   0.8   0   0   1
5.61307227227231   0.8   0   0   1
5.62309561561565   0.8   0   0   1
5.633118958959   0.8   0   0   1
5.64314230230234   0.8   0   0   1
5.65316564564568   0.8   0   0   1
5.66318898898903   0.8   0   0   1
5.67321233233237   0.8   0   0   1
5.68323567567571   0.8   0   0   1
5.69325901901906   0.8   0   0   1
5.7032823623624   0.8   0   0   1
5.71330570570574   0.8   0   0   1
5.72332904904909   0.8   0   0   1
5.73335239239243   0.8   0   0   1
5.74337573573577   0.8   0   0   1
5.75339907907912   0.8   0   0   1
5.76342242242246   0.8   0   0   1
5.77344576576581   0.8   0   0   1
5.78346910910915   0.8   0   0   1
5.79349245245249   0.8   0   0   1
5.80351579579584   0.8   0   0   1
5.81353913913918   0.8   0   0   1
5.82356248248252   0.8   0   0   1
5.83358582582587   0.8   0   0   1
5.84360916916921   0.8   0   0   1
5.85363251251255   0.8   0   0   1
5.8636558558559   0.8   0   0   1
5.87367919919924   0.8   0   0   1
5.88370254254258   0.8   0   0   1
5.89372588588593   0.8   0   0   1
5.90374922922927   0.8   0   0   1
5.91377257257261   0.8   0   0   1
5.92379591591596   0.8   0   0   1
5.9338192592593   0.8   0   0   1
5.94384260260264   0.8   0   0   1
5.95386594594599   0.8   0   0   1
5.96388928928933   0.8   0   0   1
5.97391263263267   0.8   0   0   1
5.98393597597602   0.8   0   0   1
5.99395931931936   0.8   0   0   1
6.0039826626627   0.8   0   0   1
6.01400600600605   0.8   0   0   1
6.02402934934939   0.8   0   0   1
6.03405269269273   0.8   0   0   1
6.04407603603608   0.8   0   0   1
6.05409937937942   0.8   0   0   1
6.06412272272276   0.8   0   0   1
6.07414606606611   0.8   0   0   1
6.08416940940945   0.8   0   0   1
6.09419275275279   0.8   0   0   1
6.10421609609614   0.8   0   0   1
6.11423943943948   0.8   0   0   1
6.12426278278283   0.8   0   0   1
6.13428612612617   0.8   0   0   1
6.14430946946951   0.8   0   0   1
6.15433281281286   0.8   0   0   1
6.1643561561562   0.8   0   0   1
6.17437949949954   0.8   0   0   1
6.18440284284289   0.8   0   0   1
6.19442618618623   0.8   0   0   1
6.20444952952957   0.8   0   0   1
6.21447287287292   0.8   0   0   1
6.22449621621626   0.8   0   0   1
6.2345195595596   0.8   0   0   1
6.24454290290295   0.8   0   0   1
6.25456624624629   0.8   0   0   1
6.26458958958963   0.8   0   0   1
6.27461293293298   0.8   0   0   1
6.28463627627632   0.8   0   0   1
6.29465961961966   0.8   0   0   1
6.30468296296301   0.8   0   0   1
6.31470630630635   0.8   0   0   1
6.32472964964969   0.8   0   0   1
6.33475299299304   0.8   0   0   1
6.34477633633638   0.8   0   0   1
6.35479967967972   0.8   0   0   1
6.36482302302307   0.8   0   0   1
6.37484636636641   0.8   0   0   1
6.38486970970975   0.8   0   0   1
6.3948930530531   0.8   0   0   1
6.40491639639644   0.8   0   0   1
6.41493973973978   0.8   0   0   1
6.42496308308313   0.8   0   0   1
6.43498642642647   0.8   0   0   1
6.44500976976981   0.8   0   0   1
6.45503311311316   0.8   0   0   1
6.4650564564565   0.8   0   0   1
6.47507979979985   0.8   0   0   1
6.48510314314319   0.8   0   0   1
6.49512648648653   0.8   0   0   1
6.50514982982988   0.8   0   0   1
6.51517317317322   0.8   0   0   1
6.52519651651656   0.8   0   0   1
6.53521985985991   0.8   0   0   1
6.54524320320325   0.8   0   0   1
6.55526654654659   0.8   0   0   1
6.56528988988994   0.8   0   0   1
6.57531323323328   0.8   0   0   1
6.58533657657662   0.8   0   0   1
6.59535991991997   0.8   0   0   1
6.60538326326331   0.8   0   0   1
6.61540660660665   0.8   0   0   1
6.62542994995   0.8   0   0   1
6.63545329329334   0.8   0   0   1
6.64547663663668   0.8   0   0   1
6.65549997998003   0.8   0   0   1
6.66552332332337   0.8   0   0   1
6.67554666666671   0.8   0   0   1
6.68557001001006   0.8   0   0   1
6.6955933533534   0.8   0   0   1
6.70561669669674   0.8   0   0   1
6.71564004004009   0.8   0   0   1
6.72566338338343   0.8   0   0   1
6.73568672672677   0.8   0   0   1
6.74571007007012   0.8   0   0   1
6.75573341341346   0.8   0   0   1
6.7657567567568   0.8   0   0   1
6.77578010010015   0.8   0   0   1
6.78580344344349   0.8   0   0   1
6.79582678678683   0.8   0   0   1
6.80585013013018   0.8   0   0   1
6.81587347347352   0.8   0   0   1
6.82589681681686   0.8   0   0   1
6.83592016016021   0.8   0   0   1
6.84594350350355   0.8   0   0   1
6.8559668468469   0.8   0   0   1
6.86599019019024   0.8   0   0   1
6.87601353353358   0.8   0   0   1
6.88603687687693   0.8   0   0   1
6.89606022022027   0.8   0   0   1
6.90608356356361   0.8   0   0   1
6.91610690690696   0.8   0   0   1
6.9261302502503   0.8   0   0   1
6.93615359359364   0.8   0   0   1
6.94617693693699   0.8   0   0   1
6.95620028028033   0.8   0   0   1
6.96622362362367   0.8   0   0   1
6.97624696696702   0.8   0   0   1
6.98627031031036   0.8   0   0   1
6.9962936536537   0.8   0   0   1
7.00631699699705   0.8   0   0   1
7.01634034034039   0.8   0   0   1
7.02636368368373   0.8   0   0   1
7.03638702702708   0.8   0   0   1
7.04641037037042   0.8   0   0   1
7.05643371371376   0.8   0   0   1
7.06645705705711   0.8   0   0   1
7.07648040040045   0.8   0   0   1
7.08650374374379   0.8   0   0   1
7.09652708708714   0.8   0   0   1
7.10655043043048   0.8   0   0   1
7.11657377377382   0.8   0   0   1
7.12659711711717   0.8   0   0   1
7.13662046046051   0.8   0   0   1
7.14664380380385   0.8   0   0   1
7.1566671471472   0.8   0   0   1
7.16669049049054   0.8   0   0   1
7.17671383383388   0.8   0   0   1
7.18673717717723   0.8   0   0   1
7.19676052052057   0.8   0   0   1
7.20678386386392   0.8   0   0   1
7.21680720720726   0.8   0   0   1
7.2268305505506   0.8   0   0   1
7.23685389389395   0.8   0   0   1
7.24687723723729   0.8   0   0   1
7.25690058058063   0.8   0   0   1
7.26692392392398   0.8   0   0   1
7.27694726726732   0.8   0   0   1
7.28697061061066   0.8   0   0   1
7.29699395395401   0.8   0   0   1
7.30701729729735   0.8   0   0   1
7.31704064064069   0.8   0   0   1
7.32706398398404   0.8   0   0   1
7.33708732732738   0.8   0   0   1
7.34711067067072   0.8   0   0   1
7.35713401401407   0.8   0   0   1
7.36715735735741   0.8   0   0   1
7.37718070070075   0.8   0   0   1
7.3872040440441   0.8   0   0   1
7.39722738738744   0.8   0   0   1
7.40725073073078   0.8   0   0   1
7.41727407407413   0.8   0   0   1
7.42729741741747   0.8   0   0   1
7.43732076076081   0.8   0   0   1
7.44734410410416   0.8   0   0   1
7.4573674474475   0.8   0   0   1
7.46739079079084   0.8   0   0   1
7.47741413413419   0.8   0   0   1
7.48743747747753   0.8   0   0   1
7.49746082082087   0.8   0   0   1
7.50748416416422   0.8   0   0   1
7.51750750750756   0.8   0   0   1
7.5275308508509   0.8   0   0   1
7.53755419419425   0.8   0   0   1
7.54757753753759   0.8   0   0   1
7.55760088088094   0.8   0   0   1
7.56762422422428   0.8   0   0   1
7.57764756756762   0.8   0   0   1
7.58767091091097   0.8   0   0   1
7.59769425425431   0.8   0   0   1
7.60771759759765   0.8   0   0   1
7.617740940941   0.8   0   0   1
7.62776428428434   0.8   0   0   1
7.63778762762768   0.8   0   0   1
7.64781097097103   0.8   0   0   1
7.65783431431437   0.8   0   0   1
7.66785765765771   0.8   0   0   1
7.67788100100106   0.8   0   0   1
7.6879043443444   0.8   0   0   1
7.69792768768774   0.8   0   0   1
7.70795103103109   0.8   0   0   1
7.71797437437443   0.8   0   0   1
7.72799771771777   0.8   0   0   1
7.73802106106112   0.8   0   0   1
7.74804440440446   0.8   0   0   1
7.7580677477478   0.8   0   0   1
7.76809109109115   0.8   0   0   1
7.77811443443449   0.8   0   0   1
7.78813777777783   0.8   0   0   1
7.79816112112118   0.8   0   0   1
7.80818446446452   0.8   0   0   1
7.81820780780786   0.8   0   0   1
7.82823115115121   0.8   0   0   1
7.83825449449455   0.8   0   0   1
7.84827783783789   0.8   0   0   1
7.85830118118124   0.8   0   0   1
7.86832452452458   0.8   0   0   1
7.87834786786792   0.8   0   0   1
7.88837121121127   0.8   0   0   1
7.89839455455461   0.8   0   0   1
7.90841789789796   0.8   0   0   1
7.9184412412413   0.8   0   0   1
7.92846458458464   0.8   0   0   1
7.93848792792799   0.8   0   0   1
7.94851127127133   0.8   0   0   1
7.95853461461467   0.8   0   0   1
7.96855795795802   0.8   0   0   1
7.97858130130136   0.8   0   0   1
7.9886046446447   0.8   0   0   1
7.99862798798805   0.8   0   0   1
8.00865133133139   0.8   0   0   1
8.01867467467473   0.8   0   0   1
8.02869801801808   0.8   0   0   1
8.03872136136142   0.8   0   0   1
8.04874470470476   0.8   0   0   1
8.05876804804811   0.8   0   0   1
8.06879139139145   0.8   0   0   1
8.07881473473479   0.8   0   0   1
8.08883807807814   0.8   0   0   1
8.09886142142148   0.8   0   0   1
8.10888476476482   0.8   0   0   1
8.11890810810817   0.8   0   0   1
8.12893145145151   0.8   0   0   1
8.13895479479485   0.8   0   0   1
8.1489781381382   0.8   0   0   1
8.15900148148154   0.8   0   0   1
8.16902482482488   0.8   0   0   1
8.17904816816823   0.8   0   0   1
8.18907151151157   0.8   0   0   1
8.19909485485491   0.8   0   0   1
8.20911819819826   0.8   0   0   1
8.2191415415416   0.8   0   0   1
8.22916488488494   0.8   0   0   1
8.23918822822829   0.8   0   0   1
8.24921157157163   0.8   0   0   1
8.25923491491498   0.8   0   0   1
8.26925825825832   0.8   0   0   1
8.27928160160166   0.8   0   0   1
8.28930494494501   0.8   0   0   1
8.29932828828835   0.8   0   0   1
8.30935163163169   0.8   0   0   1
8.31937497497504   0.8   0   0   1
8.32939831831838   0.8   0   0   1
8.33942166166172   0.8   0   0   1
8.34944500500507   0.8   0   0   1
8.35946834834841   0.8   0   0   1
8.36949169169175   0.8   0   0   1
8.3795150350351   0.8   0   0   1
8.38953837837844   0.8   0   0   1
8.39956172172178   0.8   0   0   1
8.40958506506513   0.8   0   0   1
8.41960840840847   0.8   0   0   1
8.42963175175181   0.8   0   0   1
8.43965509509516   0.8   0   0   1
8.4496784384385   0.8   0   0   1
8.45970178178184   0.8   0   0   1
8.46972512512519   0.8   0   0   1
8.47974846846853   0.8   0   0   1
8.48977181181187   0.8   0   0   1
8.49979515515522   0.8   0   0   1
8.50981849849856   0.8   0   0   1
8.5198418418419   0.8   0   0   1
8.52986518518525   0.8   0   0   1
8.53988852852859   0.8   0   0   1
8.54991187187193   0.8   0   0   1
8.55993521521528   0.8   0   0   1
8.56995855855862   0.8   0   0   1
8.57998190190196   0.8   0   0   1
8.59000524524531   0.8   0   0   1
8.60002858858865   0.8   0   0   1
8.610051931932   0.8   0   0   1
8.62007527527534   0.8   0   0   1
8.63009861861868   0.8   0   0   1
8.64012196196203   0.8   0   0   1
8.65014530530537   0.8   0   0   1
8.66016864864871   0.8   0   0   1
8.67019199199206   0.8   0   0   1
8.6802153353354   0.8   0   0   1
8.69023867867874   0.8   0   0   1
8.70026202202209   0.8   0   0   1
8.71028536536543   0.8   0   0   1
8.72030870870877   0.8   0   0   1
8.73033205205212   0.8   0   0   1
8.74035539539546   0.8   0   0   1
8.7503787387388   0.8   0   0   1
8.76040208208215   0.8   0   0   1
8.77042542542549   0.8   0   0   1
8.78044876876883   0.8   0   0   1
8.79047211211218   0.8   0   0   1
8.80049545545552   0.8   0   0   1
8.81051879879886   0.8   0   0   1
8.82054214214221   0.8   0   0   1
8.83056548548555   0.8   0   0   1
8.84058882882889   0.8   0   0   1
8.85061217217224   0.8   0   0   1
8.86063551551558   0.8   0   0   1
8.87065885885892   0.8   0   0   1
8.88068220220227   0.8   0   0   1
8.89070554554561   0.8   0   0   1
8.90072888888895   0.8   0   0   1
8.9107522322323   0.8   0   0   1
8.92077557557564   0.8   0   0   1
8.93079891891898   0.8   0   0   1
8.94082226226233   0.8   0   0   1
8.95084560560567   0.8   0   0   1
8.96086894894901   0.8   0   0   1
8.97089229229236   0.8   0   0   1
8.9809156356357   0.8   0   0   1
8.99093897897905   0.8   0   0   1
9.00096232232239   0.8   0   0   1
9.01098566566573   0.8   0   0   1
9.02100900900908   0.8   0   0   1
9.03103235235242   0.8   0   0   1
9.04105569569576   0.8   0   0   1
9.05107903903911   0.8   0   0   1
9.06110238238245   0.8   0   0   1
9.07112572572579   0.8   0   0   1
9.08114906906914   0.8   0   0   1
9.09117241241248   0.8   0   0   1
9.10119575575582   0.8   0   0   1
9.11121909909917   0.8   0   0   1
9.12124244244251   0.8   0   0   1
9.13126578578585   0.8   0   0   1
9.1412891291292   0.8   0   0   1
9.15131247247254   0.8   0   0   1
9.16133581581588   0.8   0   0   1
9.17135915915923   0.8   0   0   1
9.18138250250257   0.8   0   0   1
9.19140584584591   0.8   0   0   1
9.20142918918926   0.8   0   0   1
9.2114525325326   0.8   0   0   1
9.22147587587594   0.8   0   0   1
9.23149921921929   0.8   0   0   1
9.24152256256263   0.8   0   0   1
9.25154590590597   0.8   0   0   1
9.26156924924932   0.8   0   0   1
9.27159259259266   0.8   0   0   1
9.281615935936   0.8   0   0   1
9.29163927927935   0.8   0   0   1
9.30166262262269   0.8   0   0   1
9.31168596596603   0.8   0   0   1
9.32170930930938   0.8   0   0   1
9.33173265265272   0.8   0   0   1
9.34175599599607   0.8   0   0   1
9.35177933933941   0.8   0   0   1
9.36180268268275   0.8   0   0   1
9.3718260260261   0.8   0   0   1
9.38184936936944   0.8   0   0   1
9.39187271271278   0.8   0   0   1
9.40189605605613   0.8   0   0   1
9.41191939939947   0.8   0   0   1
9.42194274274281   0.8   0   0   1
9.43196608608616   0.8   0   0   1
9.4419894294295   0.8   0   0   1
9.45201277277284   0.8   0   0   1
9.46203611611619   0.8   0   0   1
9.47205945945953   0.8   0   0   1
9.48208280280287   0.8   0   0   1
9.49210614614622   0.8   0   0   1
9.50212948948956   0.8   0   0   1
9.5121528328329   0.8   0   0   1
9.52217617617625   0.8   0   0   1
9.53219951951959   0.8   0   0   1
9.54222286286293   0.8   0   0   1
9.55224620620628   0.8   0   0   1
9.56226954954962   0.8   0   0   1
9.57229289289296   0.8   0   0   1
9.58231623623631   0.8   0   0   1
9.59233957957965   0.8   0   0   1
9.60236292292299   0.8   0   0   1
9.61238626626634   0.8   0   0   1
9.62240960960968   0.8   0   0   1
9.63243295295302   0.8   0   0   1
9.64245629629637   0.8   0   0   1
9.65247963963971   0.8   0   0   1
9.66250298298305   0.8   0   0   1
9.6725263263264   0.8   0   0   1
9.68254966966974   0.8   0   0   1
9.69257301301309   0.8   0   0   1
9.70259635635643   0.8   0   0   1
9.71261969969977   0.8   0   0   1
9.72264304304312   0.8   0   0   1
9.73266638638646   0.8   0   0   1
9.7426897297298   0.8   0   0   1
9.75271307307315   0.8   0   0   1
9.76273641641649   0.8   0   0   1
9.77275975975983   0.8   0   0   1
9.78278310310318   0.8   0   0   1
9.79280644644652   0.8   0   0   1
9.80282978978986   0.8   0   0   1
9.81285313313321   0.8   0   0   1
9.82287647647655   0.8   0   0   1
9.83289981981989   0.8   0   0   1
9.84292316316324   0.8   0   0   1
9.85294650650658   0.8   0   0   1
9.86296984984992   0.8   0   0   1
9.87299319319327   0.8   0   0   1
9.88301653653661   0.8   0   0   1
9.89303987987995   0.8   0   0   1
9.9030632232233   0.8   0   0   1
9.91308656656664   0.8   0   0   1
9.92310990990998   0.8   0   0   1
9.93313325325333   0.8   0   0   1
9.94315659659667   0.8   0   0   1
9.95317993994001   0.8   0   0   1
9.96320328328336   0.8   0   0   1
9.9732266266267   0.8   0   0   1
9.98324996997004   0.8   0   0   1
9.99327331331339   0.8   0   0   1
10.0032966566567   0.8   0   0   1
10.0133200000001   0.8   0   0   1
