variables = x,rho,u,v,p
0   3.8571   2.6293   0   10.3333
0.0100233433433433   3.8571   2.6293   0   10.3333
0.0200466866866867   3.8571   2.6293   0   10.3333
0.03007003003003   3.8571   2.6293   0   10.3333
0.0400933733733734   3.8571   2.6293   0   10.3333
0.0501167167167167   3.8571   2.6293   0   10.3333
0.0601400600600601   3.8571   2.6293   0   10.3333
0.0701634034034034   3.8571   2.6293   0   10.3333
0.0801867467467468   3.8571   2.6293   0   10.3333
0.0902100900900901   3.8571   2.6293   0   10.3333
0.100233433433433   3.8571   2.6293   0   10.3333
0.110256776776777   3.8571   2.6293   0   10.3333
0.12028012012012   3.8571   2.6293   0   10.3333
0.130303463463463   3.8571   2.6293   0   10.3333
0.140326806806807   3.8571   2.6293   0   10.3333
0.15035015015015   3.8571   2.6293   0   10.3333
0.160373493493494   3.8571   2.6293   0   10.3333
0.170396836836837   3.8571   2.6293   0   10.3333
0.18042018018018   3.8571   2.6293   0   10.3333
0.190443523523524   3.8571   2.6293   0   10.3333
0.200466866866867   3.8571   2.6293   0   10.3333
0.21049021021021   3.8571   2.6293   0   10.3333
0.220513553553554   3.8571   2.6293   0   10.3333
0.230536896896897   3.8571   2.6293   0   10.3333
0.24056024024024   3.8571   2.6293   0   10.3333
0.250583583583584   3.8571   2.6293   0   10.3333
0.260606926926927   3.8571   2.6293   0   10.3333
0.27063027027027   3.8571   2.6293   0   10.3333
0.280653613613614   3.8571   2.6293   0   10.3333
0.290676956956957   3.8571   2.6293   0   10.3333
0.3007003003003   3.8571   2.6293   0   10.3333
0.310723643643644   3.8571   2.6293   0   10.3333
0.320746986986987   3.8571   2.6293   0   10.3333
0.330770330330331   3.8571   2.6293   0   10.3333
0.340793673673674   3.8571   2.6293   0   10.3333
0.350817017017017   3.8571   2.6293   0   10.3333
0.360840360360361   3.8571   2.6293   0   10.3333
0.370863703703704   3.8571   2.6293   0   10.3333
0.380887047047047   3.8571   2.6293   0   10.3333
0.390910390390391   3.8571   2.6293   0   10.3333
0.400933733733734   3.8571   2.6293   0   10.3333
0.410957077077078   3.8571   2.6293   0   10.3333
0.420980420420421   3.8571   2.6293   0   10.3333
0.431003763763764   3.8571   2.6293   0   10.3333
0.441027107107108   3.8571   2.6293   0   10.3333
0.451050450450451   3.8571   2.6293   0   10.3333
0.461073793793794   3.8571   2.6293   0   10.3333
0.471097137137138   3.8571   2.6293   0   10.3333
0.481120480480481   3.8571   2.6293   0   10.3333
0.491143823823825   3.8571   2.6293   0   10.3333
0.501167167167168   3.8571   2.6293   0   10.3333
0.511190510510511   3.8571   2.6293   0   10.3333
0.521213853853855   3.8571   2.6293   0   10.3333
0.531237197197198   3.8571   2.6293   0   10.3333
0.541260540540541   3.8571   2.6293   0   10.3333
0.551283883883884   3.8571   2.6293   0   10.3333
0.561307227227228   3.8571   2.6293   0   10.3333
0.571330570570571   3.8571   2.6293   0   10.3333
0.581353913913914   3.85709999999999   2.6293   -3.04652926950433e-16   10.3333
0.591377257257258   3.85709999999998   2.62930000000001   -8.64437915982958e-17   10.3332999999999
0.601400600600601   3.85709999999993   2.62930000000004   -1.35259604306418e-16   10.3332999999997
0.611423943943944   3.85709999999984   2.6293000000001   -2.2926645072692e-17   10.3332999999992
0.621447287287288   3.85709999999961   2.62930000000024   8.75634393835218e-18   10.3332999999982
0.631470630630631   3.85709999999909   2.62930000000056   5.93681289590583e-17   10.3332999999958
0.641493973973974   3.85709999999792   2.62930000000127   7.38119676819086e-17   10.3332999999904
0.651517317317318   3.85709999999531   2.62930000000286   -1.88482697221273e-16   10.3332999999783
0.661540660660661   3.85709999998955   2.62930000000636   -1.79652027011661e-16   10.3332999999519
0.671564004004004   3.85709999997706   2.62930000001391   6.73932589942133e-17   10.3332999998948
0.681587347347348   3.85709999995029   2.62930000003004   2.64842019442207e-16   10.3332999997729
0.691610690690691   3.85709999989372   2.62930000006402   7.24931112015378e-16   10.3332999995162
0.701634034034034   3.85709999977583   2.62930000013458   1.1130375776753e-15   10.3332999989832
0.711657377377378   3.85709999953351   2.6293000002791   1.26603636563582e-15   10.3332999978918
0.721680720720721   3.85709999904233   2.62930000057103   1.10475408093476e-15   10.3332999956878
0.731704064064064   3.85709999806055   2.62930000115251   5.19159068450694e-16   10.3332999912989
0.741727407407408   3.8570999961255   2.62930000229455   -8.38777594136361e-18   10.3332999826809
0.751750750750751   3.85709999236494   2.62930000450614   -1.62789969758188e-16   10.3332999659961
0.761774094094094   3.8570999851594   2.62930000872873   -2.09633452334856e-16   10.3332999341474
0.771797437437437   3.85709997154762   2.62930001667716   -3.90430506870711e-16   10.3332998742115
0.781820780780781   3.85709994619779   2.62930003142708   -2.05402006093317e-16   10.3332997630152
0.791844124124124   3.85709989965798   2.62930005840963   -6.94351537223005e-17   10.3332995596492
0.801867467467467   3.85709981543271   2.62930010706599   -8.14084399667041e-18   10.3332991930179
0.811890810810811   3.8570996651852   2.62930019355063   -4.40581547412399e-16   10.3332985415041
0.821914154154154   3.85709940100598   2.62930034506734   -1.10849487922338e-15   10.3332974003608
0.831937497497497   3.85709894318457   2.6293006066954   -1.43942590428953e-15   10.3332954303934
0.841960840840841   3.85709816123317   2.62930105193179   -1.39543216459556e-15   10.3332920787285
0.851984184184184   3.85709684500822   2.62930179865611   -1.13753598127898e-15   10.333286458867
0.862007527527527   3.85709466163473   2.6293030328244   -1.00250833166913e-15   10.3332771727274
0.872030870870871   3.85709109256672   2.62930504290991   -1.03827616677234e-15   10.3332620520599
0.882054214214214   3.85708534356721   2.62930826889852   -9.70952689813417e-16   10.3332377907139
0.892077557557557   3.85707621878104   2.62931337044596   -9.70581921624147e-16   10.33319943328
0.902100900900901   3.8570619486137   2.62932131949507   -9.95724190849933e-16   10.3331396805021
0.912124244244244   3.85703996013662   2.62933352306236   -7.13096091263469e-16   10.3330479688503
0.922147587587587   3.85700657864443   2.62935198180548   -5.45141306531087e-16   10.3329092824926
0.932170930930931   3.85695665032183   2.62937948910531   -3.27703325006772e-16   10.3327026626447
0.942194274274274   3.85688307931481   2.6294198734492   -3.19362357455884e-16   10.3323993941083
0.952217617617617   3.85677627838284   2.62947828363278   -9.85630758041632e-18   10.3319608736387
0.96224096096096   3.85662354110816   2.6295615115551   4.08651472595659e-16   10.3313362007899
0.972264304304304   3.85640835539834   2.62967834120235   6.35097225418287e-16   10.330459578841
0.982287647647647   3.8561096922847   2.62983990510421   7.52439333248755e-16   10.3292476690436
0.99231099099099   3.85570131970098   2.63006002173827   1.27045116382703e-15   10.3275971010126
1.00233433433433   3.85515120624358   2.63035548002573   1.53134629991696e-15   10.3253823982449
1.01235767767768   3.85442109248373   2.63074623144977   1.71794469436004e-15   10.3224546210025
1.02238102102102   3.85346631449826   2.63125544779565   2.01790820730966e-15   10.3186410486372
1.03240436436436   3.85223596328113   2.63190940428526   1.98521297516124e-15   10.3137462101781
1.04242770770771   3.85067345262692   2.63273715476536   1.84798773537305e-15   10.3075545189876
1.05245105105105   3.84871754620722   2.63376997772039   1.91492888939291e-15   10.2998346730365
1.06247439439439   3.84630386283031   2.63504058845621   1.87897137485794e-15   10.2903458520723
1.07249773773774   3.84336684003124   2.63658213220706   2.26242414113829e-15   10.2788455888254
1.08252108108108   3.83984209449067   2.63842699284332   2.320756102677e-15   10.2650990312601
1.09254442442442   3.83566907854334   2.64060546970621   2.10458637709474e-15   10.2488891674323
1.10256776776777   3.8307939004118   2.64314438847535   2.30892721936653e-15   10.2300274735876
1.11259111111111   3.82517215597752   2.64606571917564   2.47928471931992e-15   10.2083643847956
1.12261445445445   3.81877161424254   2.64938527475805   2.68984791833626e-15   10.1837989830365
1.1326377977978   3.81157460724501   2.65311155758295   2.8210785484432e-15   10.1562873485705
1.14266114114114   3.80357999596997   2.65724481002846   2.96154897422934e-15   10.1258491165143
1.15268448448449   3.79480461294488   2.66177631143536   3.00372679129476e-15   10.0925719056125
1.16270782782783   3.78528411504551   2.66668794899973   2.82726667565258e-15   10.056613421273
1.17273117117117   3.77507321192491   2.67195207712236   2.70330688814962e-15   10.0182011620369
1.18275451451452   3.76424526265306   2.67753166962104   2.44534414935156e-15   9.97762976374934
1.19277785785786   3.75289125333357   2.68338076279676   2.21967344933142e-15   9.93525609091559
1.2028012012012   3.74111818114192   2.68944518440797   2.16851313916697e-15   9.89149222910313
1.21282454454455   3.72904687669102   2.69566356309127   2.17266433443359e-15   9.84679655151058
1.22284788788789   3.71680929969274   2.70196861291063   2.61484311005781e-15   9.80166303812635
1.23287123123123   3.70454534643974   2.70828868629544   2.69145820832331e-15   9.7566090319359
1.24289457457458   3.69239921599048   2.71454958327655   2.7675381782346e-15   9.71216163914338
1.25291791791792   3.68051539900194   2.72067659358311   3.27203864134422e-15   9.66884303314357
1.26294126126126   3.66903438142374   2.72659672958835   3.15125916531804e-15   9.62715501345029
1.27296460460461   3.65808819479112   2.73224108249945   3.28008574016184e-15   9.58756330048713
1.28298794794795   3.64779599229545   2.7375472037726   3.90000138583104e-15   9.55048220268179
1.29301129129129   3.63825987797091   2.74246138297141   4.56866062551997e-15   9.51626044800717
1.30303463463464   3.62956125456629   2.74694066867596   4.95987827527167e-15   9.48516909072797
1.31305797797798   3.6217579714811   2.7509544681354   5.5500580695896e-15   9.45739244265278
1.32308132132132   3.61488253605263   2.75448557098307   5.65077911638015e-15   9.43302289794747
1.33310466466467   3.60894159258803   2.75753047646434   5.77677480242428e-15   9.41206029950776
1.34312800800801   3.60391677480124   2.76009896138057   5.80317186134423e-15   9.39441613881048
1.35315135135135   3.59976690920165   2.76221290069126   5.59548369025984e-15   9.37992242897276
1.3631746946947   3.59643140844012   2.7639044328001   5.11037944256312e-15   9.36834461038296
1.37319803803804   3.59383456823715   2.76521363283741   4.77528520475887e-15   9.3593974226812
1.38322138138138   3.59189039178762   2.76618590665285   4.37924651086196e-15   9.35276238368248
1.39324472472473   3.59050752707199   2.76686933716256   3.90690382123789e-15   9.34810540713219
1.40326806806807   3.58959392016407   2.76731220118682   3.616116630328e-15   9.34509318042395
1.41329141141141   3.58906085478748   2.76756083373801   3.51542280653832e-15   9.3434071836961
1.42331475475476   3.58882614937158   2.76765795760172   3.45824596952788e-15   9.34275460530124
1.4333380980981   3.58881639752299   2.76764153080164   2.98294846765251e-15   9.34287582351821
1.44336144144144   3.58896824645969   2.76754410409312   2.92876600311697e-15   9.34354851208213
1.45338478478479   3.58922879527572   2.7673926329346   3.01370862050044e-15   9.34458873634719
1.46340812812813   3.5895552521521   2.76720865745574   2.6812640800089e-15   9.34584961022988
1.47343147147147   3.58991401471775   2.76700875006296   2.66231354401636e-15   9.34721817763218
1.48345481481482   3.59027933403648   2.76680513101441   2.79267243660299e-15   9.34861118018586
1.49347815815816   3.59063169700081   2.76660636354252   3.08792965173317e-15   9.34997030094261
1.50350150150151   3.59095602268939   2.76641805751235   3.41883510719462e-15   9.35125735938642
1.51352484484485   3.59123972403726   2.76624353025084   3.58671660913884e-15   9.35244980280039
1.52354818818819   3.59147064473942   2.76608439206653   3.81644369672134e-15   9.35353671276398
1.53357153153154   3.59163484924925   2.76594104018025   4.11700064382542e-15   9.35451543661591
1.54359487487488   3.59171422639398   2.76581305736443   4.31010191822352e-15   9.35538886875067
1.55361821821822   3.591683868597   2.76569952037711   4.54017791488184e-15   9.35616334702743
1.56364156156157   3.59150921165849   2.76559922862999   4.41123238678652e-15   9.35684709316192
1.57366490490491   3.59114296539551   2.76551086608471   3.9657657821202e-15   9.3574491085415
1.58368824824825   3.59052193168239   2.76543310986252   3.694272303028e-15   9.35797843352452
1.5937115915916   3.58956388896888   2.76536469817931   2.97733188449966e-15   9.35844368421463
1.60373493493494   3.58816481295557   2.76530446857371   2.32695465112332e-15   9.35885279190698
1.61375827827828   3.58619678978472   2.76525137543234   2.1713873915634e-15   9.35921288379697
1.62378162162163   3.58350704570276   2.76520449384697   1.704019024024e-15   9.35953025698318
1.63380496496497   3.57991854881181   2.76516301505304   1.26416221255583e-15   9.35981040997964
1.64382830830831   3.57523261804636   2.7651262371929   7.66184485139597e-16   9.36005810622781
1.65385165165166   3.5692338893484   2.76509355394708   2.86572403966375e-16   9.36027745227841
1.663874994995   3.56169783352327   2.76506444266758   -2.06714294385855e-16   9.36047197950753
1.67389833833834   3.5524007984882   2.76503845298831   -5.67269389621808e-16   9.36064472270585
1.68392168168169   3.5411322760055   2.76501519643352   -9.16956838330363e-16   9.36079829196465
1.69394502502503   3.5277087962639   2.76499433724537   -6.8249887198314e-16   9.36093493630383
1.70396836836837   3.51198856872291   2.76497558446687   -6.16007373881318e-16   9.36105659873497
1.71399171171172   3.49388575521964   2.76495868521021   -6.3265696603504e-16   9.36116496316477
1.72401505505506   3.47338312118722   2.76494341898755   -4.62271999175715e-16   9.36126149390283
1.7340383983984   3.45054179501524   2.76492959296093   -4.06575794153355e-16   9.36134746867603
1.74406174174175   3.42550699230511   2.76491703796877   -4.33404781164392e-16   9.36142400606153
1.75408508508509   3.3985088308537   2.7649056051965   -4.29397700237437e-17   9.36149208819322
1.76410842842843   3.36985775322781   2.76489516337527   2.6084090501636e-16   9.36155257950653
1.77413177177178   3.33993454758369   2.76488559640944   3.14122168150678e-16   9.36160624218914
1.78415511511512   3.30917546068579   2.76487680135017   3.94990598631797e-16   9.36165374890594
1.79417845845846   3.27805336988194   2.7648686866465   1.96848266554879e-16   9.3616956932714
1.80420180180181   3.24705636507147   2.76486117061588   1.16929897776049e-16   9.36173259844731
1.81422514514515   3.21666534004624   2.76485418008246   7.62318606007192e-17   9.36176492413896
1.82424848848849   3.18733227524145   2.76484764913049   3.97972715552266e-16   9.36179307213219
1.83427183183184   3.15946080303204   2.76484151790866   5.46825682875038e-16   9.36181739032456
1.84429517517518   3.13339039698302   2.76483573139048   5.11188754806198e-16   9.36183817489426
1.85431851851853   3.10938515243088   2.76483023793031   1.82194378552099e-16   9.36185566970489
1.86434186186187   3.08762767600392   2.7648249873244   -4.04424856768349e-16   9.36187006103863
1.87436520520521   3.06821813122044   2.76481992783133   -7.78776562002087e-16   9.36188146385812
1.88438854854856   3.05117804958044   2.76481500111528   -1.17704253566633e-15   9.36188989219732
1.8944118918919   3.03645815620547   2.76481013313055   -1.5758252659113e-15   9.36189519940748
1.90443523523524   3.02394920650846   2.76480521715429   -2.15580409241795e-15   9.36189696083523
1.91445857857859   3.01349469889448   2.7648000817039   -2.6553825991551e-15   9.36189424636019
1.92448192192193   3.0049043138077   2.76479442943756   -2.74242415589322e-15   9.36188518213494
1.93450526526527   2.99796701105805   2.76478772044759   -2.85384224214022e-15   9.36186610899332
1.94452860860862   2.99246286076499   2.7647789491208   -3.18769044914251e-15   9.36182996954188
1.95455195195196   2.98817284116059   2.76476621747313   -3.54885740385756e-15   9.36176322107332
1.9645752952953   2.98488594677527   2.76474591957563   -3.790289696745e-15   9.36163993256006
1.97459863863865   2.98240292715476   2.76471118325129   -3.83391583903853e-15   9.36141050564081
1.98462198198199   2.9805356871737   2.76464889394801   -4.02000798033899e-15   9.36098013732339
1.99464532532533   2.97910060130451   2.76453401300093   -4.5283411198658e-15   9.36016771947739
2.00466866866868   2.97790232116256   2.76431873426954   -4.49555919118525e-15   9.35862745890202
2.01469201201202   2.97670133608927   2.76391179630488   -4.89132427947246e-15   9.35569954640429
2.02471535535536   2.97515217781362   2.76313902476123   -5.22080969271336e-15   9.35012608934824
2.03473869869871   2.97268716613329   2.76166810558927   -5.36738581560302e-15   9.33951223838409
2.04476204204205   2.9682984206327   2.75886525377262   -5.38826836291139e-15   9.31930926298682
2.05478538538539   2.96013114933037   2.75352243074992   -5.75880313366716e-15   9.28091458518706
2.06480872872874   2.94473465221191   2.74333932906046   -5.85389560839e-15   9.20819083738556
2.07483207207208   2.91572285448284   2.72394400090016   -6.18027759176362e-15   9.07133548887383
2.08485541541542   2.86152708414108   2.68705868729653   -6.40056526948172e-15   8.81696219943977
2.09487875875877   2.76215574025331   2.6171396473959   -6.20131463442042e-15   8.35511993622022
2.10490210210211   2.58637533712854   2.4855701081826   -5.85342176365481e-15   7.55286936558331
2.11492544544545   2.29585790294428   2.24238976838715   -5.25427609787214e-15   6.26987084669427
2.1249487887888   1.87303108227175   1.81394403595903   -4.01059459848981e-15   4.50818127637109
2.13497213213214   1.38504029965217   1.15459882476351   -2.25137511030517e-15   2.67159659957823
2.14499547547548   1.00678493756229   0.44969213738031   -7.32811957199281e-16   1.47727605001333
2.15501881881883   0.843142308762296   0.0909424952596869   -3.69752143764295e-17   1.08138646592645
2.16504216216217   0.806218383539257   0.0127975094177394   -5.34539546294914e-20   1.01098846808113
2.17506550550551   0.800808843357062   0.00166228776698423   -9.7734544545038e-24   1.00141714331166
2.18508884884886   0.800103832828177   0.000213384757626575   -1.40333267479584e-28   1.00018173464019
2.1951121921922   0.800013308014227   2.7349005856107e-05   -1.66354430893122e-34   1.00002328947098
2.20513553553555   0.800001705302095   3.50452959051267e-06   -1.66148610478041e-41   1.00000298428599
2.21515887887889   0.800000218511858   4.49059196973499e-07   -1.4444513321049e-49   1.00000038239587
2.22518222222223   0.800000027999088   5.75403718614898e-08   -1.12611120464308e-58   1.0000000489984
2.23520556556558   0.800000003587641   7.3728933604078e-09   -7.95593206354954e-69   1.00000000627837
2.24522890890892   0.800000000459696   9.44711364461022e-10   -4.76271889115648e-80   1.00000000080447
2.25525225225226   0.800000000058901   1.21047093904498e-10   -2.23435434747438e-92   1.00000000010308
2.26527559559561   0.800000000007547   1.5509463598594e-11   -6.93155530960872e-106   1.00000000001321
2.27529893893895   0.800000000000967   1.98683851975299e-12   -1.02885188112612e-120   1.00000000000169
2.28532228228229   0.800000000000124   2.54281361680044e-13   -3.97975515226847e-138   1.00000000000022
2.29534562562564   0.800000000000016   3.23593419083723e-14   -4.21651495306208e-155   1.00000000000003
2.30536896896898   0.800000000000002   3.95300896836331e-15   -2.43861320013598e-173   1
2.31539231231232   0.8   3.87394722029885e-16   -3.17691614132657e-192   1
2.32541565565567   0.8   3.16239957838636e-17   -1.88228185110665e-212   1
2.33543899899901   0.8   0   0   1
2.34546234234235   0.8   0   0   1
2.3554856856857   0.8   0   0   1
2.36550902902904   0.8   0   0   1
2.37553237237238   0.8   0   0   1
2.38555571571573   0.8   0   0   1
2.39557905905907   0.8   0   0   1
2.40560240240241   0.8   0   0   1
2.41562574574576   0.8   0   0   1
2.4256490890891   0.8   0   0   1
2.43567243243244   0.8   0   0   1
2.44569577577579   0.8   0   0   1
2.45571911911913   0.8   0   0   1
2.46574246246247   0.8   0   0   1
2.47576580580582   0.8   0   0   1
2.48578914914916   0.8   0   0   1
2.4958124924925   0.8   0   0   1
2.50583583583585   0.8   0   0   1
2.51585917917919   0.8   0   0   1
2.52588252252253   0.8   0   0   1
2.53590586586588   0.8   0   0   1
2.54592920920922   0.8   0   0   1
2.55595255255257   0.8   0   0   1
2.56597589589591   0.8   0   0   1
2.57599923923925   0.8   0   0   1
2.5860225825826   0.8   0   0   1
2.59604592592594   0.8   0   0   1
2.60606926926928   0.8   0   0   1
2.61609261261263   0.8   0   0   1
2.62611595595597   0.8   0   0   1
2.63613929929931   0.8   0   0   1
2.64616264264266   0.8   0   0   1
2.656185985986   0.8   0   0   1
2.66620932932934   0.8   0   0   1
2.67623267267269   0.8   0   0   1
2.68625601601603   0.8   0   0   1
2.69627935935937   0.8   0   0   1
2.70630270270272   0.8   0   0   1
2.71632604604606   0.8   0   0   1
2.7263493893894   0.8   0   0   1
2.73637273273275   0.8   0   0   1
2.74639607607609   0.8   0   0   1
2.75641941941943   0.8   0   0   1
2.76644276276278   0.8   0   0   1
2.77646610610612   0.8   0   0   1
2.78648944944946   0.8   0   0   1
2.79651279279281   0.8   0   0   1
2.80653613613615   0.8   0   0   1
2.81655947947949   0.8   0   0   1
2.82658282282284   0.8   0   0   1
2.83660616616618   0.8   0   0   1
2.84662950950952   0.8   0   0   1
2.85665285285287   0.8   0   0   1
2.86667619619621   0.8   0   0   1
2.87669953953955   0.8   0   0   1
2.8867228828829   0.8   0   0   1
2.89674622622624   0.8   0   0   1
2.90676956956958   0.8   0   0   1
2.91679291291293   0.8   0   0   1
2.92681625625627   0.8   0   0   1
2.93683959959962   0.8   0   0   1
2.94686294294296   0.8   0   0   1
2.9568862862863   0.8   0   0   1
2.96690962962965   0.8   0   0   1
2.97693297297299   0.8   0   0   1
2.98695631631633   0.8   0   0   1
2.99697965965968   0.8   0   0   1
3.00700300300302   0.8   0   0   1
3.01702634634636   0.8   0   0   1
3.02704968968971   0.8   0   0   1
3.03707303303305   0.8   0   0   1
3.04709637637639   0.8   0   0   1
3.05711971971974   0.8   0   0   1
3.06714306306308   0.8   0   0   1
3.07716640640642   0.8   0   0   1
3.08718974974977   0.8   0   0   1
3.09721309309311   0.8   0   0   1
3.10723643643645   0.8   0   0   1
3.1172597797798   0.8   0   0   1
3.12728312312314   0.8   0   0   1
3.13730646646648   0.8   0   0   1
3.14732980980983   0.8   0   0   1
3.15735315315317   0.8   0   0   1
3.16737649649651   0.8   0   0   1
3.17739983983986   0.8   0   0   1
3.1874231831832   0.8   0   0   1
3.19744652652654   0.8   0   0   1
3.20746986986989   0.8   0   0   1
3.21749321321323   0.8   0   0   1
3.22751655655657   0.8   0   0   1
3.23753989989992   0.8   0   0   1
3.24756324324326   0.8   0   0   1
3.2575865865866   0.8   0   0   1
3.26760992992995   0.8   0   0   1
3.27763327327329   0.8   0   0   1
3.28765661661664   0.8   0   0   1
3.29767995995998   0.8   0   0   1
3.30770330330332   0.8   0   0   1
3.31772664664667   0.8   0   0   1
3.32774998999001   0.8   0   0   1
3.33777333333335   0.8   0   0   1
3.3477966766767   0.8   0   0   1
3.35782002002004   0.8   0   0   1
3.36784336336338   0.8   0   0   1
3.37786670670673   0.8   0   0   1
3.38789005005007   0.8   0   0   1
3.39791339339341   0.8   0   0   1
3.40793673673676   0.8   0   0   1
3.4179600800801   0.8   0   0   1
3.42798342342344   0.8   0   0   1
3.43800676676679   0.8   0   0   1
3.44803011011013   0.8   0   0   1
3.45805345345347   0.8   0   0   1
3.46807679679682   0.8   0   0   1
3.47810014014016   0.8   0   0   1
3.4881234834835   0.8   0   0   1
3.49814682682685   0.8   0   0   1
3.50817017017019   0.8   0   0   1
3.51819351351353   0.8   0   0   1
3.52821685685688   0.8   0   0   1
3.53824020020022   0.8   0   0   1
3.54826354354356   0.8   0   0   1
3.55828688688691   0.8   0   0   1
3.56831023023025   0.8   0   0   1
3.57833357357359   0.8   0   0   1
3.58835691691694   0.8   0   0   1
3.59838026026028   0.8   0   0   1
3.60840360360362   0.8   0   0   1
3.61842694694697   0.8   0   0   1
3.62845029029031   0.8   0   0   1
3.63847363363366   0.8   0   0   1
3.648496976977   0.8   0   0   1
3.65852032032034   0.8   0   0   1
3.66854366366369   0.8   0   0   1
3.67856700700703   0.8   0   0   1
3.68859035035037   0.8   0   0   1
3.69861369369372   0.8   0   0   1
3.70863703703706   0.8   0   0   1
3.7186603803804   0.8   0   0   1
3.72868372372375   0.8   0   0   1
3.73870706706709   0.8   0   0   1
3.74873041041043   0.8   0   0   1
3.75875375375378   0.8   0   0   1
3.76877709709712   0.8   0   0   1
3.77880044044046   0.8   0   0   1
3.78882378378381   0.8   0   0   1
3.79884712712715   0.8   0   0   1
3.80887047047049   0.8   0   0   1
3.81889381381384   0.8   0   0   1
3.82891715715718   0.8   0   0   1
3.83894050050052   0.8   0   0   1
3.84896384384387   0.8   0   0   1
3.85898718718721   0.8   0   0   1
3.86901053053055   0.8   0   0   1
3.8790338738739   0.8   0   0   1
3.88905721721724   0.8   0   0   1
3.89908056056058   0.8   0   0   1
3.90910390390393   0.8   0   0   1
3.91912724724727   0.8   0   0   1
3.92915059059061   0.8   0   0   1
3.93917393393396   0.8   0   0   1
3.9491972772773   0.8   0   0   1
3.95922062062064   0.8   0   0   1
3.96924396396399   0.8   0   0   1
3.97926730730733   0.8   0   0   1
3.98929065065068   0.8   0   0   1
3.99931399399402   0.8   0   0   1
4.00933733733736   0.8   0   0   1
4.01936068068071   0.8   0   0   1
4.02938402402405   0.8   0   0   1
4.03940736736739   0.8   0   0   1
4.04943071071074   0.8   0   0   1
4.05945405405408   0.8   0   0   1
4.06947739739742   0.8   0   0   1
4.07950074074077   0.8   0   0   1
4.08952408408411   0.8   0   0   1
4.09954742742745   0.8   0   0   1
4.1095707707708   0.8   0   0   1
4.11959411411414   0.8   0   0   1
4.12961745745748   0.8   0   0   1
4.13964080080083   0.8   0   0   1
4.14966414414417   0.8   0   0   1
4.15968748748751   0.8   0   0   1
4.16971083083086   0.8   0   0   1
4.1797341741742   0.8   0   0   1
4.18975751751754   0.8   0   0   1
4.19978086086089   0.8   0   0   1
4.20980420420423   0.8   0   0   1
4.21982754754757   0.8   0   0   1
4.22985089089092   0.8   0   0   1
4.23987423423426   0.8   0   0   1
4.2498975775776   0.8   0   0   1
4.25992092092095   0.8   0   0   1
4.26994426426429   0.8   0   0   1
4.27996760760763   0.8   0   0   1
4.28999095095098   0.8   0   0   1
4.30001429429432   0.8   0   0   1
4.31003763763766   0.8   0   0   1
4.32006098098101   0.8   0   0   1
4.33008432432435   0.8   0   0   1
4.3401076676677   0.8   0   0   1
4.35013101101104   0.8   0   0   1
4.36015435435438   0.8   0   0   1
4.37017769769773   0.8   0   0   1
4.38020104104107   0.8   0   0   1
4.39022438438441   0.8   0   0   1
4.40024772772776   0.8   0   0   1
4.4102710710711   0.8   0   0   1
4.42029441441444   0.8   0   0   1
4.43031775775779   0.8   0   0   1
4.44034110110113   0.8   0   0   1
4.45036444444447   0.8   0   0   1
4.46038778778782   0.8   0   0   1
4.47041113113116   0.8   0   0   1
4.4804344744745   0.8   0   0   1
4.49045781781785   0.8   0   0   1
4.50048116116119   0.8   0   0   1
4.51050450450453   0.8   0   0   1
4.52052784784788   0.8   0   0   1
4.53055119119122   0.8   0   0   1
4.54057453453456   0.8   0   0   1
4.55059787787791   0.8   0   0   1
4.56062122122125   0.8   0   0   1
4.57064456456459   0.8   0   0   1
4.58066790790794   0.8   0   0   1
4.59069125125128   0.8   0   0   1
4.60071459459462   0.8   0   0   1
4.61073793793797   0.8   0   0   1
4.62076128128131   0.8   0   0   1
4.63078462462465   0.8   0   0   1
4.640807967968   0.8   0   0   1
4.65083131131134   0.8   0   0   1
4.66085465465468   0.8   0   0   1
4.67087799799803   0.8   0   0   1
4.68090134134137   0.8   0   0   1
4.69092468468472   0.8   0   0   1
4.70094802802806   0.8   0   0   1
4.7109713713714   0.8   0   0   1
4.72099471471475   0.8   0   0   1
4.73101805805809   0.8   0   0   1
4.74104140140143   0.8   0   0   1
4.75106474474478   0.8   0   0   1
4.76108808808812   0.8   0   0   1
4.77111143143146   0.8   0   0   1
4.78113477477481   0.8   0   0   1
4.79115811811815   0.8   0   0   1
4.80118146146149   0.8   0   0   1
4.81120480480484   0.8   0   0   1
4.82122814814818   0.8   0   0   1
4.83125149149152   0.8   0   0   1
4.84127483483487   0.8   0   0   1
4.85129817817821   0.8   0   0   1
4.86132152152155   0.8   0   0   1
4.8713448648649   0.8   0   0   1
4.88136820820824   0.8   0   0   1
4.89139155155158   0.8   0   0   1
4.90141489489493   0.8   0   0   1
4.91143823823827   0.8   0   0   1
4.92146158158161   0.8   0   0   1
4.93148492492496   0.8   0   0   1
4.9415082682683   0.8   0   0   1
4.95153161161164   0.8   0   0   1
4.96155495495499   0.8   0   0   1
4.97157829829833   0.8   0   0   1
4.98160164164167   0.8   0   0   1
4.99162498498502   0.8   0   0   1
5.00164832832836   0.8   0   0   1
5.0116716716717   0.8   0   0   1
5.02169501501505   0.8   0   0   1
5.03171835835839   0.8   0   0   1
5.04174170170173   0.8   0   0   1
5.05176504504508   0.8   0   0   1
5.06178838838842   0.8   0   0   1
5.07181173173177   0.8   0   0   1
5.08183507507511   0.8   0   0   1
5.09185841841845   0.8   0   0   1
5.1018817617618   0.8   0   0   1
5.11190510510514   0.8   0   0   1
5.12192844844848   0.8   0   0   1
5.13195179179183   0.8   0   0   1
5.14197513513517   0.8   0   0   1
5.15199847847851   0.8   0   0   1
5.16202182182186   0.8   0   0   1
5.1720451651652   0.8   0   0   1
5.18206850850854   0.8   0   0   1
5.19209185185189   0.8   0   0   1
5.20211519519523   0.8   0   0   1
5.21213853853857   0.8   0   0   1
5.22216188188192   0.8   0   0   1
5.23218522522526   0.8   0   0   1
5.2422085685686   0.8   0   0   1
5.25223191191195   0.8   0   0   1
5.26225525525529   0.8   0   0   1
5.27227859859863   0.8   0   0   1
5.28230194194198   0.8   0   0   1
5.29232528528532   0.8   0   0   1
5.30234862862866   0.8   0   0   1
5.31237197197201   0.8   0   0   1
5.32239531531535   0.8   0   0   1
5.33241865865869   0.8   0   0   1
5.34244200200204   0.8   0   0   1
5.35246534534538   0.8   0   0   1
5.36248868868872   0.8   0   0   1
5.37251203203207   0.8   0   0   1
5.38253537537541   0.8   0   0   1
5.39255871871875   0.8   0   0   1
5.4025820620621   0.8   0   0   1
5.41260540540544   0.8   0   0   1
5.42262874874879   0.8   0   0   1
5.43265209209213   0.8   0   0   1
5.44267543543547   0.8   0   0   1
5.45269877877882   0.8   0   0   1
5.46272212212216   0.8   0   0   1
5.4727454654655   0.8   0   0   1
5.48276880880885   0.8   0   0   1
5.49279215215219   0.8   0   0   1
5.50281549549553   0.8   0   0   1
5.51283883883888   0.8   0   0   1
5.52286218218222   0.8   0   0   1
5.53288552552556   0.8   0   0   1
5.54290886886891   0.8   0   0   1
5.55293221221225   0.8   0   0   1
5.56295555555559   0.8   0   0   1
5.57297889889894   0.8   0   0   1
5.58300224224228   0.8   0   0   1
5.59302558558562   0.8   0   0   1
5.60304892892897   0.8   0   0   1
5.61307227227231   0.8   0   0   1
5.62309561561565   0.8   0   0   1
5.633118958959   0.8   0   0   1
5.64314230230234   0.8   0   0   1
5.65316564564568   0.8   0   0   1
5.66318898898903   0.8   0   0   1
5.67321233233237   0.8   0   0   1
5.68323567567571   0.8   0   0   1
5.69325901901906   0.8   0   0   1
5.7032823623624   0.8   0   0   1
5.71330570570574   0.8   0   0   1
5.72332904904909   0.8   0   0   1
5.73335239239243   0.8   0   0   1
5.74337573573577   0.8   0   0   1
5.75339907907912   0.8   0   0   1
5.76342242242246   0.8   0   0   1
5.77344576576581   0.8   0   0   1
5.78346910910915   0.8   0   0   1
5.79349245245249   0.8   0   0   1
5.80351579579584   0.8   0   0   1
5.81353913913918   0.8   0   0   1
5.82356248248252   0.8   0   0   1
5.83358582582587   0.8   0   0   1
5.84360916916921   0.8   0   0   1
5.85363251251255   0.8   0   0   1
5.8636558558559   0.8   0   0   1
5.87367919919924   0.8   0   0   1
5.88370254254258   0.8   0   0   1
5.89372588588593   0.8   0   0   1
5.90374922922927   0.8   0   0   1
5.91377257257261   0.8   0   0   1
5.92379591591596   0.8   0   0   1
5.9338192592593   0.8   0   0   1
5.94384260260264   0.8   0   0   1
5.95386594594599   0.8   0   0   1
5.96388928928933   0.8   0   0   1
5.97391263263267   0.8   0   0   1
5.98393597597602   0.8   0   0   1
5.99395931931936   0.8   0   0   1
6.0039826626627   0.8   0   0   1
6.01400600600605   0.8   0   0   1
6.02402934934939   0.8   0   0   1
6.03405269269273   0.8   0   0   1
6.04407603603608   0.8   0   0   1
6.05409937937942   0.8   0   0   1
6.06412272272276   0.8   0   0   1
6.07414606606611   0.8   0   0   1
6.08416940940945   0.8   0   0   1
6.09419275275279   0.8   0   0   1
6.10421609609614   0.8   0   0   1
6.11423943943948   0.8   0   0   1
6.12426278278283   0.8   0   0   1
6.13428612612617   0.8   0   0   1
6.14430946946951   0.8   0   0   1
6.15433281281286   0.8   0   0   1
6.1643561561562   0.8   0   0   1
6.17437949949954   0.8   0   0   1
6.18440284284289   0.8   0   0   1
6.19442618618623   0.8   0   0   1
6.20444952952957   0.8   0   0   1
6.21447287287292   0.8   0   0   1
6.22449621621626   0.8   0   0   1
6.2345195595596   0.8   0   0   1
6.24454290290295   0.8   0   0   1
6.25456624624629   0.8   0   0   1
6.26458958958963   0.8   0   0   1
6.27461293293298   0.8   0   0   1
6.28463627627632   0.8   0   0   1
6.29465961961966   0.8   0   0   1
6.30468296296301   0.8   0   0   1
6.31470630630635   0.8   0   0   1
6.32472964964969   0.8   0   0   1
6.33475299299304   0.8   0   0   1
6.34477633633638   0.8   0   0   1
6.35479967967972   0.8   0   0   1
6.36482302302307   0.8   0   0   1
6.37484636636641   0.8   0   0   1
6.38486970970975   0.8   0   0   1
6.3948930530531   0.8   0   0   1
6.40491639639644   0.8   0   0   1
6.41493973973978   0.8   0   0   1
6.42496308308313   0.8   0   0   1
6.43498642642647   0.8   0   0   1
6.44500976976981   0.8   0   0   1
6.45503311311316   0.8   0   0   1
6.4650564564565   0.8   0   0   1
6.47507979979985   0.8   0   0   1
6.48510314314319   0.8   0   0   1
6.49512648648653   0.8   0   0   1
6.50514982982988   0.8   0   0   1
6.51517317317322   0.8   0   0   1
6.52519651651656   0.8   0   0   1
6.53521985985991   0.8   0   0   1
6.54524320320325   0.8   0   0   1
6.55526654654659   0.8   0   0   1
6.56528988988994   0.8   0   0   1
6.57531323323328   0.8   0   0   1
6.58533657657662   0.8   0   0   1
6.59535991991997   0.8   0   0   1
6.60538326326331   0.8   0   0   1
6.61540660660665   0.8   0   0   1
6.62542994995   0.8   0   0   1
6.63545329329334   0.8   0   0   1
6.64547663663668   0.8   0   0   1
6.65549997998003   0.8   0   0   1
6.66552332332337   0.8   0   0   1
6.67554666666671   0.8   0   0   1
6.68557001001006   0.8   0   0   1
6.6955933533534   0.8   0   0   1
6.70561669669674   0.8   0   0   1
6.71564004004009   0.8   0   0   1
6.72566338338343   0.8   0   0   1
6.73568672672677   0.8   0   0   1
6.74571007007012   0.8   0   0   1
6.75573341341346   0.8   0   0   1
6.7657567567568   0.8   0   0   1
6.77578010010015   0.8   0   0   1
6.78580344344349   0.8   0   0   1
6.79582678678683   0.8   0   0   1
6.80585013013018   0.8   0   0   1
6.81587347347352   0.8   0   0   1
6.82589681681686   0.8   0   0   1
6.83592016016021   0.8   0   0   1
6.84594350350355   0.8   0   0   1
6.8559668468469   0.8   0   0   1
6.86599019019024   0.8   0   0   1
6.87601353353358   0.8   0   0   1
6.88603687687693   0.8   0   0   1
6.89606022022027   0.8   0   0   1
6.90608356356361   0.8   0   0   1
6.91610690690696   0.8   0   0   1
6.9261302502503   0.8   0   0   1
6.93615359359364   0.8   0   0   1
6.94617693693699   0.8   0   0   1
6.95620028028033   0.8   0   0   1
6.96622362362367   0.8   0   0   1
6.97624696696702   0.8   0   0   1
6.98627031031036   0.8   0   0   1
6.9962936536537   0.8   0   0   1
7.00631699699705   0.8   0   0   1
7.01634034034039   0.8   0   0   1
7.02636368368373   0.8   0   0   1
7.03638702702708   0.8   0   0   1
7.04641037037042   0.8   0   0   1
7.05643371371376   0.8   0   0   1
7.06645705705711   0.8   0   0   1
7.07648040040045   0.8   0   0   1
7.08650374374379   0.8   0   0   1
7.09652708708714   0.8   0   0   1
7.10655043043048   0.8   0   0   1
7.11657377377382   0.8   0   0   1
7.12659711711717   0.8   0   0   1
7.13662046046051   0.8   0   0   1
7.14664380380385   0.8   0   0   1
7.1566671471472   0.8   0   0   1
7.16669049049054   0.8   0   0   1
7.17671383383388   0.8   0   0   1
7.18673717717723   0.8   0   0   1
7.19676052052057   0.8   0   0   1
7.20678386386392   0.8   0   0   1
7.21680720720726   0.8   0   0   1
7.2268305505506   0.8   0   0   1
7.23685389389395   0.8   0   0   1
7.24687723723729   0.8   0   0   1
7.25690058058063   0.8   0   0   1
7.26692392392398   0.8   0   0   1
7.27694726726732   0.8   0   0   1
7.28697061061066   0.8   0   0   1
7.29699395395401   0.8   0   0   1
7.30701729729735   0.8   0   0   1
7.31704064064069   0.8   0   0   1
7.32706398398404   0.8   0   0   1
7.33708732732738   0.8   0   0   1
7.34711067067072   0.8   0   0   1
7.35713401401407   0.8   0   0   1
7.36715735735741   0.8   0   0   1
7.37718070070075   0.8   0   0   1
7.3872040440441   0.8   0   0   1
7.39722738738744   0.8   0   0   1
7.40725073073078   0.8   0   0   1
7.41727407407413   0.8   0   0   1
7.42729741741747   0.8   0   0   1
7.43732076076081   0.8   0   0   1
7.44734410410416   0.8   0   0   1
7.4573674474475   0.8   0   0   1
7.46739079079084   0.8   0   0   1
7.47741413413419   0.8   0   0   1
7.48743747747753   0.8   0   0   1
7.49746082082087   0.8   0   0   1
7.50748416416422   0.8   0   0   1
7.51750750750756   0.8   0   0   1
7.5275308508509   0.8   0   0   1
7.53755419419425   0.8   0   0   1
7.54757753753759   0.8   0   0   1
7.55760088088094   0.8   0   0   1
7.56762422422428   0.8   0   0   1
7.57764756756762   0.8   0   0   1
7.58767091091097   0.8   0   0   1
7.59769425425431   0.8   0   0   1
7.60771759759765   0.8   0   0   1
7.617740940941   0.8   0   0   1
7.62776428428434   0.8   0   0   1
7.63778762762768   0.8   0   0   1
7.64781097097103   0.8   0   0   1
7.65783431431437   0.8   0   0   1
7.66785765765771   0.8   0   0   1
7.67788100100106   0.8   0   0   1
7.6879043443444   0.8   0   0   1
7.69792768768774   0.8   0   0   1
7.70795103103109   0.8   0   0   1
7.71797437437443   0.8   0   0   1
7.72799771771777   0.8   0   0   1
7.73802106106112   0.8   0   0   1
7.74804440440446   0.8   0   0   1
7.7580677477478   0.8   0   0   1
7.76809109109115   0.8   0   0   1
7.77811443443449   0.8   0   0   1
7.78813777777783   0.8   0   0   1
7.79816112112118   0.8   0   0   1
7.80818446446452   0.8   0   0   1
7.81820780780786   0.8   0   0   1
7.82823115115121   0.8   0   0   1
7.83825449449455   0.8   0   0   1
7.84827783783789   0.8   0   0   1
7.85830118118124   0.8   0   0   1
7.86832452452458   0.8   0   0   1
7.87834786786792   0.8   0   0   1
7.88837121121127   0.8   0   0   1
7.89839455455461   0.8   0   0   1
7.90841789789796   0.8   0   0   1
7.9184412412413   0.8   0   0   1
7.92846458458464   0.8   0   0   1
7.93848792792799   0.8   0   0   1
7.94851127127133   0.8   0   0   1
7.95853461461467   0.8   0   0   1
7.96855795795802   0.8   0   0   1
7.97858130130136   0.8   0   0   1
7.9886046446447   0.8   0   0   1
7.99862798798805   0.8   0   0   1
8.00865133133139   0.8   0   0   1
8.01867467467473   0.8   0   0   1
8.02869801801808   0.8   0   0   1
8.03872136136142   0.8   0   0   1
8.04874470470476   0.8   0   0   1
8.05876804804811   0.8   0   0   1
8.06879139139145   0.8   0   0   1
8.07881473473479   0.8   0   0   1
8.08883807807814   0.8   0   0   1
8.09886142142148   0.8   0   0   1
8.10888476476482   0.8   0   0   1
8.11890810810817   0.8   0   0   1
8.12893145145151   0.8   0   0   1
8.13895479479485   0.8   0   0   1
8.1489781381382   0.8   0   0   1
8.15900148148154   0.8   0   0   1
8.16902482482488   0.8   0   0   1
8.17904816816823   0.8   0   0   1
8.18907151151157   0.8   0   0   1
8.19909485485491   0.8   0   0   1
8.20911819819826   0.8   0   0   1
8.2191415415416   0.8   0   0   1
8.22916488488494   0.8   0   0   1
8.23918822822829   0.8   0   0   1
8.24921157157163   0.8   0   0   1
8.25923491491498   0.8   0   0   1
8.26925825825832   0.8   0   0   1
8.27928160160166   0.8   0   0   1
8.28930494494501   0.8   0   0   1
8.29932828828835   0.8   0   0   1
8.30935163163169   0.8   0   0   1
8.31937497497504   0.8   0   0   1
8.32939831831838   0.8   0   0   1
8.33942166166172   0.8   0   0   1
8.34944500500507   0.8   0   0   1
8.35946834834841   0.8   0   0   1
8.36949169169175   0.8   0   0   1
8.3795150350351   0.8   0   0   1
8.38953837837844   0.8   0   0   1
8.39956172172178   0.8   0   0   1
8.40958506506513   0.8   0   0   1
8.41960840840847   0.8   0   0   1
8.42963175175181   0.8   0   0   1
8.43965509509516   0.8   0   0   1
8.4496784384385   0.8   0   0   1
8.45970178178184   0.8   0   0   1
8.46972512512519   0.8   0   0   1
8.47974846846853   0.8   0   0   1
8.48977181181187   0.8   0   0   1
8.49979515515522   0.8   0   0   1
8.50981849849856   0.8   0   0   1
8.5198418418419   0.8   0   0   1
8.52986518518525   0.8   0   0   1
8.53988852852859   0.8   0   0   1
8.54991187187193   0.8   0   0   1
8.55993521521528   0.8   0   0   1
8.56995855855862   0.8   0   0   1
8.57998190190196   0.8   0   0   1
8.59000524524531   0.8   0   0   1
8.60002858858865   0.8   0   0   1
8.610051931932   0.8   0   0   1
8.62007527527534   0.8   0   0   1
8.63009861861868   0.8   0   0   1
8.64012196196203   0.8   0   0   1
8.65014530530537   0.8   0   0   1
8.66016864864871   0.8   0   0   1
8.67019199199206   0.8   0   0   1
8.6802153353354   0.8   0   0   1
8.69023867867874   0.8   0   0   1
8.70026202202209   0.8   0   0   1
8.71028536536543   0.8   0   0   1
8.72030870870877   0.8   0   0   1
8.73033205205212   0.8   0   0   1
8.74035539539546   0.8   0   0   1
8.7503787387388   0.8   0   0   1
8.76040208208215   0.8   0   0   1
8.77042542542549   0.8   0   0   1
8.78044876876883   0.8   0   0   1
8.79047211211218   0.8   0   0   1
8.80049545545552   0.8   0   0   1
8.81051879879886   0.8   0   0   1
8.82054214214221   0.8   0   0   1
8.83056548548555   0.8   0   0   1
8.84058882882889   0.8   0   0   1
8.85061217217224   0.8   0   0   1
8.86063551551558   0.8   0   0   1
8.87065885885892   0.8   0   0   1
8.88068220220227   0.8   0   0   1
8.89070554554561   0.8   0   0   1
8.90072888888895   0.8   0   0   1
8.9107522322323   0.8   0   0   1
8.92077557557564   0.8   0   0   1
8.93079891891898   0.8   0   0   1
8.94082226226233   0.8   0   0   1
8.95084560560567   0.8   0   0   1
8.96086894894901   0.8   0   0   1
8.97089229229236   0.8   0   0   1
8.9809156356357   0.8   0   0   1
8.99093897897905   0.8   0   0   1
9.00096232232239   0.8   0   0   1
9.01098566566573   0.8   0   0   1
9.02100900900908   0.8   0   0   1
9.03103235235242   0.8   0   0   1
9.04105569569576   0.8   0   0   1
9.05107903903911   0.8   0   0   1
9.06110238238245   0.8   0   0   1
9.07112572572579   0.8   0   0   1
9.08114906906914   0.8   0   0   1
9.09117241241248   0.8   0   0   1
9.10119575575582   0.8   0   0   1
9.11121909909917   0.8   0   0   1
9.12124244244251   0.8   0   0   1
9.13126578578585   0.8   0   0   1
9.1412891291292   0.8   0   0   1
9.15131247247254   0.8   0   0   1
9.16133581581588   0.8   0   0   1
9.17135915915923   0.8   0   0   1
9.18138250250257   0.8   0   0   1
9.19140584584591   0.8   0   0   1
9.20142918918926   0.8   0   0   1
9.2114525325326   0.8   0   0   1
9.22147587587594   0.8   0   0   1
9.23149921921929   0.8   0   0   1
9.24152256256263   0.8   0   0   1
9.25154590590597   0.8   0   0   1
9.26156924924932   0.8   0   0   1
9.27159259259266   0.8   0   0   1
9.281615935936   0.8   0   0   1
9.29163927927935   0.8   0   0   1
9.30166262262269   0.8   0   0   1
9.31168596596603   0.8   0   0   1
9.32170930930938   0.8   0   0   1
9.33173265265272   0.8   0   0   1
9.34175599599607   0.8   0   0   1
9.35177933933941   0.8   0   0   1
9.36180268268275   0.8   0   0   1
9.3718260260261   0.8   0   0   1
9.38184936936944   0.8   0   0   1
9.39187271271278   0.8   0   0   1
9.40189605605613   0.8   0   0   1
9.41191939939947   0.8   0   0   1
9.42194274274281   0.8   0   0   1
9.43196608608616   0.8   0   0   1
9.4419894294295   0.8   0   0   1
9.45201277277284   0.8   0   0   1
9.46203611611619   0.8   0   0   1
9.47205945945953   0.8   0   0   1
9.48208280280287   0.8   0   0   1
9.49210614614622   0.8   0   0   1
9.50212948948956   0.8   0   0   1
9.5121528328329   0.8   0   0   1
9.52217617617625   0.8   0   0   1
9.53219951951959   0.8   0   0   1
9.54222286286293   0.8   0   0   1
9.55224620620628   0.8   0   0   1
9.56226954954962   0.8   0   0   1
9.57229289289296   0.8   0   0   1
9.58231623623631   0.8   0   0   1
9.59233957957965   0.8   0   0   1
9.60236292292299   0.8   0   0   1
9.61238626626634   0.8   0   0   1
9.62240960960968   0.8   0   0   1
9.63243295295302   0.8   0   0   1
9.64245629629637   0.8   0   0   1
9.65247963963971   0.8   0   0   1
9.66250298298305   0.8   0   0   1
9.6725263263264   0.8   0   0   1
9.68254966966974   0.8   0   0   1
9.69257301301309   0.8   0   0   1
9.70259635635643   0.8   0   0   1
9.71261969969977   0.8   0   0   1
9.72264304304312   0.8   0   0   1
9.73266638638646   0.8   0   0   1
9.7426897297298   0.8   0   0   1
9.75271307307315   0.8   0   0   1
9.76273641641649   0.8   0   0   1
9.77275975975983   0.8   0   0   1
9.78278310310318   0.8   0   0   1
9.79280644644652   0.8   0   0   1
9.80282978978986   0.8   0   0   1
9.81285313313321   0.8   0   0   1
9.82287647647655   0.8   0   0   1
9.83289981981989   0.8   0   0   1
9.84292316316324   0.8   0   0   1
9.85294650650658   0.8   0   0   1
9.86296984984992   0.8   0   0   1
9.87299319319327   0.8   0   0   1
9.88301653653661   0.8   0   0   1
9.89303987987995   0.8   0   0   1
9.9030632232233   0.8   0   0   1
9.91308656656664   0.8   0   0   1
9.92310990990998   0.8   0   0   1
9.93313325325333   0.8   0   0   1
9.94315659659667   0.8   0   0   1
9.95317993994001   0.8   0   0   1
9.96320328328336   0.8   0   0   1
9.9732266266267   0.8   0   0   1
9.98324996997004   0.8   0   0   1
9.99327331331339   0.8   0   0   1
10.0032966566567   0.8   0   0   1
10.0133200000001   0.8   0   0   1
