variables = x,rho,u,v,p
0   3.8571   2.6293   0   10.3333
0.0100233433433433   3.8571   2.6293   0   10.3333
0.0200466866866867   3.8571   2.6293   0   10.3333
0.03007003003003   3.8571   2.6293   0   10.3333
0.0400933733733734   3.8571   2.6293   0   10.3333
0.0501167167167167   3.8571   2.6293   0   10.3333
0.0601400600600601   3.8571   2.6293   0   10.3333
0.0701634034034034   3.8571   2.6293   0   10.3333
0.0801867467467468   3.8571   2.6293   0   10.3333
0.0902100900900901   3.8571   2.6293   0   10.3333
0.100233433433433   3.8571   2.6293   0   10.3333
0.110256776776777   3.8571   2.6293   0   10.3333
0.12028012012012   3.8571   2.6293   0   10.3333
0.130303463463463   3.8571   2.6293   0   10.3333
0.140326806806807   3.8571   2.6293   0   10.3333
0.15035015015015   3.8571   2.6293   0   10.3333
0.160373493493494   3.8571   2.6293   0   10.3333
0.170396836836837   3.8571   2.6293   0   10.3333
0.18042018018018   3.8571   2.6293   0   10.3333
0.190443523523524   3.8571   2.6293   0   10.3333
0.200466866866867   3.8571   2.6293   0   10.3333
0.21049021021021   3.8571   2.6293   0   10.3333
0.220513553553554   3.8571   2.6293   0   10.3333
0.230536896896897   3.8571   2.6293   0   10.3333
0.24056024024024   3.8571   2.6293   0   10.3333
0.250583583583584   3.8571   2.6293   0   10.3333
0.260606926926927   3.8571   2.6293   0   10.3333
0.27063027027027   3.8571   2.6293   0   10.3333
0.280653613613614   3.8571   2.6293   0   10.3333
0.290676956956957   3.8571   2.6293   0   10.3333
0.3007003003003   3.8571   2.6293   0   10.3333
0.310723643643644   3.8571   2.6293   0   10.3333
0.320746986986987   3.8571   2.6293   0   10.3333
0.330770330330331   3.8571   2.6293   0   10.3333
0.340793673673674   3.8571   2.6293   0   10.3333
0.350817017017017   3.8571   2.6293   0   10.3333
0.360840360360361   3.8571   2.6293   0   10.3333
0.370863703703704   3.8571   2.6293   0   10.3333
0.380887047047047   3.8571   2.6293   0   10.3333
0.390910390390391   3.8571   2.6293   0   10.3333
0.400933733733734   3.8571   2.6293   0   10.3333
0.410957077077078   3.8571   2.6293   0   10.3333
0.420980420420421   3.8571   2.6293   0   10.3333
0.431003763763764   3.8571   2.6293   0   10.3333
0.441027107107108   3.8571   2.6293   0   10.3333
0.451050450450451   3.8571   2.6293   0   10.3333
0.461073793793794   3.8571   2.6293   0   10.3333
0.471097137137138   3.8571   2.6293   0   10.3333
0.481120480480481   3.8571   2.6293   0   10.3333
0.491143823823825   3.8571   2.6293   0   10.3333
0.501167167167168   3.8571   2.6293   0   10.3333
0.511190510510511   3.8571   2.6293   0   10.3333
0.521213853853855   3.8571   2.6293   0   10.3333
0.531237197197198   3.8571   2.6293   0   10.3333
0.541260540540541   3.8571   2.6293   -6.11233080329906e-17   10.3333
0.551283883883884   3.85709999999998   2.62930000000001   -3.24774612599545e-17   10.3332999999999
0.561307227227228   3.85709999999994   2.62930000000004   2.71484417828975e-16   10.3332999999997
0.571330570570571   3.85709999999985   2.62930000000009   3.56937002582852e-16   10.3332999999993
0.581353913913914   3.85709999999969   2.62930000000017   5.52810034221039e-16   10.3332999999987
0.591377257257258   3.85709999999941   2.62930000000034   3.46452407439369e-16   10.3332999999974
0.601400600600601   3.85709999999889   2.62930000000064   2.7010442972339e-16   10.3332999999952
0.611423943943944   3.85709999999796   2.62930000000118   2.71214143190881e-16   10.3332999999911
0.621447287287288   3.85709999999628   2.62930000000215   1.87465697422169e-16   10.3332999999838
0.631470630630631   3.8570999999933   2.62930000000387   4.06363846922638e-17   10.3332999999708
0.641493973973974   3.857099999988   2.62930000000692   -2.14055138342374e-17   10.3332999999478
0.651517317317318   3.85709999997867   2.62930000001227   -1.06365057312143e-16   10.3332999999075
0.661540660660661   3.85709999996239   2.62930000002161   -4.85461058984125e-16   10.3332999998372
0.671564004004004   3.85709999993419   2.62930000003774   -7.07981851639167e-16   10.3332999997157
0.681587347347348   3.85709999988567   2.62930000006544   -9.49889435592585e-16   10.3332999995071
0.691610690690691   3.85709999980288   2.62930000011263   -1.13993772298535e-15   10.3332999991519
0.701634034034034   3.85709999966266   2.6293000001924   -1.34372540504529e-15   10.3332999985514
0.711657377377378   3.85709999942697   2.62930000032621   -1.70781595451008e-15   10.3332999975442
0.721680720720721   3.85709999903384   2.629300000549   -1.92738752572492e-15   10.3332999958676
0.731704064064064   3.85709999838308   2.62930000091707   -1.84256279525001e-15   10.333299993098
0.741727407407408   3.85709999731412   2.62930000152054   -1.72980166272885e-15   10.3332999885576
0.751750750750751   3.85709999557161   2.62930000250237   -1.40789637053673e-15   10.3332999811714
0.761774094094094   3.85709999275289   2.62930000408758   -1.10019532272507e-15   10.3332999692476
0.771797437437437   3.85709998822823   2.62930000662733   -1.15072879082645e-15   10.3332999501461
0.781820780780781   3.85709998102093   2.62930001066516   -9.27655359908127e-16   10.3332999197813
0.791844124124124   3.85709996962869   2.62930001703539   -1.0289179384559e-15   10.3332998718828
0.801867467467467   3.85709995176011   2.62930002700793   -1.09054767216555e-15   10.3332997969072
0.811890810810811   3.8570999239494   2.62930004249955   -1.46353324363477e-15   10.3332996804525
0.821914154154154   3.85709988099865   2.62930006637902   -1.76137086986116e-15   10.3332995009664
0.831937497497497   3.85709981517801   2.62930010290357   -1.88638592805522e-15   10.3332992264694
0.841960840840841   3.85709971508997   2.62930015833721   -2.24331316189006e-15   10.3332988099141
0.851984184184184   3.85709956407256   2.62930024181798   -2.586239631127e-15   10.3332981826762
0.862007527527527   3.8570993379767   2.62930036656212   -2.64562409105136e-15   10.3332972455186
0.872030870870871   3.85709900210371   2.62930055151901   -2.40741150737314e-15   10.3332958561746
0.882054214214214   3.85709850702924   2.62930082362228   -2.33724758168531e-15   10.3332938124618
0.892077557557557   3.85709778296835   2.62930122081931   -2.10919940663525e-15   10.3332908295594
0.902100900900901   3.85709673225344   2.62930179610479   -1.71655897672245e-15   10.3332865097612
0.912124244244244   3.85709521940265   2.62930262283193   -1.25900259103883e-15   10.3332803026531
0.922147587587587   3.8570930581533   2.62930380162767   -8.76269299608364e-16   10.3332714532747
0.932170930930931   3.85708999472703   2.62930546929238   -3.70964866781667e-16   10.3332589354157
0.942194274274274   3.85708568648601   2.6293078101177   4.78908258372703e-17   10.3332413668057
0.952217617617617   3.85707967504163   2.62931107010346   5.262396401369e-16   10.3332169026013
0.96224096096096   3.85707135280031   2.62931557458939   9.54620026589639e-16   10.3331831033186
0.972264304304304   3.85705992188905   2.62932174983359   1.5396882255728e-15   10.3331367732441
0.982287647647647   3.85704434441393   2.62933014905633   1.75194871665551e-15   10.333073765458
0.99231099099099   3.85702328308718   2.62934148341725   2.20335982041571e-15   10.3329887499978
1.00233433433433   3.85699503143323   2.62935665829396   2.69327101867657e-15   10.3328749424446
1.01235767767768   3.85695743307198   2.6293768150718   3.1630210249318e-15   10.3327237914147
1.02238102102102   3.85690778999527   2.62940337842971   3.34875561187891e-15   10.332524625145
1.03240436436436   3.85684276031378   2.6294381088099   3.55906411677794e-15   10.3322642596072
1.04242770770771   3.85675824665829   2.62948315938979   3.42576692270751e-15   10.3319265733823
1.05245105105105   3.85664927726509   2.62954113643891   2.98567574556322e-15   10.3314920578359
1.06247439439439   3.85650988273573   2.62961516145472   3.11915622272566e-15   10.3309373548358
1.07249773773774   3.8563329724967   2.62970893295283   3.38571543140779e-15   10.3302347982027
1.08252108108108   3.85611021603502   2.62982678527028   3.37798518823953e-15   10.3293519790208
1.09254442442442   3.85583193497573   2.62997374126555   3.61227114018447e-15   10.3282513585659
1.10256776776777   3.85548701290469   2.63015555541303   4.09898040138898e-15   10.3268899555775
1.11259111111111   3.85506283042608   2.63037874354149   4.59267722059125e-15   10.3252191365221
1.12261445445445   3.85454523317947   2.63065059540491   4.97439611882754e-15   10.3231845380017
1.1326377977978   3.85391854033731   2.63097916643934   5.48791097835419e-15   10.3207261492271
1.14266114114114   3.85316560039536   2.63137324547987   5.85490662740836e-15   10.3177785792785
1.15268448448449   3.85226789982418   2.63184229589549   6.29850897721604e-15   10.314271528627
1.16270782782783   3.85120572838268   2.63239636853223   6.75110786375673e-15   10.3101304771807
1.17273117117117   3.84995840266703   2.63304598599844   7.2688053330757e-15   10.3052775922317
1.18275451451452   3.84850454689267   2.63380199911556   7.53507743963476e-15   10.2996328495807
1.19277785785786   3.84682242713989   2.63467541771179   7.69013183832905e-15   10.2931153504412
1.2028012012012   3.84489033252359   2.63567721925804   7.60054819339438e-15   10.2856448062217
1.21282454454455   3.84268699417736   2.63681814003602   7.52398494137674e-15   10.2771431537305
1.22284788788789   3.84019203076869   2.63810845449608   7.14384563904503e-15   10.2675362554955
1.23287123123123   3.83738640765476   2.63955774913149   6.89645504597506e-15   10.2567556343572
1.24289457457458   3.83425289587125   2.64117469751776   6.68883994886884e-15   10.2447401887209
1.25291791791792   3.83077651698409   2.64296684312129   6.57498432081063e-15   10.2314378350282
1.26294126126126   3.82694496042426   2.64494039608569   6.35363739484647e-15   10.2168070270747
1.27296460460461   3.82274896120323   2.64710004949996   6.06060818868179e-15   10.2008181074482
1.28298794794795   3.81818262774862   2.64944881971005   5.97996302450104e-15   10.1834544540721
1.29301129129129   3.81324371184272   2.65198791413748   5.91337263022725e-15   10.1647133939546
1.30303463463464   3.80793381510489   2.6547166289097   6.01606891012772e-15   10.1446068660173
1.31305797797798   3.80225852894055   2.65763227747457   6.36288101094591e-15   10.1231618245864
1.32308132132132   3.7962275072101   2.66073015034637   6.31913597112737e-15   10.1004203840922
1.33310466466467   3.78985447290088   2.66400350527574   6.31471932714576e-15   10.0764397132069
1.34312800800801   3.78315716170709   2.66744358649458   6.45312423023312e-15   10.0512916926641
1.35315135135135   3.77615720657033   2.67103967127931   6.61097941095107e-15   10.0250623551314
1.3631746946947   3.76887996788758   2.67477914190483   6.74379612355602e-15   9.99785112771546
1.37319803803804   3.76135431427542   2.67864758110609   6.93040702288656e-15   9.96976989807788
1.38322138138138   3.75361235854709   2.68262888939213   7.30895159608616e-15   9.94094192397994
1.39324472472473   3.74568915300037   2.68670542291985   7.20967630543126e-15   9.9115006037102
1.40326806806807   3.73762234733779   2.69085815107543   7.3571942703334e-15   9.88158812170389
1.41329141141141   3.72945181167238   2.69506683336603   7.44694488127096e-15   9.85135398021337
1.42331475475476   3.72121922624342   2.69931021562572   7.03926736134458e-15   9.82095342462802
1.4333380980981   3.71296763881387   2.70356624581756   7.11902288788582e-15   9.7905457674611
1.44336144144144   3.70474099037402   2.70781230980231   7.06057774466113e-15   9.76029261458811
1.45338478478479   3.69658360985329   2.71202548728003   6.95306918274106e-15   9.73035599744908
1.46340812812813   3.68853967914303   2.71618282764325   7.29260513565455e-15   9.70089641695096
1.47343147147147   3.68065267092272   2.72026164467572   7.86205415084676e-15   9.67207080893869
1.48345481481482   3.67296476358498   2.72423982787712   8.4396985462048e-15   9.64403044739903
1.49347815815816   3.66551623993424   2.72809616671673   8.62010511902598e-15   9.61691880986625
1.50350150150151   3.65834487918683   2.73181068237954   8.6788570158645e-15   9.59086943940985
1.51352484484485   3.65148535493984   2.73536495967789   8.45342466100642e-15   9.56600384842159
1.52354818818819   3.64496865493667   2.7387424699171   8.66597148813333e-15   9.5424295202166
1.53357153153154   3.63882154129864   2.74192887382535   8.46088719388646e-15   9.52023807401065
1.54359487487488   3.63306607202393   2.74491229241379   8.59615094200067e-15   9.49950366575568
1.55361821821822   3.62771920557384   2.74768353305639   8.74663812192175e-15   9.48028170020437
1.56364156156157   3.62279250990971   2.75023625837876   8.62120441259014e-15   9.46260792718396
1.57366490490491   3.61829199514505   2.7525670868656   8.45255228744094e-15   9.44649798650871
1.58368824824825   3.6142180849316   2.75467561649055   9.03120553380445e-15   9.43194745093925
1.5937115915916   3.6105657359021   2.7565643660658   9.32779146036739e-15   9.418932395528
1.60373493493494   3.60732470727131   2.75823863319947   9.85918277417116e-15   9.40741049579046
1.61375827827828   3.60447997458875   2.75970627240801   9.96025498480168e-15   9.39732262838117
1.62378162162163   3.60201227334491   2.76097740164304   9.99421470344995e-15   9.38859491885553
1.63380496496497   3.59989875044289   2.76206404979922   9.94329194429462e-15   9.38114115445327
1.64382830830831   3.59811369522259   2.76297976124052   9.74488417664146e-15   9.37486545832206
1.65385165165166   3.59662931739964   2.76373917566777   9.66702214067358e-15   9.36966510739696
1.663874994995   3.59541653737231   2.76435760253704   9.91789076707309e-15   9.36543337064833
1.67389833833834   3.59444575499889   2.76485060867674   9.97115840635523e-15   9.3620622480007
1.68392168168169   3.59368756600843   2.76523363585363   9.96037182859388e-15   9.35944500228107
1.69394502502503   3.59311340027975   2.7655216620596   1.00703541269793e-14   9.35747839555293
1.70396836836837   3.5926960627175   2.7657289165829   1.01561407422854e-14   9.35606456497103
1.71399171171172   3.59241016468488   2.76586865488316   1.02566035192975e-14   9.35511249937393
1.72401505505506   3.59223244122995   2.76595299529425   1.02855455355277e-14   9.3545391037624
1.7340383983984   3.59214195605722   2.76599281596005   1.04337279975056e-14   9.35426986245473
1.74406174174175   3.59212020187631   2.76599770740952   1.02736581916014e-14   9.35423913144251
1.75408508508509   3.59215110810503   2.76597597394266   1.04543633288592e-14   9.35439010529794
1.76410842842843   3.59222097078948   2.76593467557588   1.09743250192345e-14   9.35467451353428
1.77413177177178   3.59231832105966   2.76587970164674   1.12845649494193e-14   9.35505210577574
1.78415511511512   3.59243374861725   2.76581586720603   1.15502704876044e-14   9.35548998505285
1.79417845845846   3.59255969588763   2.765747023893   1.18777564271253e-14   9.35596184488056
1.80420180180181   3.59269023683303   2.76567617794238   1.1883767581918e-14   9.35644715949742
1.81422514514515   3.59282085229808   2.76560560916012   1.18396229786224e-14   9.35693036874554
1.82424848848849   3.59294821139591   2.76553698599297   1.18622844236842e-14   9.35740009045738
1.83427183183184   3.59306996605888   2.76547147309353   1.21063853082495e-14   9.35784838463392
1.84429517517518   3.59318456363614   2.76540982896699   1.18570829946873e-14   9.35827008571824
1.85431851851853   3.59329108043422   2.76535249232044   1.12885381664225e-14   9.35866221226575
1.86434186186187   3.59338907743174   2.76529965659413   1.10413329581032e-14   9.35902345749978
1.87436520520521   3.59347847808016   2.76525133282424   1.09005680417119e-14   9.35935375968648
1.88438854854856   3.59355946712292   2.76520740147787   1.05467279322263e-14   9.35965394792657
1.8944118918919   3.59363240869512   2.76516765422868   1.00551057715583e-14   9.35992545672793
1.90443523523524   3.59369778156411   2.76513182683175   9.75885157149854e-15   9.36017010143135
1.91445857857859   3.59375612918601   2.76509962433372   9.37798729163815e-15   9.36038990603293
1.92448192192193   3.59380802223565   2.76507073984695   9.01284747111652e-15   9.3605869749977
1.93450526526527   3.59385403136763   2.76504486804883   8.77341026622071e-15   9.36076340112426
1.94452860860862   3.5938947081429   2.76502171446025   8.41612240663219e-15   9.36092120225219
1.95455195195196   3.59393057227049   2.76500100142869   8.28235788049602e-15   9.36106228048299
1.9645752952953   3.5939621035396   2.76498247160565   8.20067095915947e-15   9.36118839851729
1.97459863863865   3.59398973702826   2.76496588957349   7.97730404411438e-15   9.36130116862734
1.98462198198199   3.59401386035343   2.7649510421526   8.00136968191604e-15   9.36140205063854
1.99464532532533   3.5940348118608   2.76493773780748   8.01031331352662e-15   9.36149235605758
2.00466866866868   3.59405287872791   2.76492580547424   8.23113978724741e-15   9.36157325614509
2.01469201201202   3.59406829396536   2.76491509305073   8.23015357252354e-15   9.36164579228453
2.02471535535536   3.59408123123923   2.76490546572456   8.28131055943269e-15   9.36171088745041
2.03473869869871   3.59409179629919   2.76489680426198   8.18185424355153e-15   9.36176935793774
2.04476204204205   3.59410001357648   2.76488900333963   7.50234567541302e-15   9.36182192479205
2.05478538538539   3.5941058062137   2.76488196997078   6.91583508055199e-15   9.36186922458878
2.06480872872874   3.59410896740532   2.76487562205511   6.37187304981567e-15   9.36191181936389
2.07483207207208   3.59410912047301   2.76486988706544   5.79021144587204e-15   9.36195020560604
2.08485541541542   3.59410566458825   2.76486470087347   5.47369932083896e-15   9.36198482229491
2.09487875875877   3.59409770251225   2.76486000671017   4.63633930861941e-15   9.36201605801765
2.10490210210211   3.59408394618885   2.76485575425182   3.87716414756904e-15   9.36204425722457
2.11492544544545   3.5940625955531   2.76485189882067   3.45421233421841e-15   9.36206972569995
2.1249487887888   3.59403118557643   2.76484840068824   2.96073673974754e-15   9.36209273532978
2.13497213213214   3.59398639644419   2.76484522446956   2.15863611490184e-15   9.36211352824758
2.14499547547548   3.59392382195454   2.76484233859684   1.89168100930117e-15   9.36213232043561
2.15501881881883   3.59383769184695   2.76483971486252   1.33351805925596e-15   9.36214930485212
2.16504216216217   3.59372054493004   2.76483732802204   9.25427634767858e-16   9.36216465414854
2.17506550550551   3.5935628516858   2.76483515544857   5.74066032819098e-16   9.36217852303269
2.18508884884886   3.59335258756715   2.76483317683203   1.03112020634055e-16   9.36219105032716
2.1951121921922   3.59307476152907   2.76483137391668   -1.61556739316676e-16   9.3622023607654
2.20513553553555   3.59271090843652   2.76482973027153   -4.9641171903123e-16   9.36221256656212
2.21515887887889   3.59223855880636   2.76482823108931   -7.02751321679787e-16   9.36222176878926
2.22518222222223   3.59163070470951   2.76482686300996   -2.89424279449554e-16   9.36223005858435
2.23520556556558   3.59085528633783   2.76482561396526   8.60519078728435e-17   9.36223751821408
2.24522890890892   3.58987472938366   2.76482447304196   4.36944758065604e-16   9.36224422201259
2.25525225225226   3.58864556855419   2.76482343036076   7.42129429543802e-16   9.36225023721101
2.26527559559561   3.58711819674115   2.76482247696928   1.02531907988343e-15   9.3622556246726
2.27529893893895   3.58523678203428   2.7648216047471   1.6458431719192e-15   9.36226043954526
2.28532228228229   3.58293939534702   2.76482080632143   1.81426479493824e-15   9.36226473184214
2.29534562562564   3.5801583893999   2.76482007499217   2.22548576181388e-15   9.36226854695886
2.30536896896898   3.57682106476628   2.76481940466506   2.30402877287116e-15   9.36227192613519
2.31539231231232   3.57285065037146   2.76481878979214   2.42359526270135e-15   9.36227490686735
2.32541565565567   3.56816761420427   2.76481822531856   2.72959971408621e-15   9.36227752327691
2.33543899899901   3.5626913052637   2.76481770663507   3.00849216547218e-15   9.36227980644069
2.34546234234235   3.55634191041584   2.76481722953551   2.90666070065443e-15   9.36228178468603
2.3554856856857   3.54904269066102   2.76481679017875   2.74987052776495e-15   9.36228348385507
2.36550902902904   3.54072244135497   2.76481638505453   2.81176566571843e-15   9.36228492754094
2.37553237237238   3.53131810145128   2.76481601095296   2.66324023054081e-15   9.36228613729879
2.38555571571573   3.52077741923476   2.76481566493689   1.86310109036361e-15   9.36228713283425
2.39557905905907   3.50906156772756   2.76481534431727   1.32892631454823e-15   9.36228793217107
2.40560240240241   3.49614759332698   2.76481504663083   7.38567448598531e-16   9.36228855180051
2.41562574574576   3.48203057742375   2.76481476961992   3.05333946714436e-16   9.36228900681387
2.4256490890891   3.46672539358414   2.76481451121432   3.16474998124561e-17   9.36228931102014
2.43567243243244   3.45026795277126   2.7648142695147   -3.47939697384359e-16   9.36228947705024
2.44569577577579   3.43271584595807   2.76481404277757   -9.83692255486676e-16   9.36228951644935
2.45571911911913   3.4141483167553   2.76481382940155   -1.00307763295544e-15   9.36228943975885
2.46574246246247   3.39466552524551   2.76481362791485   -6.85741118386291e-16   9.36228925658903
2.47576580580582   3.37438709653787   2.76481343696366   -6.76434335657541e-16   9.36228897568397
2.48578914914916   3.35344998174518   2.76481325530162   -3.65439348781479e-16   9.36228860497952
2.4958124924925   3.33200569303515   2.76481308177994   -4.75421432429256e-16   9.36228815165565
2.50583583583585   3.31021700596576   2.76481291533841   -3.73422185654884e-16   9.36228762218393
2.51585917917919   3.2882542494385   2.76481275499696   -2.12934750290427e-16   9.36228702237099
2.52588252252253   3.26629132452729   2.7648125998479   -2.3559601788396e-16   9.36228635739871
2.53590586586588   3.24450160681333   2.76481244904863   1.14875051980815e-16   9.36228563186173
2.54592920920922   3.22305389184634   2.76481230181495   6.72497185308631e-17   9.36228484980261
2.55595255255257   3.20210853971146   2.76481215741477   3.80231665813025e-16   9.36228401474525
2.56597589589591   3.1818139627545   2.76481201516225   6.90666307636386e-16   9.36228312972652
2.57599923923925   3.16230358120943   2.76481187441234   8.32395913688817e-16   9.36228219732654
2.5860225825826   3.14369334615953   2.76481173455571   7.66230391123206e-16   9.36228121969744
2.59604592592594   3.12607989968239   2.76481159501393   4.96412379449233e-16   9.36228019859074
2.60606926926928   3.10953941012806   2.76481145523504   1.0592918136316e-17   9.36227913538316
2.61609261261263   3.09412708826735   2.7648113146893   -7.76277287481388e-16   9.36227803110096
2.62611595595597   3.07987735944052   2.76481117286525   -1.65184270749981e-15   9.36227688644236
2.63613929929931   3.0668046395282   2.76481102926591   -2.89839837472551e-15   9.36227570179801
2.64616264264266   3.0549046399141   2.76481088340521   -4.29849187012094e-15   9.36227447726959
2.656185985986   3.04415610956602   2.76481073480459   -5.686170076007e-15   9.36227321268586
2.66620932932934   3.03452291143798   2.76481058298959   -7.19515702634332e-15   9.36227190761645
2.67623267267269   3.02595632566277   2.76481042748673   -8.47615445803243e-15   9.3622705613831
2.68625601601603   3.01839747312808   2.76481026782028   -9.23150645169989e-15   9.36226917306808
2.69627935935937   3.01177975933838   2.76481010350913   -1.02049065523596e-14   9.36226774151996
2.70630270270272   3.00603124903068   2.76480993406363   -1.15077791732849e-14   9.36226626535621
2.71632604604606   3.00107689574524   2.76480975898234   -1.24229359745362e-14   9.36226474296269
2.7263493893894   2.99684056629422   2.76480957774859   -1.314945948593e-14   9.36226317248927
2.73637273273275   2.99324681668742   2.76480938982672   -1.36308342874688e-14   9.36226155184103
2.74639607607609   2.99022239252468   2.76480919465774   -1.42621144363053e-14   9.362259878663
2.75641941941943   2.98769744226682   2.7648089916539   -1.44907089085211e-14   9.36225815031558
2.76644276276278   2.98560644545802   2.76480878019134   -1.44960154750672e-14   9.36225636383421
2.77646610610612   2.98388886941394   2.76480855959905   -1.41015512159026e-14   9.36225451586161
2.78648944944946   2.98248957684072   2.76480832914118   -1.3597345206348e-14   9.36225260253019
2.79651279279281   2.98135901323502   2.76480808798656   -1.34544936217704e-14   9.36225061925149
2.80653613613615   2.98045320682632   2.76480783515417   -1.33171144443215e-14   9.36224856033082
2.81655947947949   2.97973361548081   2.76480756941297   -1.2456361383477e-14   9.36224641825095
2.82658282282284   2.97916685470419   2.76480728909485   -1.17914592017019e-14   9.36224418232653
2.83660616616618   2.97872433902094   2.76480699174212   -1.12216106394649e-14   9.36224183616083
2.84662950950952   2.97838186593972   2.76480667343974   -1.03957033956621e-14   9.36223935281996
2.85665285285287   2.97811916777846   2.76480632754643   -1.01158275686647e-14   9.3622366856557
2.86667619619621   2.97791945208153   2.76480594227942   -9.64115291369363e-15   9.36223375082971
2.87669953953955   2.9777689463483   2.76480549611277   -9.1481963778192e-15   9.36223039401036
2.8867228828829   2.97765645722839   2.76480494900534   -9.03680104675016e-15   9.36222632687968
2.89674622622624   2.97757294778579   2.76480422567368   -8.98756737371718e-15   9.36222100605419
2.90676956956958   2.97751112783131   2.76480318369097   -9.35408422762783e-15   9.36221340216014
2.91679291291293   2.97746503947838   2.76480155264095   -9.40956320820196e-15   9.36220155937838
2.92681625625627   2.97742959870047   2.76479881805945   -9.24323183579294e-15   9.3621817553127
2.93683959959962   2.97740001551604   2.76479400005753   -9.3143570645882e-15   9.36214689849198
2.94686294294296   2.97737094476366   2.76478523105096   -9.17797903356855e-15   9.36208347172726
2.9568862862863   2.97733508626786   2.76476895028896   -9.09903790432438e-15   9.36196570194762
2.96690962962965   2.97728070042278   2.76473836744473   -9.36474040037436e-15   9.36174444049279
2.97693297297299   2.97718702410324   2.76468053200088   -9.50654278777347e-15   9.36132595702613
2.98695631631633   2.97701565558524   2.76457074339497   -9.69976972396043e-15   9.36053150603953
2.99697965965968   2.97669423353751   2.76436188938547   -9.8460720549659e-15   9.35902026177605
3.00700300300302   2.97608542341757   2.76396411254493   -9.92314471968854e-15   9.35614254033159
3.01702634634636   2.974927959109   2.76320603676357   -1.0107302387093e-14   9.3506606317047
3.02704968968971   2.9727247239136   2.76176085234831   -1.04806658386836e-14   9.34021922699732
3.03707303303305   2.96853109643183   2.75900548850465   -1.06037984992537e-14   9.32034591004422
3.04709637637639   2.96055774106404   2.7537525890462   -1.03874517300766e-14   9.2825830920884
3.05711971971974   2.94543636231136   2.74374149226969   -1.04244803610458e-14   9.21106307925707
3.06714306306308   2.91690291520206   2.72467570371971   -1.02340535776993e-14   9.0764674132253
3.07716640640642   2.86358110412851   2.6884196116547   -9.96430352331127e-15   8.8262208537492
3.08718974974977   2.76576480206044   2.61969196150685   -9.67703743248403e-15   8.37153771427968
3.09721309309311   2.59253916495704   2.49033702989753   -8.88786280079405e-15   7.58052298788171
3.10723643643645   2.30556954305214   2.25108624819708   -7.64961010075755e-15   6.31178267224259
3.1172597797798   1.88601247955688   1.8287132181702   -5.54820134400681e-15   4.56016695773256
3.12728312312314   1.39779846557125   1.17492843209767   -2.87790845458473e-15   2.71615139405268
3.13730646646648   1.01423876972473   0.465570327980024   -6.72079324783336e-16   1.49771326990437
3.14732980980983   0.845318228059831   0.0956566094741661   -7.34920878772774e-17   1.08580820872232
3.15735315315317   0.806571843731339   0.0135268939445637   -2.07329674239806e-19   1.01161993112622
3.16737649649651   0.8008556771725   0.00175853398864179   -2.48846598911503e-23   1.00149930244487
3.17739983983986   0.800109867646042   0.000225785485170579   -4.53253187898572e-29   1.00019229882548
3.1874231831832   0.800014083172476   2.89418350592955e-05   -4.80333744663403e-35   1.00002464605137
3.19744652652654   0.800001804839663   3.70906230468476e-06   -4.49170020602448e-42   1.00000315847761
3.20746986986989   0.800000231294307   4.75324757332286e-07   -3.55643854908202e-50   1.00000040476517
3.21749321321323   0.800000029640791   6.09137398824389e-08   -2.0261271697155e-59   1.00000005187138
3.22751655655657   0.80000000379852   7.80620432192921e-09   -6.49727667133662e-70   1.00000000664741
3.23753989989992   0.800000000486787   1.00037885685604e-09   -3.74788864500903e-82   1.00000000085188
3.24756324324326   0.800000000062383   1.28200176809779e-10   -9.33401684554444e-95   1.00000000010917
3.2575865865866   0.800000000007994   1.64286723488722e-11   -2.19401505914273e-108   1.00000000001399
3.26760992992995   0.800000000001024   2.10484383657039e-12   -5.20483513927122e-123   1.00000000000179
3.27763327327329   0.800000000000131   2.69399207008229e-13   -1.02895693709441e-138   1.00000000000023
3.28765661661664   0.800000000000017   3.42173272153198e-14   -1.6173435590183e-155   1.00000000000003
3.29767995995998   0.800000000000002   4.14180625408868e-15   -1.8850306011398e-173   1
3.30770330330332   0.8   4.11018935109566e-16   -1.36511778526975e-192   1
3.31772664664667   0.8   3.16168391416991e-17   -5.54897223946805e-213   1
3.32774998999001   0.8   0   0   1
3.33777333333335   0.8   0   0   1
3.3477966766767   0.8   0   0   1
3.35782002002004   0.8   0   0   1
3.36784336336338   0.8   0   0   1
3.37786670670673   0.8   0   0   1
3.38789005005007   0.8   0   0   1
3.39791339339341   0.8   0   0   1
3.40793673673676   0.8   0   0   1
3.4179600800801   0.8   0   0   1
3.42798342342344   0.8   0   0   1
3.43800676676679   0.8   0   0   1
3.44803011011013   0.8   0   0   1
3.45805345345347   0.8   0   0   1
3.46807679679682   0.8   0   0   1
3.47810014014016   0.8   0   0   1
3.4881234834835   0.8   0   0   1
3.49814682682685   0.8   0   0   1
3.50817017017019   0.8   0   0   1
3.51819351351353   0.8   0   0   1
3.52821685685688   0.8   0   0   1
3.53824020020022   0.8   0   0   1
3.54826354354356   0.8   0   0   1
3.55828688688691   0.8   0   0   1
3.56831023023025   0.8   0   0   1
3.57833357357359   0.8   0   0   1
3.58835691691694   0.8   0   0   1
3.59838026026028   0.8   0   0   1
3.60840360360362   0.8   0   0   1
3.61842694694697   0.8   0   0   1
3.62845029029031   0.8   0   0   1
3.63847363363366   0.8   0   0   1
3.648496976977   0.8   0   0   1
3.65852032032034   0.8   0   0   1
3.66854366366369   0.8   0   0   1
3.67856700700703   0.8   0   0   1
3.68859035035037   0.8   0   0   1
3.69861369369372   0.8   0   0   1
3.70863703703706   0.8   0   0   1
3.7186603803804   0.8   0   0   1
3.72868372372375   0.8   0   0   1
3.73870706706709   0.8   0   0   1
3.74873041041043   0.8   0   0   1
3.75875375375378   0.8   0   0   1
3.76877709709712   0.8   0   0   1
3.77880044044046   0.8   0   0   1
3.78882378378381   0.8   0   0   1
3.79884712712715   0.8   0   0   1
3.80887047047049   0.8   0   0   1
3.81889381381384   0.8   0   0   1
3.82891715715718   0.8   0   0   1
3.83894050050052   0.8   0   0   1
3.84896384384387   0.8   0   0   1
3.85898718718721   0.8   0   0   1
3.86901053053055   0.8   0   0   1
3.8790338738739   0.8   0   0   1
3.88905721721724   0.8   0   0   1
3.89908056056058   0.8   0   0   1
3.90910390390393   0.8   0   0   1
3.91912724724727   0.8   0   0   1
3.92915059059061   0.8   0   0   1
3.93917393393396   0.8   0   0   1
3.9491972772773   0.8   0   0   1
3.95922062062064   0.8   0   0   1
3.96924396396399   0.8   0   0   1
3.97926730730733   0.8   0   0   1
3.98929065065068   0.8   0   0   1
3.99931399399402   0.8   0   0   1
4.00933733733736   0.8   0   0   1
4.01936068068071   0.8   0   0   1
4.02938402402405   0.8   0   0   1
4.03940736736739   0.8   0   0   1
4.04943071071074   0.8   0   0   1
4.05945405405408   0.8   0   0   1
4.06947739739742   0.8   0   0   1
4.07950074074077   0.8   0   0   1
4.08952408408411   0.8   0   0   1
4.09954742742745   0.8   0   0   1
4.1095707707708   0.8   0   0   1
4.11959411411414   0.8   0   0   1
4.12961745745748   0.8   0   0   1
4.13964080080083   0.8   0   0   1
4.14966414414417   0.8   0   0   1
4.15968748748751   0.8   0   0   1
4.16971083083086   0.8   0   0   1
4.1797341741742   0.8   0   0   1
4.18975751751754   0.8   0   0   1
4.19978086086089   0.8   0   0   1
4.20980420420423   0.8   0   0   1
4.21982754754757   0.8   0   0   1
4.22985089089092   0.8   0   0   1
4.23987423423426   0.8   0   0   1
4.2498975775776   0.8   0   0   1
4.25992092092095   0.8   0   0   1
4.26994426426429   0.8   0   0   1
4.27996760760763   0.8   0   0   1
4.28999095095098   0.8   0   0   1
4.30001429429432   0.8   0   0   1
4.31003763763766   0.8   0   0   1
4.32006098098101   0.8   0   0   1
4.33008432432435   0.8   0   0   1
4.3401076676677   0.8   0   0   1
4.35013101101104   0.8   0   0   1
4.36015435435438   0.8   0   0   1
4.37017769769773   0.8   0   0   1
4.38020104104107   0.8   0   0   1
4.39022438438441   0.8   0   0   1
4.40024772772776   0.8   0   0   1
4.4102710710711   0.8   0   0   1
4.42029441441444   0.8   0   0   1
4.43031775775779   0.8   0   0   1
4.44034110110113   0.8   0   0   1
4.45036444444447   0.8   0   0   1
4.46038778778782   0.8   0   0   1
4.47041113113116   0.8   0   0   1
4.4804344744745   0.8   0   0   1
4.49045781781785   0.8   0   0   1
4.50048116116119   0.8   0   0   1
4.51050450450453   0.8   0   0   1
4.52052784784788   0.8   0   0   1
4.53055119119122   0.8   0   0   1
4.54057453453456   0.8   0   0   1
4.55059787787791   0.8   0   0   1
4.56062122122125   0.8   0   0   1
4.57064456456459   0.8   0   0   1
4.58066790790794   0.8   0   0   1
4.59069125125128   0.8   0   0   1
4.60071459459462   0.8   0   0   1
4.61073793793797   0.8   0   0   1
4.62076128128131   0.8   0   0   1
4.63078462462465   0.8   0   0   1
4.640807967968   0.8   0   0   1
4.65083131131134   0.8   0   0   1
4.66085465465468   0.8   0   0   1
4.67087799799803   0.8   0   0   1
4.68090134134137   0.8   0   0   1
4.69092468468472   0.8   0   0   1
4.70094802802806   0.8   0   0   1
4.7109713713714   0.8   0   0   1
4.72099471471475   0.8   0   0   1
4.73101805805809   0.8   0   0   1
4.74104140140143   0.8   0   0   1
4.75106474474478   0.8   0   0   1
4.76108808808812   0.8   0   0   1
4.77111143143146   0.8   0   0   1
4.78113477477481   0.8   0   0   1
4.79115811811815   0.8   0   0   1
4.80118146146149   0.8   0   0   1
4.81120480480484   0.8   0   0   1
4.82122814814818   0.8   0   0   1
4.83125149149152   0.8   0   0   1
4.84127483483487   0.8   0   0   1
4.85129817817821   0.8   0   0   1
4.86132152152155   0.8   0   0   1
4.8713448648649   0.8   0   0   1
4.88136820820824   0.8   0   0   1
4.89139155155158   0.8   0   0   1
4.90141489489493   0.8   0   0   1
4.91143823823827   0.8   0   0   1
4.92146158158161   0.8   0   0   1
4.93148492492496   0.8   0   0   1
4.9415082682683   0.8   0   0   1
4.95153161161164   0.8   0   0   1
4.96155495495499   0.8   0   0   1
4.97157829829833   0.8   0   0   1
4.98160164164167   0.8   0   0   1
4.99162498498502   0.8   0   0   1
5.00164832832836   0.8   0   0   1
5.0116716716717   0.8   0   0   1
5.02169501501505   0.8   0   0   1
5.03171835835839   0.8   0   0   1
5.04174170170173   0.8   0   0   1
5.05176504504508   0.8   0   0   1
5.06178838838842   0.8   0   0   1
5.07181173173177   0.8   0   0   1
5.08183507507511   0.8   0   0   1
5.09185841841845   0.8   0   0   1
5.1018817617618   0.8   0   0   1
5.11190510510514   0.8   0   0   1
5.12192844844848   0.8   0   0   1
5.13195179179183   0.8   0   0   1
5.14197513513517   0.8   0   0   1
5.15199847847851   0.8   0   0   1
5.16202182182186   0.8   0   0   1
5.1720451651652   0.8   0   0   1
5.18206850850854   0.8   0   0   1
5.19209185185189   0.8   0   0   1
5.20211519519523   0.8   0   0   1
5.21213853853857   0.8   0   0   1
5.22216188188192   0.8   0   0   1
5.23218522522526   0.8   0   0   1
5.2422085685686   0.8   0   0   1
5.25223191191195   0.8   0   0   1
5.26225525525529   0.8   0   0   1
5.27227859859863   0.8   0   0   1
5.28230194194198   0.8   0   0   1
5.29232528528532   0.8   0   0   1
5.30234862862866   0.8   0   0   1
5.31237197197201   0.8   0   0   1
5.32239531531535   0.8   0   0   1
5.33241865865869   0.8   0   0   1
5.34244200200204   0.8   0   0   1
5.35246534534538   0.8   0   0   1
5.36248868868872   0.8   0   0   1
5.37251203203207   0.8   0   0   1
5.38253537537541   0.8   0   0   1
5.39255871871875   0.8   0   0   1
5.4025820620621   0.8   0   0   1
5.41260540540544   0.8   0   0   1
5.42262874874879   0.8   0   0   1
5.43265209209213   0.8   0   0   1
5.44267543543547   0.8   0   0   1
5.45269877877882   0.8   0   0   1
5.46272212212216   0.8   0   0   1
5.4727454654655   0.8   0   0   1
5.48276880880885   0.8   0   0   1
5.49279215215219   0.8   0   0   1
5.50281549549553   0.8   0   0   1
5.51283883883888   0.8   0   0   1
5.52286218218222   0.8   0   0   1
5.53288552552556   0.8   0   0   1
5.54290886886891   0.8   0   0   1
5.55293221221225   0.8   0   0   1
5.56295555555559   0.8   0   0   1
5.57297889889894   0.8   0   0   1
5.58300224224228   0.8   0   0   1
5.59302558558562   0.8   0   0   1
5.60304892892897   0.8   0   0   1
5.61307227227231   0.8   0   0   1
5.62309561561565   0.8   0   0   1
5.633118958959   0.8   0   0   1
5.64314230230234   0.8   0   0   1
5.65316564564568   0.8   0   0   1
5.66318898898903   0.8   0   0   1
5.67321233233237   0.8   0   0   1
5.68323567567571   0.8   0   0   1
5.69325901901906   0.8   0   0   1
5.7032823623624   0.8   0   0   1
5.71330570570574   0.8   0   0   1
5.72332904904909   0.8   0   0   1
5.73335239239243   0.8   0   0   1
5.74337573573577   0.8   0   0   1
5.75339907907912   0.8   0   0   1
5.76342242242246   0.8   0   0   1
5.77344576576581   0.8   0   0   1
5.78346910910915   0.8   0   0   1
5.79349245245249   0.8   0   0   1
5.80351579579584   0.8   0   0   1
5.81353913913918   0.8   0   0   1
5.82356248248252   0.8   0   0   1
5.83358582582587   0.8   0   0   1
5.84360916916921   0.8   0   0   1
5.85363251251255   0.8   0   0   1
5.8636558558559   0.8   0   0   1
5.87367919919924   0.8   0   0   1
5.88370254254258   0.8   0   0   1
5.89372588588593   0.8   0   0   1
5.90374922922927   0.8   0   0   1
5.91377257257261   0.8   0   0   1
5.92379591591596   0.8   0   0   1
5.9338192592593   0.8   0   0   1
5.94384260260264   0.8   0   0   1
5.95386594594599   0.8   0   0   1
5.96388928928933   0.8   0   0   1
5.97391263263267   0.8   0   0   1
5.98393597597602   0.8   0   0   1
5.99395931931936   0.8   0   0   1
6.0039826626627   0.8   0   0   1
6.01400600600605   0.8   0   0   1
6.02402934934939   0.8   0   0   1
6.03405269269273   0.8   0   0   1
6.04407603603608   0.8   0   0   1
6.05409937937942   0.8   0   0   1
6.06412272272276   0.8   0   0   1
6.07414606606611   0.8   0   0   1
6.08416940940945   0.8   0   0   1
6.09419275275279   0.8   0   0   1
6.10421609609614   0.8   0   0   1
6.11423943943948   0.8   0   0   1
6.12426278278283   0.8   0   0   1
6.13428612612617   0.8   0   0   1
6.14430946946951   0.8   0   0   1
6.15433281281286   0.8   0   0   1
6.1643561561562   0.8   0   0   1
6.17437949949954   0.8   0   0   1
6.18440284284289   0.8   0   0   1
6.19442618618623   0.8   0   0   1
6.20444952952957   0.8   0   0   1
6.21447287287292   0.8   0   0   1
6.22449621621626   0.8   0   0   1
6.2345195595596   0.8   0   0   1
6.24454290290295   0.8   0   0   1
6.25456624624629   0.8   0   0   1
6.26458958958963   0.8   0   0   1
6.27461293293298   0.8   0   0   1
6.28463627627632   0.8   0   0   1
6.29465961961966   0.8   0   0   1
6.30468296296301   0.8   0   0   1
6.31470630630635   0.8   0   0   1
6.32472964964969   0.8   0   0   1
6.33475299299304   0.8   0   0   1
6.34477633633638   0.8   0   0   1
6.35479967967972   0.8   0   0   1
6.36482302302307   0.8   0   0   1
6.37484636636641   0.8   0   0   1
6.38486970970975   0.8   0   0   1
6.3948930530531   0.8   0   0   1
6.40491639639644   0.8   0   0   1
6.41493973973978   0.8   0   0   1
6.42496308308313   0.8   0   0   1
6.43498642642647   0.8   0   0   1
6.44500976976981   0.8   0   0   1
6.45503311311316   0.8   0   0   1
6.4650564564565   0.8   0   0   1
6.47507979979985   0.8   0   0   1
6.48510314314319   0.8   0   0   1
6.49512648648653   0.8   0   0   1
6.50514982982988   0.8   0   0   1
6.51517317317322   0.8   0   0   1
6.52519651651656   0.8   0   0   1
6.53521985985991   0.8   0   0   1
6.54524320320325   0.8   0   0   1
6.55526654654659   0.8   0   0   1
6.56528988988994   0.8   0   0   1
6.57531323323328   0.8   0   0   1
6.58533657657662   0.8   0   0   1
6.59535991991997   0.8   0   0   1
6.60538326326331   0.8   0   0   1
6.61540660660665   0.8   0   0   1
6.62542994995   0.8   0   0   1
6.63545329329334   0.8   0   0   1
6.64547663663668   0.8   0   0   1
6.65549997998003   0.8   0   0   1
6.66552332332337   0.8   0   0   1
6.67554666666671   0.8   0   0   1
6.68557001001006   0.8   0   0   1
6.6955933533534   0.8   0   0   1
6.70561669669674   0.8   0   0   1
6.71564004004009   0.8   0   0   1
6.72566338338343   0.8   0   0   1
6.73568672672677   0.8   0   0   1
6.74571007007012   0.8   0   0   1
6.75573341341346   0.8   0   0   1
6.7657567567568   0.8   0   0   1
6.77578010010015   0.8   0   0   1
6.78580344344349   0.8   0   0   1
6.79582678678683   0.8   0   0   1
6.80585013013018   0.8   0   0   1
6.81587347347352   0.8   0   0   1
6.82589681681686   0.8   0   0   1
6.83592016016021   0.8   0   0   1
6.84594350350355   0.8   0   0   1
6.8559668468469   0.8   0   0   1
6.86599019019024   0.8   0   0   1
6.87601353353358   0.8   0   0   1
6.88603687687693   0.8   0   0   1
6.89606022022027   0.8   0   0   1
6.90608356356361   0.8   0   0   1
6.91610690690696   0.8   0   0   1
6.9261302502503   0.8   0   0   1
6.93615359359364   0.8   0   0   1
6.94617693693699   0.8   0   0   1
6.95620028028033   0.8   0   0   1
6.96622362362367   0.8   0   0   1
6.97624696696702   0.8   0   0   1
6.98627031031036   0.8   0   0   1
6.9962936536537   0.8   0   0   1
7.00631699699705   0.8   0   0   1
7.01634034034039   0.8   0   0   1
7.02636368368373   0.8   0   0   1
7.03638702702708   0.8   0   0   1
7.04641037037042   0.8   0   0   1
7.05643371371376   0.8   0   0   1
7.06645705705711   0.8   0   0   1
7.07648040040045   0.8   0   0   1
7.08650374374379   0.8   0   0   1
7.09652708708714   0.8   0   0   1
7.10655043043048   0.8   0   0   1
7.11657377377382   0.8   0   0   1
7.12659711711717   0.8   0   0   1
7.13662046046051   0.8   0   0   1
7.14664380380385   0.8   0   0   1
7.1566671471472   0.8   0   0   1
7.16669049049054   0.8   0   0   1
7.17671383383388   0.8   0   0   1
7.18673717717723   0.8   0   0   1
7.19676052052057   0.8   0   0   1
7.20678386386392   0.8   0   0   1
7.21680720720726   0.8   0   0   1
7.2268305505506   0.8   0   0   1
7.23685389389395   0.8   0   0   1
7.24687723723729   0.8   0   0   1
7.25690058058063   0.8   0   0   1
7.26692392392398   0.8   0   0   1
7.27694726726732   0.8   0   0   1
7.28697061061066   0.8   0   0   1
7.29699395395401   0.8   0   0   1
7.30701729729735   0.8   0   0   1
7.31704064064069   0.8   0   0   1
7.32706398398404   0.8   0   0   1
7.33708732732738   0.8   0   0   1
7.34711067067072   0.8   0   0   1
7.35713401401407   0.8   0   0   1
7.36715735735741   0.8   0   0   1
7.37718070070075   0.8   0   0   1
7.3872040440441   0.8   0   0   1
7.39722738738744   0.8   0   0   1
7.40725073073078   0.8   0   0   1
7.41727407407413   0.8   0   0   1
7.42729741741747   0.8   0   0   1
7.43732076076081   0.8   0   0   1
7.44734410410416   0.8   0   0   1
7.4573674474475   0.8   0   0   1
7.46739079079084   0.8   0   0   1
7.47741413413419   0.8   0   0   1
7.48743747747753   0.8   0   0   1
7.49746082082087   0.8   0   0   1
7.50748416416422   0.8   0   0   1
7.51750750750756   0.8   0   0   1
7.5275308508509   0.8   0   0   1
7.53755419419425   0.8   0   0   1
7.54757753753759   0.8   0   0   1
7.55760088088094   0.8   0   0   1
7.56762422422428   0.8   0   0   1
7.57764756756762   0.8   0   0   1
7.58767091091097   0.8   0   0   1
7.59769425425431   0.8   0   0   1
7.60771759759765   0.8   0   0   1
7.617740940941   0.8   0   0   1
7.62776428428434   0.8   0   0   1
7.63778762762768   0.8   0   0   1
7.64781097097103   0.8   0   0   1
7.65783431431437   0.8   0   0   1
7.66785765765771   0.8   0   0   1
7.67788100100106   0.8   0   0   1
7.6879043443444   0.8   0   0   1
7.69792768768774   0.8   0   0   1
7.70795103103109   0.8   0   0   1
7.71797437437443   0.8   0   0   1
7.72799771771777   0.8   0   0   1
7.73802106106112   0.8   0   0   1
7.74804440440446   0.8   0   0   1
7.7580677477478   0.8   0   0   1
7.76809109109115   0.8   0   0   1
7.77811443443449   0.8   0   0   1
7.78813777777783   0.8   0   0   1
7.79816112112118   0.8   0   0   1
7.80818446446452   0.8   0   0   1
7.81820780780786   0.8   0   0   1
7.82823115115121   0.8   0   0   1
7.83825449449455   0.8   0   0   1
7.84827783783789   0.8   0   0   1
7.85830118118124   0.8   0   0   1
7.86832452452458   0.8   0   0   1
7.87834786786792   0.8   0   0   1
7.88837121121127   0.8   0   0   1
7.89839455455461   0.8   0   0   1
7.90841789789796   0.8   0   0   1
7.9184412412413   0.8   0   0   1
7.92846458458464   0.8   0   0   1
7.93848792792799   0.8   0   0   1
7.94851127127133   0.8   0   0   1
7.95853461461467   0.8   0   0   1
7.96855795795802   0.8   0   0   1
7.97858130130136   0.8   0   0   1
7.9886046446447   0.8   0   0   1
7.99862798798805   0.8   0   0   1
8.00865133133139   0.8   0   0   1
8.01867467467473   0.8   0   0   1
8.02869801801808   0.8   0   0   1
8.03872136136142   0.8   0   0   1
8.04874470470476   0.8   0   0   1
8.05876804804811   0.8   0   0   1
8.06879139139145   0.8   0   0   1
8.07881473473479   0.8   0   0   1
8.08883807807814   0.8   0   0   1
8.09886142142148   0.8   0   0   1
8.10888476476482   0.8   0   0   1
8.11890810810817   0.8   0   0   1
8.12893145145151   0.8   0   0   1
8.13895479479485   0.8   0   0   1
8.1489781381382   0.8   0   0   1
8.15900148148154   0.8   0   0   1
8.16902482482488   0.8   0   0   1
8.17904816816823   0.8   0   0   1
8.18907151151157   0.8   0   0   1
8.19909485485491   0.8   0   0   1
8.20911819819826   0.8   0   0   1
8.2191415415416   0.8   0   0   1
8.22916488488494   0.8   0   0   1
8.23918822822829   0.8   0   0   1
8.24921157157163   0.8   0   0   1
8.25923491491498   0.8   0   0   1
8.26925825825832   0.8   0   0   1
8.27928160160166   0.8   0   0   1
8.28930494494501   0.8   0   0   1
8.29932828828835   0.8   0   0   1
8.30935163163169   0.8   0   0   1
8.31937497497504   0.8   0   0   1
8.32939831831838   0.8   0   0   1
8.33942166166172   0.8   0   0   1
8.34944500500507   0.8   0   0   1
8.35946834834841   0.8   0   0   1
8.36949169169175   0.8   0   0   1
8.3795150350351   0.8   0   0   1
8.38953837837844   0.8   0   0   1
8.39956172172178   0.8   0   0   1
8.40958506506513   0.8   0   0   1
8.41960840840847   0.8   0   0   1
8.42963175175181   0.8   0   0   1
8.43965509509516   0.8   0   0   1
8.4496784384385   0.8   0   0   1
8.45970178178184   0.8   0   0   1
8.46972512512519   0.8   0   0   1
8.47974846846853   0.8   0   0   1
8.48977181181187   0.8   0   0   1
8.49979515515522   0.8   0   0   1
8.50981849849856   0.8   0   0   1
8.5198418418419   0.8   0   0   1
8.52986518518525   0.8   0   0   1
8.53988852852859   0.8   0   0   1
8.54991187187193   0.8   0   0   1
8.55993521521528   0.8   0   0   1
8.56995855855862   0.8   0   0   1
8.57998190190196   0.8   0   0   1
8.59000524524531   0.8   0   0   1
8.60002858858865   0.8   0   0   1
8.610051931932   0.8   0   0   1
8.62007527527534   0.8   0   0   1
8.63009861861868   0.8   0   0   1
8.64012196196203   0.8   0   0   1
8.65014530530537   0.8   0   0   1
8.66016864864871   0.8   0   0   1
8.67019199199206   0.8   0   0   1
8.6802153353354   0.8   0   0   1
8.69023867867874   0.8   0   0   1
8.70026202202209   0.8   0   0   1
8.71028536536543   0.8   0   0   1
8.72030870870877   0.8   0   0   1
8.73033205205212   0.8   0   0   1
8.74035539539546   0.8   0   0   1
8.7503787387388   0.8   0   0   1
8.76040208208215   0.8   0   0   1
8.77042542542549   0.8   0   0   1
8.78044876876883   0.8   0   0   1
8.79047211211218   0.8   0   0   1
8.80049545545552   0.8   0   0   1
8.81051879879886   0.8   0   0   1
8.82054214214221   0.8   0   0   1
8.83056548548555   0.8   0   0   1
8.84058882882889   0.8   0   0   1
8.85061217217224   0.8   0   0   1
8.86063551551558   0.8   0   0   1
8.87065885885892   0.8   0   0   1
8.88068220220227   0.8   0   0   1
8.89070554554561   0.8   0   0   1
8.90072888888895   0.8   0   0   1
8.9107522322323   0.8   0   0   1
8.92077557557564   0.8   0   0   1
8.93079891891898   0.8   0   0   1
8.94082226226233   0.8   0   0   1
8.95084560560567   0.8   0   0   1
8.96086894894901   0.8   0   0   1
8.97089229229236   0.8   0   0   1
8.9809156356357   0.8   0   0   1
8.99093897897905   0.8   0   0   1
9.00096232232239   0.8   0   0   1
9.01098566566573   0.8   0   0   1
9.02100900900908   0.8   0   0   1
9.03103235235242   0.8   0   0   1
9.04105569569576   0.8   0   0   1
9.05107903903911   0.8   0   0   1
9.06110238238245   0.8   0   0   1
9.07112572572579   0.8   0   0   1
9.08114906906914   0.8   0   0   1
9.09117241241248   0.8   0   0   1
9.10119575575582   0.8   0   0   1
9.11121909909917   0.8   0   0   1
9.12124244244251   0.8   0   0   1
9.13126578578585   0.8   0   0   1
9.1412891291292   0.8   0   0   1
9.15131247247254   0.8   0   0   1
9.16133581581588   0.8   0   0   1
9.17135915915923   0.8   0   0   1
9.18138250250257   0.8   0   0   1
9.19140584584591   0.8   0   0   1
9.20142918918926   0.8   0   0   1
9.2114525325326   0.8   0   0   1
9.22147587587594   0.8   0   0   1
9.23149921921929   0.8   0   0   1
9.24152256256263   0.8   0   0   1
9.25154590590597   0.8   0   0   1
9.26156924924932   0.8   0   0   1
9.27159259259266   0.8   0   0   1
9.281615935936   0.8   0   0   1
9.29163927927935   0.8   0   0   1
9.30166262262269   0.8   0   0   1
9.31168596596603   0.8   0   0   1
9.32170930930938   0.8   0   0   1
9.33173265265272   0.8   0   0   1
9.34175599599607   0.8   0   0   1
9.35177933933941   0.8   0   0   1
9.36180268268275   0.8   0   0   1
9.3718260260261   0.8   0   0   1
9.38184936936944   0.8   0   0   1
9.39187271271278   0.8   0   0   1
9.40189605605613   0.8   0   0   1
9.41191939939947   0.8   0   0   1
9.42194274274281   0.8   0   0   1
9.43196608608616   0.8   0   0   1
9.4419894294295   0.8   0   0   1
9.45201277277284   0.8   0   0   1
9.46203611611619   0.8   0   0   1
9.47205945945953   0.8   0   0   1
9.48208280280287   0.8   0   0   1
9.49210614614622   0.8   0   0   1
9.50212948948956   0.8   0   0   1
9.5121528328329   0.8   0   0   1
9.52217617617625   0.8   0   0   1
9.53219951951959   0.8   0   0   1
9.54222286286293   0.8   0   0   1
9.55224620620628   0.8   0   0   1
9.56226954954962   0.8   0   0   1
9.57229289289296   0.8   0   0   1
9.58231623623631   0.8   0   0   1
9.59233957957965   0.8   0   0   1
9.60236292292299   0.8   0   0   1
9.61238626626634   0.8   0   0   1
9.62240960960968   0.8   0   0   1
9.63243295295302   0.8   0   0   1
9.64245629629637   0.8   0   0   1
9.65247963963971   0.8   0   0   1
9.66250298298305   0.8   0   0   1
9.6725263263264   0.8   0   0   1
9.68254966966974   0.8   0   0   1
9.69257301301309   0.8   0   0   1
9.70259635635643   0.8   0   0   1
9.71261969969977   0.8   0   0   1
9.72264304304312   0.8   0   0   1
9.73266638638646   0.8   0   0   1
9.7426897297298   0.8   0   0   1
9.75271307307315   0.8   0   0   1
9.76273641641649   0.8   0   0   1
9.77275975975983   0.8   0   0   1
9.78278310310318   0.8   0   0   1
9.79280644644652   0.8   0   0   1
9.80282978978986   0.8   0   0   1
9.81285313313321   0.8   0   0   1
9.82287647647655   0.8   0   0   1
9.83289981981989   0.8   0   0   1
9.84292316316324   0.8   0   0   1
9.85294650650658   0.8   0   0   1
9.86296984984992   0.8   0   0   1
9.87299319319327   0.8   0   0   1
9.88301653653661   0.8   0   0   1
9.89303987987995   0.8   0   0   1
9.9030632232233   0.8   0   0   1
9.91308656656664   0.8   0   0   1
9.92310990990998   0.8   0   0   1
9.93313325325333   0.8   0   0   1
9.94315659659667   0.8   0   0   1
9.95317993994001   0.8   0   0   1
9.96320328328336   0.8   0   0   1
9.9732266266267   0.8   0   0   1
9.98324996997004   0.8   0   0   1
9.99327331331339   0.8   0   0   1
10.0032966566567   0.8   0   0   1
10.0133200000001   0.8   0   0   1
