variables = x,rho,u,v,p
0   3.8571   2.6293   0   10.3333
0.0100233433433433   3.8571   2.6293   0   10.3333
0.0200466866866867   3.8571   2.6293   0   10.3333
0.03007003003003   3.8571   2.6293   0   10.3333
0.0400933733733734   3.8571   2.6293   0   10.3333
0.0501167167167167   3.8571   2.6293   0   10.3333
0.0601400600600601   3.8571   2.6293   0   10.3333
0.0701634034034034   3.8571   2.6293   0   10.3333
0.0801867467467468   3.8571   2.6293   0   10.3333
0.0902100900900901   3.8571   2.6293   0   10.3333
0.100233433433433   3.8571   2.6293   0   10.3333
0.110256776776777   3.8571   2.6293   0   10.3333
0.12028012012012   3.8571   2.6293   0   10.3333
0.130303463463463   3.8571   2.6293   0   10.3333
0.140326806806807   3.8571   2.6293   0   10.3333
0.15035015015015   3.8571   2.6293   0   10.3333
0.160373493493494   3.8571   2.6293   0   10.3333
0.170396836836837   3.8571   2.6293   0   10.3333
0.18042018018018   3.8571   2.6293   0   10.3333
0.190443523523524   3.8571   2.6293   0   10.3333
0.200466866866867   3.8571   2.6293   0   10.3333
0.21049021021021   3.8571   2.6293   0   10.3333
0.220513553553554   3.8571   2.6293   0   10.3333
0.230536896896897   3.8571   2.6293   0   10.3333
0.24056024024024   3.8571   2.6293   0   10.3333
0.250583583583584   3.8571   2.6293   0   10.3333
0.260606926926927   3.8571   2.6293   0   10.3333
0.27063027027027   3.8571   2.6293   0   10.3333
0.280653613613614   3.8571   2.6293   0   10.3333
0.290676956956957   3.8571   2.6293   0   10.3333
0.3007003003003   3.8571   2.6293   0   10.3333
0.310723643643644   3.8571   2.6293   0   10.3333
0.320746986986987   3.8571   2.6293   0   10.3333
0.330770330330331   3.8571   2.6293   0   10.3333
0.340793673673674   3.8571   2.6293   0   10.3333
0.350817017017017   3.8571   2.6293   0   10.3333
0.360840360360361   3.8571   2.6293   0   10.3333
0.370863703703704   3.8571   2.6293   0   10.3333
0.380887047047047   3.8571   2.6293   0   10.3333
0.390910390390391   3.8571   2.6293   0   10.3333
0.400933733733734   3.8571   2.6293   0   10.3333
0.410957077077078   3.8571   2.6293   0   10.3333
0.420980420420421   3.8571   2.6293   0   10.3333
0.431003763763764   3.8571   2.6293   0   10.3333
0.441027107107108   3.8571   2.6293   0   10.3333
0.451050450450451   3.8571   2.6293   0   10.3333
0.461073793793794   3.8571   2.6293   0   10.3333
0.471097137137138   3.8571   2.6293   0   10.3333
0.481120480480481   3.8571   2.6293   0   10.3333
0.491143823823825   3.8571   2.6293   0   10.3333
0.501167167167168   3.8571   2.6293   0   10.3333
0.511190510510511   3.8571   2.6293   0   10.3333
0.521213853853855   3.8571   2.6293   0   10.3333
0.531237197197198   3.8571   2.6293   0   10.3333
0.541260540540541   3.8571   2.6293   0   10.3333
0.551283883883884   3.8571   2.6293   -2.84562885642642e-16   10.3333
0.561307227227228   3.85709999999999   2.62930000000001   -5.52928236763081e-16   10.3332999999999
0.571330570570571   3.85709999999996   2.62930000000003   -6.18551208416982e-16   10.3332999999998
0.581353913913914   3.85709999999989   2.62930000000006   -6.74778164767121e-16   10.3332999999995
0.591377257257258   3.85709999999976   2.62930000000014   -8.27006868490439e-16   10.3332999999989
0.601400600600601   3.8570999999995   2.6293000000003   -8.72640733185728e-16   10.3332999999977
0.611423943943944   3.85709999999897   2.62930000000062   -5.20972982127014e-16   10.3332999999953
0.621447287287288   3.85709999999789   2.62930000000126   -4.03063482308286e-16   10.3332999999905
0.631470630630631   3.85709999999574   2.62930000000253   -2.0745658503034e-16   10.3332999999809
0.641493973973974   3.8570999999915   2.62930000000503   -1.251961521562e-16   10.333299999962
0.651517317317318   3.85709999998322   2.62930000000991   1.49340143151742e-16   10.3332999999252
0.661540660660661   3.8570999999672   2.62930000001933   2.68854985242523e-16   10.3332999998541
0.671564004004004   3.85709999993655   2.6293000000373   3.88660023250037e-16   10.3332999997186
0.681587347347348   3.85709999987848   2.62930000007125   4.67112147419429e-17   10.3332999994625
0.691610690690691   3.85709999976961   2.62930000013474   -6.4991459619437e-17   10.3332999989838
0.701634034034034   3.85709999956764   2.62930000025222   -2.10611797877588e-17   10.3332999980982
0.711657377377378   3.85709999919683   2.62930000046734   2.91062449314199e-16   10.3332999964768
0.721680720720721   3.85709999852313   2.62930000085715   4.48898581963946e-16   10.3332999935391
0.731704064064064   3.85709999731189   2.62930000155616   4.41302736443921e-16   10.3332999882722
0.741727407407408   3.85709999515703   2.62930000279647   2.08305429407631e-16   10.3332999789285
0.751750750750751   3.8570999913636   2.62930000497418   3.9675903944481e-16   10.3332999625258
0.761774094094094   3.85709998475584   2.62930000875752   4.32710345639687e-16   10.3332999340345
0.771797437437437   3.85709997336708   2.62930001526105   5.14301132385194e-16   10.3332998850666
0.781820780780781   3.8570999539453   2.62930002632251   6.81239910991426e-16   10.3332998017949
0.791844124124124   3.85709992117488   2.62930004493711   1.16737275213689e-15   10.3332996616869
0.801867467467467   3.85709986646757   2.62930007593014   1.48109302457827e-15   10.3332994284501
0.811890810810811   3.85709977610889   2.62930012698465   1.56769968922504e-15   10.3332990443088
0.821914154154154   3.85709962845462   2.62930021019059   1.61199429585211e-15   10.3332984183647
0.831937497497497   3.85709938974798   2.62930034434833   1.7298287766566e-15   10.333297409295
0.841960840840841   3.85709900796524   2.62930055834609   1.98616398484053e-15   10.333295799987
0.851984184184184   3.85709840388812   2.62930089604215   1.79472531577019e-15   10.3332932608831
0.862007527527527   3.85709745833939   2.62930142322011   1.76413146349417e-15   10.3332892977704
0.872030870870871   3.85709599420091   2.62930223735124   1.92624829690707e-15   10.3332831785184
0.882054214214214   3.85709375146304   2.62930348108911   2.00015371633889e-15   10.3332738318306
0.892077557557557   3.85709035314095   2.62930536063262   2.24137674314758e-15   10.3332597095054
0.902100900900901   3.85708525945776   2.62930817031211   2.34665641810062e-15   10.3332386020658
0.912124244244244   3.8570777072733   2.62931232495864   2.50584934111132e-15   10.3332073960932
0.922147587587587   3.85706663138279   2.62931840178162   2.87925144343746e-15   10.333161760373
0.932170930930931   3.85705056409489   2.62932719356427   2.9692896320963e-15   10.3330957473536
0.942194274274274   3.85702750951506   2.62933977494356   3.03828093287951e-15   10.333001296764
0.952217617617617   3.85699478931437   2.62935758331585   2.69131103870616e-15   10.3328676299661
0.96224096096096   3.85694885757166   2.62938251544419   2.70604220538861e-15   10.332680527156
0.972264304304304   3.85688508364789   2.62941704008531   2.86648684776556e-15   10.3324214852777
0.982287647647647   3.85679750407309   2.6294643258648   2.57349831799676e-15   10.3320667627738
0.99231099099099   3.85667854714045   2.62952838219558   2.61483233607243e-15   10.3315863281681
1.00233433433433   3.85651873727966   2.62961420928289   2.70832153371097e-15   10.3309427427729
1.01235767767768   3.85630639019875   2.62972795126476   3.06979908907191e-15   10.3300900229716
1.02238102102102   3.85602731400386   2.62987704443471   3.04708554421439e-15   10.3289725435514
1.03240436436436   3.85566453567259   2.63007035047443   3.18196663632893e-15   10.3275240589844
1.04242770770771   3.85519807590762   2.63031826293197   3.40944588138876e-15   10.3256669325642
1.05245105105105   3.85460479799553   2.63063277408381   3.63608253009202e-15   10.323311671796
1.06247439439439   3.85385835729336   2.63102748908546   4.01044298534937e-15   10.3203568703721
1.07249773773774   3.85292927687619   2.63151757516405   4.27063294745975e-15   10.3166896506536
1.08252108108108   3.85178517136977   2.63211963567029   4.4364032988237e-15   10.312186684752
1.09254442442442   3.85039113496802   2.63285150208753   4.59690470145771e-15   10.3067158469019
1.10256776776777   3.84871030129648   2.63373194144057   4.93363466911193e-15   10.3001385159112
1.11259111111111   3.8467045726542   2.63478028164858   5.32792625552974e-15   10.292312506323
1.12261445445445   3.84433550505749   2.63601596278555   5.45945651610469e-15   10.2830955638922
1.1326377977978   3.84156532444116   2.63745802742865   5.1884311584371e-15   10.2723493191202
1.14266114114114   3.8383580394401   2.63912456776028   4.9316776294611e-15   10.2599435561507
1.15268448448449   3.83468060839811   2.64103215038105   4.91617132921162e-15   10.2457606271419
1.16270782782783   3.83050411342821   2.64319524156372   4.66572780000292e-15   10.2296998271254
1.17273117117117   3.82580489293158   2.64562565579068   4.31014992826947e-15   10.2116815427921
1.18275451451452   3.82056558601912   2.64833204893344   4.20966638064263e-15   10.1916510004142
1.19277785785786   3.81477604741339   2.65131947460031   4.34489594844228e-15   10.1695814615062
1.2028012012012   3.80843409894276   2.65458901839249   4.48831606422849e-15   10.1454767468669
1.21282454454455   3.80154609275103   2.65813752054148   4.2485981643163e-15   10.1193730065669
1.22284788788789   3.79412727082293   2.66195739313879   4.008568825989e-15   10.0913396912753
1.23287123123123   3.78620191440591   2.66603653434412   3.7455834698103e-15   10.0614797153776
1.24289457457458   3.77780328459701   2.67035833890047   3.49988272902911e-15   10.0299288316809
1.25291791791792   3.76897336121618   2.67490180219212   3.2272183916541e-15   9.99685425923928
1.26294126126126   3.75976239085319   2.67964171400466   2.60668462109978e-15   9.96245261920033
1.27296460460461   3.75022825670234   2.68454893799764   2.6271782883654e-15   9.92694723895961
1.28298794794795   3.74043568280957   2.68959077346493   2.49593746869214e-15   9.89058488371227
1.29301129129129   3.73045528419974   2.69473139691998   2.65501409783379e-15   9.85363196888766
1.30303463463464   3.72036247274538   2.69993238201301   2.38558666636719e-15   9.81637029970172
1.31305797797798   3.7102362273981   2.70515329683003   2.57674214563342e-15   9.77909237818855
1.32308132132132   3.70015773736625   2.71035237730201   2.74190363688863e-15   9.74209631660758
1.33310466466467   3.69020892875414   2.71548727386622   2.88858493009352e-15   9.70568040176555
1.34312800800801   3.68047088966864   2.72051586537144   2.96096919913656e-15   9.67013736955039
1.35315135135135   3.67102221614402   2.72539712936895   2.89159269506989e-15   9.63574847375349
1.3631746946947   3.66193731130697   2.73009205149073   2.76319697423657e-15   9.60277746744227
1.37319803803804   3.65328468234022   2.73456454900216   2.43920419819118e-15   9.57146465623586
1.38322138138138   3.64512529274274   2.73878237559558   2.36029580323629e-15   9.54202122625493
1.39324472472473   3.63751103929286   2.74271796716599   2.6579793559538e-15   9.514624088726
1.40326806806807   3.63048343173591   2.74634918302541   3.17131661904127e-15   9.48941151029553
1.41329141141141   3.62407255616047   2.74965989517242   3.64375274365451e-15   9.46647980481097
1.42331475475476   3.61829639822278   2.75264038103819   4.14945301048568e-15   9.44588134163817
1.4333380980981   3.61316058856796   2.75528748327571   4.31888183409761e-15   9.42762407344729
1.44336144144144   3.60865860998081   2.75760451357026   4.49807156711587e-15   9.41167270326935
1.45338478478479   3.60477247551574   2.75960089513264   5.31026837852855e-15   9.39795150236646
1.46340812812813   3.60147385214634   2.76129155861907   6.27108793401982e-15   9.3863486681462
1.47343147147147   3.59872556950144   2.76269612620556   6.64537416799014e-15   9.37672198985478
1.48345481481482   3.59648342260594   2.76383793574087   7.27795743501846e-15   9.36890548525354
1.49347815815816   3.59469815538915   2.7647429689452   7.85608662249201e-15   9.36271659833269
1.50350150150151   3.59331750099927   2.76543875293292   8.40294831733077e-15   9.35796351620225
1.51352484484485   3.59228815683456   2.7659533024205   8.53141393564684e-15   9.35445217605768
1.52354818818819   3.59155758589126   2.76631416146993   8.7244416567968e-15   9.35199258709666
1.53357153153154   3.59107555906714   2.76654759008753   8.60961864732582e-15   9.35040417812135
1.54359487487488   3.59079538185662   2.76667792459603   8.50691576163369e-15   9.3495199861865
1.55361821821822   3.5906747794407   2.76672712370609   8.40877037392276e-15   9.34918961078311
1.56364156156157   3.59067644282821   2.76671449665785   8.47968951174815e-15   9.34928095875478
1.57366490490491   3.59076826259536   2.7666565971706   8.40724233411426e-15   9.34968088766404
1.58368824824825   3.5909232941628   2.76656725805665   8.97399201244477e-15   9.3502949139776
1.5937115915916   3.59111950885764   2.76645773640819   9.62225783737001e-15   9.35104618564544
1.60373493493494   3.59133938862612   2.76633693791582   9.1232250522561e-15   9.35187392826363
1.61375827827828   3.59156942027831   2.76621169044135   8.84340931336723e-15   9.35273156426187
1.62378162162163   3.59179953902501   2.76608704059589   8.6273508906844e-15   9.35358468088558
1.63380496496497   3.59202256235634   2.76596655190786   8.27971840602031e-15   9.35440899078009
1.64382830830831   3.59223364542228   2.76585258844499   8.05587038856215e-15   9.35518839379261
1.65385165165166   3.59242977914301   2.76574657288315   7.84811594554811e-15   9.35591321421948
1.663874994995   3.59260934309818   2.76564921258189   7.36034951440316e-15   9.35657865696377
1.67389833833834   3.59277171728341   2.76556069099672   6.8518345483659e-15   9.35718350058463
1.68392168168169   3.59291695025339   2.76548082464319   6.25181741893997e-15   9.35772902565941
1.69394502502503   3.5930454759487   2.76540918785166   5.77310993140009e-15   9.35821816312975
1.70396836836837   3.59315786744161   2.76534520880933   5.02466287822523e-15   9.35865483873838
1.71399171171172   3.59325461268365   2.76528824101539   4.50315910045713e-15   9.35904348537648
1.72401505505506   3.59333589484986   2.76523761442277   3.94009767032362e-15   9.35938869414987
1.7340383983984   3.59340135787067   2.76519267035083   3.57802674329218e-15   9.35969497626371
1.74406174174175   3.59344983615218   2.76515278385143   3.52632599599854e-15   9.35996661056973
1.75408508508509   3.59347902638398   2.76511737669786   3.51799878207573e-15   9.36020755512406
1.76410842842843   3.59348507895467   2.76508592361829   3.42999291981833e-15   9.36042140484639
1.77413177177178   3.59346208723395   2.76505795386579   3.37670121265695e-15   9.3606113809921
1.78415511511512   3.59340145536566   2.76503304973757   3.52831319825382e-15   9.36078034142301
1.79417845845846   3.59329112986257   2.76501084324514   3.84527672315506e-15   9.36093080347388
1.80420180180181   3.5931146878214   2.76499101179798   4.13931573568302e-15   9.36106497352504
1.81422514514515   3.59285028550255   2.76497327349593   4.5368046654444e-15   9.36118477922285
1.82424848848849   3.59246948563083   2.76495738242002   4.89264665597667e-15   9.361291901689
1.83427183183184   3.59193599998457   2.76494312416099   4.57603641914009e-15   9.3613878060918
1.84429517517518   3.59120440505955   2.76493031171676   4.11237764300539e-15   9.36147376968588
1.85431851851853   3.59021891161965   2.76491878181738   3.75067053451182e-15   9.36155090692702
1.86434186186187   3.58891229192271   2.76490839168798   3.37288294334373e-15   9.36162019159344
1.87436520520521   3.58720508886303   2.76489901623166   3.39733468508939e-15   9.36168247604198
1.88438854854856   3.5850052462506   2.76489054559814   3.10549322115743e-15   9.36173850783529
1.8944118918919   3.58220830577406   2.76488288309702   2.51026939793328e-15   9.36178894402429
1.90443523523524   3.57869831082252   2.76487594341301   1.81824021930065e-15   9.36183436337983
1.91445857857859   3.5743495377856   2.76486965108197   1.02300358238087e-15   9.36187527685452
1.92448192192193   3.56902914024787   2.76486393919045   6.97316524630534e-17   9.36191213653074
1.93450526526527   3.5626007406311   2.76485874826543   -1.11752559851861e-15   9.36194534328061
1.94452860860862   3.55492893907324   2.76485402532545   -2.12787939078085e-15   9.36197525333256
1.95455195195196   3.54588463434331   2.76484972306839   -3.26467879351972e-15   9.36200218390996
1.9645752952953   3.53535097188293   2.76484579917488   -4.15872312799397e-15   9.36202641808092
1.97459863863865   3.52322965663107   2.76484221570966   -4.71420812007385e-15   9.36204820893567
1.98462198198199   3.50944730100352   2.76483893860567   -5.19252187823727e-15   9.36206778318869
1.99464532532533   3.49396142921275   2.76483593721842   -5.1361179713864e-15   9.36208534428691
2.00466866866868   3.476765735117   2.7648331839396   -4.66312563229365e-15   9.36210107509255
2.01469201201202   3.45789419727298   2.76483065386104   -4.23061846124107e-15   9.36211514019867
2.02471535535536   3.43742369451141   2.76482832448109   -3.8335999416232e-15   9.36212768792685
2.03473869869871   3.41547483764968   2.76482617544699   -3.44477827710542e-15   9.3621388520505
2.04476204204205   3.39221083398735   2.7648241883275   -2.83422836409068e-15   9.36214875328085
2.05478538538539   3.36783432386015   2.76482234641133   -2.42986913678758e-15   9.36215750054892
2.06480872872874   3.34258226299336   2.76482063452729   -1.98722110100265e-15   9.36216519211259
2.07483207207208   3.31671905925024   2.76481903888293   -1.47121112411336e-15   9.36217191651461
2.08485541541542   3.29052829568249   2.76481754691901   -1.0196429506548e-15   9.36217775341441
2.09487875875877   3.26430347242602   2.76481614717767   -3.30031964949216e-16   9.36218277431382
2.10490210210211   3.23833826883663   2.76481482918224   -3.51152161568125e-16   9.36218704319391
2.11492544544545   3.21291685823853   2.76481358332753   -6.67197853809563e-17   9.36219061707802
2.1249487887888   3.18830479833977   2.76481240077907   1.27370747537165e-17   9.36219354653303
2.13497213213214   3.16474097220463   2.76481127338047   1.2650230856132e-17   9.36219587611895
2.14499547547548   3.14243097275828   2.76481019356774   1.1851225141636e-16   9.36219764479402
2.15501881881883   3.12154221621929   2.76480915428981   2.05348127599711e-16   9.36219888627999
2.16504216216217   3.10220094673256   2.76480814893405   1.7645236283543e-17   9.36219962938941
2.17506550550551   3.08449116682395   2.76480717125568   -4.20042614562158e-17   9.36219989831216
2.18508884884886   3.06845540685345   2.76480621530887   -1.87447220335895e-16   9.36219971285331
2.1951121921922   3.05409714079736   2.76480527537668   -4.16520924953083e-16   9.36219908860362
2.20513553553555   3.04138457265783   2.76480434589418   -8.05306703167967e-16   9.36219803700694
2.21515887887889   3.03025546209345   2.76480342135488   -9.04394990356094e-16   9.36219656525505
2.22518222222223   3.02062263111646   2.76480249618192   -1.32286769569497e-15   9.36219467587852
2.23520556556558   3.01237979479939   2.76480156452911   -1.72621006256987e-15   9.36219236578284
2.24522890890892   3.00540738444457   2.7648006199455   -2.12239139847647e-15   9.36218962425196
2.25525225225226   2.99957807645075   2.76479965477713   -2.57838342918696e-15   9.36218642900717
2.26527559559561   2.99476179801542   2.76479865906515   -2.90817187878597e-15   9.3621827385796
2.27529893893895   2.99083004538881   2.76479761848058   -3.01736695094288e-15   9.36217847767023
2.28532228228229   2.98765941550419   2.76479651041797   -3.62445928196036e-15   9.36217350914496
2.29534562562564   2.98513431205377   2.76479529657239   -3.83633466465369e-15   9.36216758053603
2.30536896896898   2.9831488380314   2.76479390880124   -4.0288702313722e-15   9.36216022189519
2.31539231231232   2.98160792487937   2.76479222216609   -3.70757073231325e-15   9.3621505508039
2.32541565565567   2.98042777056108   2.76479000350399   -4.08093087243254e-15   9.36213690020051
2.33543899899901   2.97953566150582   2.76478681329748   -4.24902803847698e-15   9.36211610809377
2.34546234234235   2.97886923046736   2.76478181842758   -4.52142873475815e-15   9.36208216212513
2.3554856856857   2.97837514229257   2.76477343488836   -4.34695632586719e-15   9.36202361324953
2.36550902902904   2.97800707913475   2.7647586460911   -4.70091058524134e-15   9.36191864127206
2.37553237237238   2.97772266963574   2.76473170228002   -4.94865681526145e-15   9.36172564141385
2.38555571571573   2.97747858306491   2.76468163934852   -5.55855167555819e-15   9.36136526896603
2.39557905905907   2.9772222159566   2.76458754566905   -6.17669331498365e-15   9.36068619820319
2.40560240240241   2.97687690415979   2.76440953360571   -6.96538115763658e-15   9.35939984722047
2.41562574574576   2.97631476914714   2.76407151933917   -7.38865383599755e-15   9.35695602017633
2.4256490890891   2.97530597368453   2.76342838335995   -7.59649617333314e-15   9.35230626937843
2.43567243243244   2.97342313707451   2.76220336041714   -8.18642409833089e-15   9.34345460959571
2.44569577577579   2.96986103885237   2.75986872754793   -8.42951483750096e-15   9.32660814298971
2.45571911911913   2.96309799710079   2.75541864665016   -8.68351910216264e-15   9.29458452967824
2.46574246246247   2.95026730530957   2.74693745351763   -8.85780275527942e-15   9.23387386335201
2.47576580580582   2.92601906974034   2.73078214238123   -8.89453431343531e-15   9.11938989234075
2.48578914914916   2.88056344788815   2.70004595246922   -8.94300147486237e-15   8.90570621610423
2.4958124924925   2.79667763296351   2.64171998473907   -8.67591662597272e-15   8.51457596613825
2.50583583583585   2.64642796729933   2.53167274734426   -8.36237876594436e-15   7.82458857824517
2.51585917917919   2.39213689996445   2.32687453480321   -7.39742975574953e-15   6.68881456133533
2.52588252252253   2.0052434821803   1.95918672352235   -5.75697455244466e-15   5.04434177419342
2.53590586586588   1.52145474451175   1.362223787771   -3.28332740727278e-15   3.15892384175143
2.54592920920922   1.09306354253903   0.628823033873161   -1.10253152230605e-15   1.72334182917615
2.55595255255257   0.87087446723243   0.15160320270414   -1.62019014181393e-16   1.13981513230028
2.56597589589591   0.811001616087467   0.0226964401837068   -1.6680822981817e-17   1.01960136714093
2.57599923923925   0.801449382283021   0.00297884863822016   -4.21592227391558e-22   1.00254182578062
2.5860225825826   0.800186351437614   0.000382965581693291   -1.00184733724264e-26   1.00032620270008
2.59604592592594   0.800023891077323   4.90977361884949e-05   -1.16149006750558e-32   1.00004181082313
2.60606926926928   0.800003061830951   6.29226278050445e-06   -4.88403308170369e-40   1.00000535822777
2.61609261261263   0.800000392379478   8.06365486876853e-07   -6.56318846733833e-48   1.00000068666447
2.62611595595597   0.800000050283844   1.03336591857586e-07   -7.59830404036275e-57   1.00000008799673
2.63613929929931   0.800000006443918   1.32426730127462e-08   -6.89091381749754e-67   1.00000001127685
2.64616264264266   0.800000000825792   1.69705779393503e-09   -4.30080359238553e-78   1.00000000144514
2.656185985986   0.800000000105826   2.17478517122164e-10   -1.42399937450252e-90   1.00000000018519
2.66620932932934   0.800000000013562   2.78695263551749e-11   -3.50161952494998e-105   1.00000000002373
2.67623267267269   0.800000000001738   3.5711452408962e-12   -1.33224974843202e-119   1.00000000000304
2.68625601601603   0.800000000000223   4.57328171373459e-13   -4.14792314007708e-135   1.00000000000039
2.69627935935937   0.800000000000028   5.83359005567112e-14   -1.02671085307387e-151   1.00000000000005
2.70630270270272   0.800000000000004   7.28013036448707e-15   -1.96457595099507e-169   1.00000000000001
2.71632604604606   0.8   8.06268427122018e-16   -2.82765525104035e-188   1
2.7263493893894   0.8   6.32367246247321e-17   -2.90707692336752e-208   1
2.73637273273275   0.8   0   0   1
2.74639607607609   0.8   0   0   1
2.75641941941943   0.8   0   0   1
2.76644276276278   0.8   0   0   1
2.77646610610612   0.8   0   0   1
2.78648944944946   0.8   0   0   1
2.79651279279281   0.8   0   0   1
2.80653613613615   0.8   0   0   1
2.81655947947949   0.8   0   0   1
2.82658282282284   0.8   0   0   1
2.83660616616618   0.8   0   0   1
2.84662950950952   0.8   0   0   1
2.85665285285287   0.8   0   0   1
2.86667619619621   0.8   0   0   1
2.87669953953955   0.8   0   0   1
2.8867228828829   0.8   0   0   1
2.89674622622624   0.8   0   0   1
2.90676956956958   0.8   0   0   1
2.91679291291293   0.8   0   0   1
2.92681625625627   0.8   0   0   1
2.93683959959962   0.8   0   0   1
2.94686294294296   0.8   0   0   1
2.9568862862863   0.8   0   0   1
2.96690962962965   0.8   0   0   1
2.97693297297299   0.8   0   0   1
2.98695631631633   0.8   0   0   1
2.99697965965968   0.8   0   0   1
3.00700300300302   0.8   0   0   1
3.01702634634636   0.8   0   0   1
3.02704968968971   0.8   0   0   1
3.03707303303305   0.8   0   0   1
3.04709637637639   0.8   0   0   1
3.05711971971974   0.8   0   0   1
3.06714306306308   0.8   0   0   1
3.07716640640642   0.8   0   0   1
3.08718974974977   0.8   0   0   1
3.09721309309311   0.8   0   0   1
3.10723643643645   0.8   0   0   1
3.1172597797798   0.8   0   0   1
3.12728312312314   0.8   0   0   1
3.13730646646648   0.8   0   0   1
3.14732980980983   0.8   0   0   1
3.15735315315317   0.8   0   0   1
3.16737649649651   0.8   0   0   1
3.17739983983986   0.8   0   0   1
3.1874231831832   0.8   0   0   1
3.19744652652654   0.8   0   0   1
3.20746986986989   0.8   0   0   1
3.21749321321323   0.8   0   0   1
3.22751655655657   0.8   0   0   1
3.23753989989992   0.8   0   0   1
3.24756324324326   0.8   0   0   1
3.2575865865866   0.8   0   0   1
3.26760992992995   0.8   0   0   1
3.27763327327329   0.8   0   0   1
3.28765661661664   0.8   0   0   1
3.29767995995998   0.8   0   0   1
3.30770330330332   0.8   0   0   1
3.31772664664667   0.8   0   0   1
3.32774998999001   0.8   0   0   1
3.33777333333335   0.8   0   0   1
3.3477966766767   0.8   0   0   1
3.35782002002004   0.8   0   0   1
3.36784336336338   0.8   0   0   1
3.37786670670673   0.8   0   0   1
3.38789005005007   0.8   0   0   1
3.39791339339341   0.8   0   0   1
3.40793673673676   0.8   0   0   1
3.4179600800801   0.8   0   0   1
3.42798342342344   0.8   0   0   1
3.43800676676679   0.8   0   0   1
3.44803011011013   0.8   0   0   1
3.45805345345347   0.8   0   0   1
3.46807679679682   0.8   0   0   1
3.47810014014016   0.8   0   0   1
3.4881234834835   0.8   0   0   1
3.49814682682685   0.8   0   0   1
3.50817017017019   0.8   0   0   1
3.51819351351353   0.8   0   0   1
3.52821685685688   0.8   0   0   1
3.53824020020022   0.8   0   0   1
3.54826354354356   0.8   0   0   1
3.55828688688691   0.8   0   0   1
3.56831023023025   0.8   0   0   1
3.57833357357359   0.8   0   0   1
3.58835691691694   0.8   0   0   1
3.59838026026028   0.8   0   0   1
3.60840360360362   0.8   0   0   1
3.61842694694697   0.8   0   0   1
3.62845029029031   0.8   0   0   1
3.63847363363366   0.8   0   0   1
3.648496976977   0.8   0   0   1
3.65852032032034   0.8   0   0   1
3.66854366366369   0.8   0   0   1
3.67856700700703   0.8   0   0   1
3.68859035035037   0.8   0   0   1
3.69861369369372   0.8   0   0   1
3.70863703703706   0.8   0   0   1
3.7186603803804   0.8   0   0   1
3.72868372372375   0.8   0   0   1
3.73870706706709   0.8   0   0   1
3.74873041041043   0.8   0   0   1
3.75875375375378   0.8   0   0   1
3.76877709709712   0.8   0   0   1
3.77880044044046   0.8   0   0   1
3.78882378378381   0.8   0   0   1
3.79884712712715   0.8   0   0   1
3.80887047047049   0.8   0   0   1
3.81889381381384   0.8   0   0   1
3.82891715715718   0.8   0   0   1
3.83894050050052   0.8   0   0   1
3.84896384384387   0.8   0   0   1
3.85898718718721   0.8   0   0   1
3.86901053053055   0.8   0   0   1
3.8790338738739   0.8   0   0   1
3.88905721721724   0.8   0   0   1
3.89908056056058   0.8   0   0   1
3.90910390390393   0.8   0   0   1
3.91912724724727   0.8   0   0   1
3.92915059059061   0.8   0   0   1
3.93917393393396   0.8   0   0   1
3.9491972772773   0.8   0   0   1
3.95922062062064   0.8   0   0   1
3.96924396396399   0.8   0   0   1
3.97926730730733   0.8   0   0   1
3.98929065065068   0.8   0   0   1
3.99931399399402   0.8   0   0   1
4.00933733733736   0.8   0   0   1
4.01936068068071   0.8   0   0   1
4.02938402402405   0.8   0   0   1
4.03940736736739   0.8   0   0   1
4.04943071071074   0.8   0   0   1
4.05945405405408   0.8   0   0   1
4.06947739739742   0.8   0   0   1
4.07950074074077   0.8   0   0   1
4.08952408408411   0.8   0   0   1
4.09954742742745   0.8   0   0   1
4.1095707707708   0.8   0   0   1
4.11959411411414   0.8   0   0   1
4.12961745745748   0.8   0   0   1
4.13964080080083   0.8   0   0   1
4.14966414414417   0.8   0   0   1
4.15968748748751   0.8   0   0   1
4.16971083083086   0.8   0   0   1
4.1797341741742   0.8   0   0   1
4.18975751751754   0.8   0   0   1
4.19978086086089   0.8   0   0   1
4.20980420420423   0.8   0   0   1
4.21982754754757   0.8   0   0   1
4.22985089089092   0.8   0   0   1
4.23987423423426   0.8   0   0   1
4.2498975775776   0.8   0   0   1
4.25992092092095   0.8   0   0   1
4.26994426426429   0.8   0   0   1
4.27996760760763   0.8   0   0   1
4.28999095095098   0.8   0   0   1
4.30001429429432   0.8   0   0   1
4.31003763763766   0.8   0   0   1
4.32006098098101   0.8   0   0   1
4.33008432432435   0.8   0   0   1
4.3401076676677   0.8   0   0   1
4.35013101101104   0.8   0   0   1
4.36015435435438   0.8   0   0   1
4.37017769769773   0.8   0   0   1
4.38020104104107   0.8   0   0   1
4.39022438438441   0.8   0   0   1
4.40024772772776   0.8   0   0   1
4.4102710710711   0.8   0   0   1
4.42029441441444   0.8   0   0   1
4.43031775775779   0.8   0   0   1
4.44034110110113   0.8   0   0   1
4.45036444444447   0.8   0   0   1
4.46038778778782   0.8   0   0   1
4.47041113113116   0.8   0   0   1
4.4804344744745   0.8   0   0   1
4.49045781781785   0.8   0   0   1
4.50048116116119   0.8   0   0   1
4.51050450450453   0.8   0   0   1
4.52052784784788   0.8   0   0   1
4.53055119119122   0.8   0   0   1
4.54057453453456   0.8   0   0   1
4.55059787787791   0.8   0   0   1
4.56062122122125   0.8   0   0   1
4.57064456456459   0.8   0   0   1
4.58066790790794   0.8   0   0   1
4.59069125125128   0.8   0   0   1
4.60071459459462   0.8   0   0   1
4.61073793793797   0.8   0   0   1
4.62076128128131   0.8   0   0   1
4.63078462462465   0.8   0   0   1
4.640807967968   0.8   0   0   1
4.65083131131134   0.8   0   0   1
4.66085465465468   0.8   0   0   1
4.67087799799803   0.8   0   0   1
4.68090134134137   0.8   0   0   1
4.69092468468472   0.8   0   0   1
4.70094802802806   0.8   0   0   1
4.7109713713714   0.8   0   0   1
4.72099471471475   0.8   0   0   1
4.73101805805809   0.8   0   0   1
4.74104140140143   0.8   0   0   1
4.75106474474478   0.8   0   0   1
4.76108808808812   0.8   0   0   1
4.77111143143146   0.8   0   0   1
4.78113477477481   0.8   0   0   1
4.79115811811815   0.8   0   0   1
4.80118146146149   0.8   0   0   1
4.81120480480484   0.8   0   0   1
4.82122814814818   0.8   0   0   1
4.83125149149152   0.8   0   0   1
4.84127483483487   0.8   0   0   1
4.85129817817821   0.8   0   0   1
4.86132152152155   0.8   0   0   1
4.8713448648649   0.8   0   0   1
4.88136820820824   0.8   0   0   1
4.89139155155158   0.8   0   0   1
4.90141489489493   0.8   0   0   1
4.91143823823827   0.8   0   0   1
4.92146158158161   0.8   0   0   1
4.93148492492496   0.8   0   0   1
4.9415082682683   0.8   0   0   1
4.95153161161164   0.8   0   0   1
4.96155495495499   0.8   0   0   1
4.97157829829833   0.8   0   0   1
4.98160164164167   0.8   0   0   1
4.99162498498502   0.8   0   0   1
5.00164832832836   0.8   0   0   1
5.0116716716717   0.8   0   0   1
5.02169501501505   0.8   0   0   1
5.03171835835839   0.8   0   0   1
5.04174170170173   0.8   0   0   1
5.05176504504508   0.8   0   0   1
5.06178838838842   0.8   0   0   1
5.07181173173177   0.8   0   0   1
5.08183507507511   0.8   0   0   1
5.09185841841845   0.8   0   0   1
5.1018817617618   0.8   0   0   1
5.11190510510514   0.8   0   0   1
5.12192844844848   0.8   0   0   1
5.13195179179183   0.8   0   0   1
5.14197513513517   0.8   0   0   1
5.15199847847851   0.8   0   0   1
5.16202182182186   0.8   0   0   1
5.1720451651652   0.8   0   0   1
5.18206850850854   0.8   0   0   1
5.19209185185189   0.8   0   0   1
5.20211519519523   0.8   0   0   1
5.21213853853857   0.8   0   0   1
5.22216188188192   0.8   0   0   1
5.23218522522526   0.8   0   0   1
5.2422085685686   0.8   0   0   1
5.25223191191195   0.8   0   0   1
5.26225525525529   0.8   0   0   1
5.27227859859863   0.8   0   0   1
5.28230194194198   0.8   0   0   1
5.29232528528532   0.8   0   0   1
5.30234862862866   0.8   0   0   1
5.31237197197201   0.8   0   0   1
5.32239531531535   0.8   0   0   1
5.33241865865869   0.8   0   0   1
5.34244200200204   0.8   0   0   1
5.35246534534538   0.8   0   0   1
5.36248868868872   0.8   0   0   1
5.37251203203207   0.8   0   0   1
5.38253537537541   0.8   0   0   1
5.39255871871875   0.8   0   0   1
5.4025820620621   0.8   0   0   1
5.41260540540544   0.8   0   0   1
5.42262874874879   0.8   0   0   1
5.43265209209213   0.8   0   0   1
5.44267543543547   0.8   0   0   1
5.45269877877882   0.8   0   0   1
5.46272212212216   0.8   0   0   1
5.4727454654655   0.8   0   0   1
5.48276880880885   0.8   0   0   1
5.49279215215219   0.8   0   0   1
5.50281549549553   0.8   0   0   1
5.51283883883888   0.8   0   0   1
5.52286218218222   0.8   0   0   1
5.53288552552556   0.8   0   0   1
5.54290886886891   0.8   0   0   1
5.55293221221225   0.8   0   0   1
5.56295555555559   0.8   0   0   1
5.57297889889894   0.8   0   0   1
5.58300224224228   0.8   0   0   1
5.59302558558562   0.8   0   0   1
5.60304892892897   0.8   0   0   1
5.61307227227231   0.8   0   0   1
5.62309561561565   0.8   0   0   1
5.633118958959   0.8   0   0   1
5.64314230230234   0.8   0   0   1
5.65316564564568   0.8   0   0   1
5.66318898898903   0.8   0   0   1
5.67321233233237   0.8   0   0   1
5.68323567567571   0.8   0   0   1
5.69325901901906   0.8   0   0   1
5.7032823623624   0.8   0   0   1
5.71330570570574   0.8   0   0   1
5.72332904904909   0.8   0   0   1
5.73335239239243   0.8   0   0   1
5.74337573573577   0.8   0   0   1
5.75339907907912   0.8   0   0   1
5.76342242242246   0.8   0   0   1
5.77344576576581   0.8   0   0   1
5.78346910910915   0.8   0   0   1
5.79349245245249   0.8   0   0   1
5.80351579579584   0.8   0   0   1
5.81353913913918   0.8   0   0   1
5.82356248248252   0.8   0   0   1
5.83358582582587   0.8   0   0   1
5.84360916916921   0.8   0   0   1
5.85363251251255   0.8   0   0   1
5.8636558558559   0.8   0   0   1
5.87367919919924   0.8   0   0   1
5.88370254254258   0.8   0   0   1
5.89372588588593   0.8   0   0   1
5.90374922922927   0.8   0   0   1
5.91377257257261   0.8   0   0   1
5.92379591591596   0.8   0   0   1
5.9338192592593   0.8   0   0   1
5.94384260260264   0.8   0   0   1
5.95386594594599   0.8   0   0   1
5.96388928928933   0.8   0   0   1
5.97391263263267   0.8   0   0   1
5.98393597597602   0.8   0   0   1
5.99395931931936   0.8   0   0   1
6.0039826626627   0.8   0   0   1
6.01400600600605   0.8   0   0   1
6.02402934934939   0.8   0   0   1
6.03405269269273   0.8   0   0   1
6.04407603603608   0.8   0   0   1
6.05409937937942   0.8   0   0   1
6.06412272272276   0.8   0   0   1
6.07414606606611   0.8   0   0   1
6.08416940940945   0.8   0   0   1
6.09419275275279   0.8   0   0   1
6.10421609609614   0.8   0   0   1
6.11423943943948   0.8   0   0   1
6.12426278278283   0.8   0   0   1
6.13428612612617   0.8   0   0   1
6.14430946946951   0.8   0   0   1
6.15433281281286   0.8   0   0   1
6.1643561561562   0.8   0   0   1
6.17437949949954   0.8   0   0   1
6.18440284284289   0.8   0   0   1
6.19442618618623   0.8   0   0   1
6.20444952952957   0.8   0   0   1
6.21447287287292   0.8   0   0   1
6.22449621621626   0.8   0   0   1
6.2345195595596   0.8   0   0   1
6.24454290290295   0.8   0   0   1
6.25456624624629   0.8   0   0   1
6.26458958958963   0.8   0   0   1
6.27461293293298   0.8   0   0   1
6.28463627627632   0.8   0   0   1
6.29465961961966   0.8   0   0   1
6.30468296296301   0.8   0   0   1
6.31470630630635   0.8   0   0   1
6.32472964964969   0.8   0   0   1
6.33475299299304   0.8   0   0   1
6.34477633633638   0.8   0   0   1
6.35479967967972   0.8   0   0   1
6.36482302302307   0.8   0   0   1
6.37484636636641   0.8   0   0   1
6.38486970970975   0.8   0   0   1
6.3948930530531   0.8   0   0   1
6.40491639639644   0.8   0   0   1
6.41493973973978   0.8   0   0   1
6.42496308308313   0.8   0   0   1
6.43498642642647   0.8   0   0   1
6.44500976976981   0.8   0   0   1
6.45503311311316   0.8   0   0   1
6.4650564564565   0.8   0   0   1
6.47507979979985   0.8   0   0   1
6.48510314314319   0.8   0   0   1
6.49512648648653   0.8   0   0   1
6.50514982982988   0.8   0   0   1
6.51517317317322   0.8   0   0   1
6.52519651651656   0.8   0   0   1
6.53521985985991   0.8   0   0   1
6.54524320320325   0.8   0   0   1
6.55526654654659   0.8   0   0   1
6.56528988988994   0.8   0   0   1
6.57531323323328   0.8   0   0   1
6.58533657657662   0.8   0   0   1
6.59535991991997   0.8   0   0   1
6.60538326326331   0.8   0   0   1
6.61540660660665   0.8   0   0   1
6.62542994995   0.8   0   0   1
6.63545329329334   0.8   0   0   1
6.64547663663668   0.8   0   0   1
6.65549997998003   0.8   0   0   1
6.66552332332337   0.8   0   0   1
6.67554666666671   0.8   0   0   1
6.68557001001006   0.8   0   0   1
6.6955933533534   0.8   0   0   1
6.70561669669674   0.8   0   0   1
6.71564004004009   0.8   0   0   1
6.72566338338343   0.8   0   0   1
6.73568672672677   0.8   0   0   1
6.74571007007012   0.8   0   0   1
6.75573341341346   0.8   0   0   1
6.7657567567568   0.8   0   0   1
6.77578010010015   0.8   0   0   1
6.78580344344349   0.8   0   0   1
6.79582678678683   0.8   0   0   1
6.80585013013018   0.8   0   0   1
6.81587347347352   0.8   0   0   1
6.82589681681686   0.8   0   0   1
6.83592016016021   0.8   0   0   1
6.84594350350355   0.8   0   0   1
6.8559668468469   0.8   0   0   1
6.86599019019024   0.8   0   0   1
6.87601353353358   0.8   0   0   1
6.88603687687693   0.8   0   0   1
6.89606022022027   0.8   0   0   1
6.90608356356361   0.8   0   0   1
6.91610690690696   0.8   0   0   1
6.9261302502503   0.8   0   0   1
6.93615359359364   0.8   0   0   1
6.94617693693699   0.8   0   0   1
6.95620028028033   0.8   0   0   1
6.96622362362367   0.8   0   0   1
6.97624696696702   0.8   0   0   1
6.98627031031036   0.8   0   0   1
6.9962936536537   0.8   0   0   1
7.00631699699705   0.8   0   0   1
7.01634034034039   0.8   0   0   1
7.02636368368373   0.8   0   0   1
7.03638702702708   0.8   0   0   1
7.04641037037042   0.8   0   0   1
7.05643371371376   0.8   0   0   1
7.06645705705711   0.8   0   0   1
7.07648040040045   0.8   0   0   1
7.08650374374379   0.8   0   0   1
7.09652708708714   0.8   0   0   1
7.10655043043048   0.8   0   0   1
7.11657377377382   0.8   0   0   1
7.12659711711717   0.8   0   0   1
7.13662046046051   0.8   0   0   1
7.14664380380385   0.8   0   0   1
7.1566671471472   0.8   0   0   1
7.16669049049054   0.8   0   0   1
7.17671383383388   0.8   0   0   1
7.18673717717723   0.8   0   0   1
7.19676052052057   0.8   0   0   1
7.20678386386392   0.8   0   0   1
7.21680720720726   0.8   0   0   1
7.2268305505506   0.8   0   0   1
7.23685389389395   0.8   0   0   1
7.24687723723729   0.8   0   0   1
7.25690058058063   0.8   0   0   1
7.26692392392398   0.8   0   0   1
7.27694726726732   0.8   0   0   1
7.28697061061066   0.8   0   0   1
7.29699395395401   0.8   0   0   1
7.30701729729735   0.8   0   0   1
7.31704064064069   0.8   0   0   1
7.32706398398404   0.8   0   0   1
7.33708732732738   0.8   0   0   1
7.34711067067072   0.8   0   0   1
7.35713401401407   0.8   0   0   1
7.36715735735741   0.8   0   0   1
7.37718070070075   0.8   0   0   1
7.3872040440441   0.8   0   0   1
7.39722738738744   0.8   0   0   1
7.40725073073078   0.8   0   0   1
7.41727407407413   0.8   0   0   1
7.42729741741747   0.8   0   0   1
7.43732076076081   0.8   0   0   1
7.44734410410416   0.8   0   0   1
7.4573674474475   0.8   0   0   1
7.46739079079084   0.8   0   0   1
7.47741413413419   0.8   0   0   1
7.48743747747753   0.8   0   0   1
7.49746082082087   0.8   0   0   1
7.50748416416422   0.8   0   0   1
7.51750750750756   0.8   0   0   1
7.5275308508509   0.8   0   0   1
7.53755419419425   0.8   0   0   1
7.54757753753759   0.8   0   0   1
7.55760088088094   0.8   0   0   1
7.56762422422428   0.8   0   0   1
7.57764756756762   0.8   0   0   1
7.58767091091097   0.8   0   0   1
7.59769425425431   0.8   0   0   1
7.60771759759765   0.8   0   0   1
7.617740940941   0.8   0   0   1
7.62776428428434   0.8   0   0   1
7.63778762762768   0.8   0   0   1
7.64781097097103   0.8   0   0   1
7.65783431431437   0.8   0   0   1
7.66785765765771   0.8   0   0   1
7.67788100100106   0.8   0   0   1
7.6879043443444   0.8   0   0   1
7.69792768768774   0.8   0   0   1
7.70795103103109   0.8   0   0   1
7.71797437437443   0.8   0   0   1
7.72799771771777   0.8   0   0   1
7.73802106106112   0.8   0   0   1
7.74804440440446   0.8   0   0   1
7.7580677477478   0.8   0   0   1
7.76809109109115   0.8   0   0   1
7.77811443443449   0.8   0   0   1
7.78813777777783   0.8   0   0   1
7.79816112112118   0.8   0   0   1
7.80818446446452   0.8   0   0   1
7.81820780780786   0.8   0   0   1
7.82823115115121   0.8   0   0   1
7.83825449449455   0.8   0   0   1
7.84827783783789   0.8   0   0   1
7.85830118118124   0.8   0   0   1
7.86832452452458   0.8   0   0   1
7.87834786786792   0.8   0   0   1
7.88837121121127   0.8   0   0   1
7.89839455455461   0.8   0   0   1
7.90841789789796   0.8   0   0   1
7.9184412412413   0.8   0   0   1
7.92846458458464   0.8   0   0   1
7.93848792792799   0.8   0   0   1
7.94851127127133   0.8   0   0   1
7.95853461461467   0.8   0   0   1
7.96855795795802   0.8   0   0   1
7.97858130130136   0.8   0   0   1
7.9886046446447   0.8   0   0   1
7.99862798798805   0.8   0   0   1
8.00865133133139   0.8   0   0   1
8.01867467467473   0.8   0   0   1
8.02869801801808   0.8   0   0   1
8.03872136136142   0.8   0   0   1
8.04874470470476   0.8   0   0   1
8.05876804804811   0.8   0   0   1
8.06879139139145   0.8   0   0   1
8.07881473473479   0.8   0   0   1
8.08883807807814   0.8   0   0   1
8.09886142142148   0.8   0   0   1
8.10888476476482   0.8   0   0   1
8.11890810810817   0.8   0   0   1
8.12893145145151   0.8   0   0   1
8.13895479479485   0.8   0   0   1
8.1489781381382   0.8   0   0   1
8.15900148148154   0.8   0   0   1
8.16902482482488   0.8   0   0   1
8.17904816816823   0.8   0   0   1
8.18907151151157   0.8   0   0   1
8.19909485485491   0.8   0   0   1
8.20911819819826   0.8   0   0   1
8.2191415415416   0.8   0   0   1
8.22916488488494   0.8   0   0   1
8.23918822822829   0.8   0   0   1
8.24921157157163   0.8   0   0   1
8.25923491491498   0.8   0   0   1
8.26925825825832   0.8   0   0   1
8.27928160160166   0.8   0   0   1
8.28930494494501   0.8   0   0   1
8.29932828828835   0.8   0   0   1
8.30935163163169   0.8   0   0   1
8.31937497497504   0.8   0   0   1
8.32939831831838   0.8   0   0   1
8.33942166166172   0.8   0   0   1
8.34944500500507   0.8   0   0   1
8.35946834834841   0.8   0   0   1
8.36949169169175   0.8   0   0   1
8.3795150350351   0.8   0   0   1
8.38953837837844   0.8   0   0   1
8.39956172172178   0.8   0   0   1
8.40958506506513   0.8   0   0   1
8.41960840840847   0.8   0   0   1
8.42963175175181   0.8   0   0   1
8.43965509509516   0.8   0   0   1
8.4496784384385   0.8   0   0   1
8.45970178178184   0.8   0   0   1
8.46972512512519   0.8   0   0   1
8.47974846846853   0.8   0   0   1
8.48977181181187   0.8   0   0   1
8.49979515515522   0.8   0   0   1
8.50981849849856   0.8   0   0   1
8.5198418418419   0.8   0   0   1
8.52986518518525   0.8   0   0   1
8.53988852852859   0.8   0   0   1
8.54991187187193   0.8   0   0   1
8.55993521521528   0.8   0   0   1
8.56995855855862   0.8   0   0   1
8.57998190190196   0.8   0   0   1
8.59000524524531   0.8   0   0   1
8.60002858858865   0.8   0   0   1
8.610051931932   0.8   0   0   1
8.62007527527534   0.8   0   0   1
8.63009861861868   0.8   0   0   1
8.64012196196203   0.8   0   0   1
8.65014530530537   0.8   0   0   1
8.66016864864871   0.8   0   0   1
8.67019199199206   0.8   0   0   1
8.6802153353354   0.8   0   0   1
8.69023867867874   0.8   0   0   1
8.70026202202209   0.8   0   0   1
8.71028536536543   0.8   0   0   1
8.72030870870877   0.8   0   0   1
8.73033205205212   0.8   0   0   1
8.74035539539546   0.8   0   0   1
8.7503787387388   0.8   0   0   1
8.76040208208215   0.8   0   0   1
8.77042542542549   0.8   0   0   1
8.78044876876883   0.8   0   0   1
8.79047211211218   0.8   0   0   1
8.80049545545552   0.8   0   0   1
8.81051879879886   0.8   0   0   1
8.82054214214221   0.8   0   0   1
8.83056548548555   0.8   0   0   1
8.84058882882889   0.8   0   0   1
8.85061217217224   0.8   0   0   1
8.86063551551558   0.8   0   0   1
8.87065885885892   0.8   0   0   1
8.88068220220227   0.8   0   0   1
8.89070554554561   0.8   0   0   1
8.90072888888895   0.8   0   0   1
8.9107522322323   0.8   0   0   1
8.92077557557564   0.8   0   0   1
8.93079891891898   0.8   0   0   1
8.94082226226233   0.8   0   0   1
8.95084560560567   0.8   0   0   1
8.96086894894901   0.8   0   0   1
8.97089229229236   0.8   0   0   1
8.9809156356357   0.8   0   0   1
8.99093897897905   0.8   0   0   1
9.00096232232239   0.8   0   0   1
9.01098566566573   0.8   0   0   1
9.02100900900908   0.8   0   0   1
9.03103235235242   0.8   0   0   1
9.04105569569576   0.8   0   0   1
9.05107903903911   0.8   0   0   1
9.06110238238245   0.8   0   0   1
9.07112572572579   0.8   0   0   1
9.08114906906914   0.8   0   0   1
9.09117241241248   0.8   0   0   1
9.10119575575582   0.8   0   0   1
9.11121909909917   0.8   0   0   1
9.12124244244251   0.8   0   0   1
9.13126578578585   0.8   0   0   1
9.1412891291292   0.8   0   0   1
9.15131247247254   0.8   0   0   1
9.16133581581588   0.8   0   0   1
9.17135915915923   0.8   0   0   1
9.18138250250257   0.8   0   0   1
9.19140584584591   0.8   0   0   1
9.20142918918926   0.8   0   0   1
9.2114525325326   0.8   0   0   1
9.22147587587594   0.8   0   0   1
9.23149921921929   0.8   0   0   1
9.24152256256263   0.8   0   0   1
9.25154590590597   0.8   0   0   1
9.26156924924932   0.8   0   0   1
9.27159259259266   0.8   0   0   1
9.281615935936   0.8   0   0   1
9.29163927927935   0.8   0   0   1
9.30166262262269   0.8   0   0   1
9.31168596596603   0.8   0   0   1
9.32170930930938   0.8   0   0   1
9.33173265265272   0.8   0   0   1
9.34175599599607   0.8   0   0   1
9.35177933933941   0.8   0   0   1
9.36180268268275   0.8   0   0   1
9.3718260260261   0.8   0   0   1
9.38184936936944   0.8   0   0   1
9.39187271271278   0.8   0   0   1
9.40189605605613   0.8   0   0   1
9.41191939939947   0.8   0   0   1
9.42194274274281   0.8   0   0   1
9.43196608608616   0.8   0   0   1
9.4419894294295   0.8   0   0   1
9.45201277277284   0.8   0   0   1
9.46203611611619   0.8   0   0   1
9.47205945945953   0.8   0   0   1
9.48208280280287   0.8   0   0   1
9.49210614614622   0.8   0   0   1
9.50212948948956   0.8   0   0   1
9.5121528328329   0.8   0   0   1
9.52217617617625   0.8   0   0   1
9.53219951951959   0.8   0   0   1
9.54222286286293   0.8   0   0   1
9.55224620620628   0.8   0   0   1
9.56226954954962   0.8   0   0   1
9.57229289289296   0.8   0   0   1
9.58231623623631   0.8   0   0   1
9.59233957957965   0.8   0   0   1
9.60236292292299   0.8   0   0   1
9.61238626626634   0.8   0   0   1
9.62240960960968   0.8   0   0   1
9.63243295295302   0.8   0   0   1
9.64245629629637   0.8   0   0   1
9.65247963963971   0.8   0   0   1
9.66250298298305   0.8   0   0   1
9.6725263263264   0.8   0   0   1
9.68254966966974   0.8   0   0   1
9.69257301301309   0.8   0   0   1
9.70259635635643   0.8   0   0   1
9.71261969969977   0.8   0   0   1
9.72264304304312   0.8   0   0   1
9.73266638638646   0.8   0   0   1
9.7426897297298   0.8   0   0   1
9.75271307307315   0.8   0   0   1
9.76273641641649   0.8   0   0   1
9.77275975975983   0.8   0   0   1
9.78278310310318   0.8   0   0   1
9.79280644644652   0.8   0   0   1
9.80282978978986   0.8   0   0   1
9.81285313313321   0.8   0   0   1
9.82287647647655   0.8   0   0   1
9.83289981981989   0.8   0   0   1
9.84292316316324   0.8   0   0   1
9.85294650650658   0.8   0   0   1
9.86296984984992   0.8   0   0   1
9.87299319319327   0.8   0   0   1
9.88301653653661   0.8   0   0   1
9.89303987987995   0.8   0   0   1
9.9030632232233   0.8   0   0   1
9.91308656656664   0.8   0   0   1
9.92310990990998   0.8   0   0   1
9.93313325325333   0.8   0   0   1
9.94315659659667   0.8   0   0   1
9.95317993994001   0.8   0   0   1
9.96320328328336   0.8   0   0   1
9.9732266266267   0.8   0   0   1
9.98324996997004   0.8   0   0   1
9.99327331331339   0.8   0   0   1
10.0032966566567   0.8   0   0   1
10.0133200000001   0.8   0   0   1
