variables = x,rho,u,v,p
0   3.8571   2.6293   0   10.3333
0.0100233433433433   3.8571   2.6293   0   10.3333
0.0200466866866867   3.8571   2.6293   0   10.3333
0.03007003003003   3.8571   2.6293   0   10.3333
0.0400933733733734   3.8571   2.6293   0   10.3333
0.0501167167167167   3.8571   2.6293   0   10.3333
0.0601400600600601   3.8571   2.6293   0   10.3333
0.0701634034034034   3.8571   2.6293   0   10.3333
0.0801867467467468   3.8571   2.6293   0   10.3333
0.0902100900900901   3.8571   2.6293   0   10.3333
0.100233433433433   3.8571   2.6293   0   10.3333
0.110256776776777   3.8571   2.6293   0   10.3333
0.12028012012012   3.8571   2.6293   0   10.3333
0.130303463463463   3.8571   2.6293   0   10.3333
0.140326806806807   3.8571   2.6293   0   10.3333
0.15035015015015   3.8571   2.6293   0   10.3333
0.160373493493494   3.8571   2.6293   0   10.3333
0.170396836836837   3.8571   2.6293   0   10.3333
0.18042018018018   3.8571   2.6293   0   10.3333
0.190443523523524   3.8571   2.6293   0   10.3333
0.200466866866867   3.8571   2.6293   0   10.3333
0.21049021021021   3.8571   2.6293   0   10.3333
0.220513553553554   3.8571   2.6293   0   10.3333
0.230536896896897   3.8571   2.6293   0   10.3333
0.24056024024024   3.8571   2.6293   0   10.3333
0.250583583583584   3.8571   2.6293   0   10.3333
0.260606926926927   3.8571   2.6293   0   10.3333
0.27063027027027   3.8571   2.6293   0   10.3333
0.280653613613614   3.8571   2.6293   0   10.3333
0.290676956956957   3.8571   2.6293   0   10.3333
0.3007003003003   3.8571   2.6293   0   10.3333
0.310723643643644   3.8571   2.6293   0   10.3333
0.320746986986987   3.8571   2.6293   0   10.3333
0.330770330330331   3.8571   2.6293   0   10.3333
0.340793673673674   3.8571   2.6293   0   10.3333
0.350817017017017   3.8571   2.6293   0   10.3333
0.360840360360361   3.8571   2.6293   0   10.3333
0.370863703703704   3.8571   2.6293   0   10.3333
0.380887047047047   3.8571   2.6293   0   10.3333
0.390910390390391   3.8571   2.6293   0   10.3333
0.400933733733734   3.8571   2.6293   0   10.3333
0.410957077077078   3.8571   2.6293   0   10.3333
0.420980420420421   3.8571   2.6293   0   10.3333
0.431003763763764   3.8571   2.6293   0   10.3333
0.441027107107108   3.8571   2.6293   0   10.3333
0.451050450450451   3.8571   2.6293   0   10.3333
0.461073793793794   3.8571   2.6293   0   10.3333
0.471097137137138   3.8571   2.6293   0   10.3333
0.481120480480481   3.8571   2.6293   0   10.3333
0.491143823823825   3.8571   2.6293   0   10.3333
0.501167167167168   3.8571   2.6293   0   10.3333
0.511190510510511   3.8571   2.6293   0   10.3333
0.521213853853855   3.8571   2.6293   0   10.3333
0.531237197197198   3.8571   2.6293   0   10.3333
0.541260540540541   3.8571   2.6293   0   10.3333
0.551283883883884   3.8571   2.6293   0   10.3333
0.561307227227228   3.8571   2.6293   0   10.3333
0.571330570570571   3.8571   2.6293   -1.61405315822516e-16   10.3333
0.581353913913914   3.85709999999999   2.62930000000001   -6.69844259039915e-16   10.3333
0.591377257257258   3.85709999999997   2.62930000000002   -3.52325481210547e-16   10.3332999999999
0.601400600600601   3.85709999999992   2.62930000000005   -2.18253285007403e-16   10.3332999999996
0.611423943943944   3.85709999999979   2.62930000000013   -1.9165428085435e-16   10.333299999999
0.621447287287288   3.85709999999952   2.6293000000003   1.47090034594433e-16   10.3332999999978
0.631470630630631   3.85709999999889   2.62930000000068   6.11008782704321e-17   10.3332999999949
0.641493973973974   3.8570999999975   2.62930000000152   1.04637393735142e-16   10.3332999999885
0.651517317317318   3.85709999999445   2.62930000000338   -1.3967640758684e-16   10.3332999999745
0.661540660660661   3.85709999998781   2.62930000000739   3.47104852914241e-16   10.3332999999441
0.671564004004004   3.85709999997359   2.62930000001596   2.2832808069854e-16   10.3332999998794
0.681587347347348   3.85709999994354   2.62930000003401   -3.57615931511696e-17   10.333299999743
0.691610690690691   3.85709999988086   2.62930000007154   -2.20269390032757e-16   10.3332999994595
0.701634034034034   3.85709999975187   2.62930000014849   2.17215354050133e-16   10.3332999988783
0.711657377377378   3.85709999949   2.62930000030421   6.34671871686365e-16   10.3332999977027
0.721680720720721   3.8570999989655   2.62930000061503   1.15479935080687e-15   10.3332999953565
0.731704064064064   3.8570999979292   2.62930000122706   1.16865731933665e-15   10.3332999907379
0.741727407407408   3.85709999590945   2.62930000241581   1.36429979288982e-15   10.3332999817691
0.751750750750751   3.85709999202661   2.62930000469328   9.81982991977024e-16   10.3332999645903
0.761774094094094   3.85709998466408   2.62930000899686   8.01572381452958e-16   10.3332999321364
0.771797437437437   3.85709997089495   2.62930001701746   3.46080887086262e-16   10.3332998716662
0.781820780780781   3.85709994549885   2.62930003175955   -1.27016089851421e-17   10.3332997605465
0.791844124124124   3.85709989930444   2.62930005848153   -3.29114079192576e-16   10.3332995591747
0.801867467467467   3.85709981644286   2.62930010624716   -4.90025698894642e-16   10.3332991993065
0.811890810810811   3.8570996698749   2.62930019044103   -6.16715671646886e-16   10.3332985651355
0.821914154154154   3.85709941423551   2.62930033677474   -6.92436348230007e-16   10.3332974631687
0.831937497497497   3.85709897459216   2.62930058755241   -7.12963972038673e-16   10.3332955751284
0.841960840840841   3.85709822910737   2.6293010112886   -1.20010109293428e-15   10.3332923856735
0.851984184184184   3.85709698280187   2.62930171719429   -1.32649572720175e-15   10.3332870735741
0.862007527527527   3.85709492861507   2.62930287657134   -1.20864576191201e-15   10.3332783510342
0.872030870870871   3.85709159075837   2.62930475377991   -1.3047021190206e-15   10.3332642311985
0.882054214214214   3.85708624399653   2.62930775013659   -1.0303509080233e-15   10.3332416986914
0.892077557557557   3.85707780107142   2.62931246480867   -8.68857767257612e-16   10.3332062527653
0.902100900900901   3.85706465917323   2.62931977739394   -9.10731620793937e-16   10.333151287998
0.912124244244244   3.85704449542995   2.62933095727286   -4.56828147340334e-16   10.3330672745687
0.922147587587587   3.85701400118654   2.62934780480111   -1.54250329289093e-16   10.3329407003745
0.932170930930931   3.8569685458237   2.62937282874477   -1.52648773084406e-17   10.3327527423783
0.942194274274274   3.85690176351655   2.62940946280171   -1.44165241857685e-16   10.3324776464508
0.952217617617617   3.85680506112885   2.62946232137559   2.51078661421949e-16   10.3320808153091
0.96224096096096   3.85666705272947   2.62953749082496   7.36377166620828e-16   10.3315166340933
0.972264304304304   3.85647293610237   2.6296428471954   1.06146632575436e-15   10.3307261027266
0.982287647647647   3.85620383880299   2.62978838516983   1.33928906412708e-15   10.3296343919201
0.99231099099099   3.85583617497548   2.62998653612234   1.55473877370003e-15   10.3281484919034
1.00233433433433   3.85534106789206   2.63025244650531   1.42703059159003e-15   10.3261551738801
1.01235767767768   3.85468390507101   2.63060418235984   1.60427498617573e-15   10.3235195260544
1.02238102102102   3.85382410058261   2.63106282267067   1.95088927735467e-15   10.3200843499403
1.03240436436436   3.85271514044393   2.63165240469569   2.16272678642123e-15   10.3156706999012
1.04242770770771   3.85130497993974   2.63239968910572   2.07348480805413e-15   10.3100798128168
1.05245105105105   3.84953684530582   2.63333372206411   1.94718819090231e-15   10.3030966027048
1.06247439439439   3.84735046681352   2.63448518484721   2.28790359389352e-15   10.2944947896475
1.07249773773774   3.84468373776964   2.63588553808458   2.32630013380526e-15   10.2840436020533
1.08252108108108   3.84147475759181   2.6375659853653   2.14651865868229e-15   10.2715158500071
1.09254442442442   3.83766418122638   2.63955629762336   2.21729188355434e-15   10.2566970324685
1.10256776776777   3.83319776631617   2.64188355321233   2.33849584311025e-15   10.2393950300569
1.11259111111111   3.82802898772073   2.6445708571691   2.62595693519634e-15   10.2194498629653
1.12261445445445   3.82212157894754   2.64763610588472   2.9960679360597e-15   10.1967429693079
1.1326377977978   3.81545186265969   2.65109086022756   3.25473714813598e-15   10.1712054847035
1.14266114114114   3.8080107466322   2.65493938199696   3.52107974578951e-15   10.1428250732945
1.15268448448449   3.79980528462011   2.65917787702252   3.36461836134787e-15   10.1116509617262
1.16270782782783   3.79085972978373   2.66379397522348   3.19957932097786e-15   10.0777969452233
1.17273117117117   3.78121603747524   2.66876646544156   3.02564348602434e-15   10.0414422525303
1.18275451451452   3.77093380063558   2.67406529243513   2.91031106002594e-15   10.0028302601167
1.19277785785786   3.76008962212074   2.67965181604355   2.71717759178819e-15   9.96226512607603
1.2028012012012   3.74877594271564   2.68547932843607   2.46270275268398e-15   9.92010646658684
1.21282454454455   3.73709935167459   2.69149382404273   2.24829660105475e-15   9.87676222452003
1.22284788788789   3.72517841005525   2.6976350170527   2.31969501766806e-15   9.83267988784809
1.23287123123123   3.7131410187325   2.70383760157162   2.75341506736814e-15   9.78833621596842
1.24289457457458   3.70112136633562   2.71003274767642   2.96778223471387e-15   9.744225638103
1.25291791791792   3.68925650111007   2.71614982071602   2.78890851796591e-15   9.70084751280507
1.26294126126126   3.6776825879217   2.72211829968498   2.89460409642996e-15   9.65869249197492
1.27296460460461   3.66653093892535   2.72786985259426   3.02766974312725e-15   9.61822832195955
1.28298794794795   3.65592394314339   2.73334050306649   3.11134749938115e-15   9.57988553535271
1.29301129129129   3.64597106269476   2.73847279523522   3.34336754302516e-15   9.54404362662886
1.30303463463464   3.63676510479753   2.74321783767003   3.51559789701116e-15   9.51101843828841
1.31305797797798   3.62837900936945   2.74753708729961   3.9157375518955e-15   9.48105157835062
1.32308132132132   3.62086340136365   2.75140372760211   4.68468151388486e-15   9.45430270803784
1.33310466466467   3.61424513557662   2.75480350720006   5.24206058138304e-15   9.43084544904121
1.34312800800801   3.60852700459541   2.75773493822698   5.69067410132197e-15   9.4106674473502
1.35315135135135   3.60368868979177   2.76020880695433   6.08221561294982e-15   9.39367480427924
1.3631746946947   3.59968892081839   2.76224701587696   6.19145143691083e-15   9.37970068195325
1.37319803803804   3.59646868777419   2.76388084643866   6.14063716394315e-15   9.36851747042081
1.38322138138138   3.59395524235975   2.76514879272885   5.96717300632442e-15   9.35985153798102
1.39324472472473   3.59206654880782   2.76609415787746   5.87926609141014e-15   9.35339934023808
1.40326806806807   3.59071581487651   2.76676261958617   5.74993237886229e-15   9.34884357913038
1.41329141141141   3.58981575128461   2.7671999579567   5.77694404628234e-15   9.3458681900489
1.42331475475476   3.58928226856875   2.7674501018324   5.51115196579726e-15   9.34417116867792
1.4333380980981   3.58903740989131   2.76755359766526   5.0595295194611e-15   9.34347457932354
1.44336144144144   3.58901141957248   2.76754654754879   4.55815423477439e-15   9.34353145158044
1.45338478478479   3.58914394326038   2.76746000985479   4.15094635267919e-15   9.3441296136982
1.46340812812813   3.58938443360734   2.76731981369485   3.88753344009385e-15   9.34509278488594
1.47343147147147   3.58969188747287   2.76714671070344   3.7870069499569e-15   9.34627943108432
1.48345481481482   3.5900340650225   2.76695677475742   3.2232906921615e-15   9.34757997545681
1.49347815815816   3.59038634021632   2.7667619601756   2.86053983235092e-15   9.34891295769896
1.50350150150151   3.59073031162846   2.76657073829618   2.90239307566758e-15   9.35022067632146
1.51352484484485   3.5910522691927   2.76638874734669   2.34183133238861e-15   9.35146474959137
1.52354818818819   3.59134157327366   2.76621940777659   2.27952228852027e-15   9.35262191638097
1.53357153153154   3.59158896365828   2.76606447205813   2.5717656819813e-15   9.35368028566935
1.54359487487488   3.5917847828899   2.76592449261798   2.76568266237871e-15   9.35463614491256
1.55361821821822   3.59191707509262   2.76579920313678   2.81794660175903e-15   9.35549135933829
1.56364156156157   3.59196951149216   2.76568781671901   2.80021818396181e-15   9.35625133819706
1.57366490490491   3.59191909991128   2.76558924963971   2.91465958873193e-15   9.35692350862173
1.58368824824825   3.59173365942027   2.76550228203527   2.96828425649427e-15   9.35751621960832
1.5937115915916   3.59136908364398   2.7654256676463   3.09900497835705e-15   9.35803799355232
1.60373493493494   3.59076647576349   2.76535820415586   2.89386318818447e-15   9.35849704660611
1.61375827827828   3.58984931136172   2.76529877432664   2.87227075738177e-15   9.35890100824981
1.62378162162163   3.58852086533583   2.76524636644335   2.60583740186882e-15   9.35925678204791
1.63380496496497   3.58666221637882   2.76520008080774   2.32700728635336e-15   9.35957050156957
1.64382830830831   3.58413120450631   2.76515912740159   1.89775382519495e-15   9.35984754659394
1.65385165165166   3.58076274962448   2.76512281842813   1.45151078454702e-15   9.36009259430802
1.663874994995   3.5763709282693   2.76509055830364   1.08928653033519e-15   9.36030968797892
1.67389833833834   3.57075314012095   2.76506183279102   8.09135291513235e-16   9.36050231157636
1.68392168168169   3.56369656976658   2.7650361983196   2.54307678898893e-16   9.36067346323243
1.69394502502503   3.55498696427372   2.76501327207857   -2.98830317288123e-16   9.36082572352859
1.70396836836837   3.54441951464607   2.76499272316446   -7.08795561158502e-16   9.36096131667913
1.71399171171172   3.53181137002496   2.76497426486749   -8.28278531901448e-16   9.36108216400016
1.72401505505506   3.51701505668541   2.7649576480652   -8.73254105671609e-16   9.36118992983413
1.7340383983984   3.49993185367062   2.76494265562912   -6.85194881700894e-16   9.36128606051728
1.74406174174175   3.48052402801272   2.76492909772279   -6.44421777517564e-16   9.3613718171619
1.75408508508509   3.45882478466781   2.76491680786266   -6.9548453079347e-16   9.36144830306986
1.76410842842843   3.4349448590297   2.76490563961979   -7.62253252274773e-16   9.36151648655998
1.77413177177178   3.40907487811111   2.76489546385195   -7.9064167068337e-16   9.36157721992184
1.78415511511512   3.38148292829342   2.76488616637044   -8.27354255785454e-16   9.36163125512362
1.79417845845846   3.35250716450614   2.76487764596081   -6.91529217578416e-16   9.3616792568168
1.80420180180181   3.32254373586185   2.7648698126904   -1.9299136052706e-16   9.36172181310072
1.81422514514515   3.29203073609291   2.76486258644762   3.94091123547996e-18   9.36175944443618
1.82424848848849   3.26142926241549   2.7648558956676   2.16647681342231e-16   9.36179261102876
1.83427183183184   3.23120293869841   2.76484967620599   1.24536358039459e-16   9.36182171893398
1.84429517517518   3.20179739577551   2.7648438703256   1.41618834639856e-16   9.36184712505947
1.85431851851853   3.17362118845113   2.76483842575894   1.87343976916444e-16   9.36186914114198
1.86434186186187   3.14702946942296   2.76483329479896   1.2471284307353e-16   9.36188803663042
1.87436520520521   3.12231145730576   2.76482843334509   2.47015734642149e-16   9.36190404016462
1.88438854854856   3.09968236585562   2.7648237997786   1.71346506589542e-16   9.36191733890837
1.8944118918919   3.07928004968177   2.76481935343703   -2.78026106601554e-16   9.36192807419908
1.90443523523524   3.06116621550777   2.76481505225427   -9.19966017113487e-16   9.36193633047347
1.91445857857859   3.0453316902461   2.76481084874203   -1.49964529793108e-15   9.36194211157062
1.92448192192193   3.03170496082893   2.76480668273747   -2.11611222900571e-15   9.36194529305297
1.93450526526527   3.02016302565131   2.76480246790206   -2.10060652286263e-15   9.36194552874417
1.94452860860862   3.01054352872015   2.76479806620144   -2.4337474436395e-15   9.36194206971325
1.95455195195196   3.00265717611567   2.76479323932475   -2.60993685000844e-15   9.36193341575969
1.9645752952953   2.9962995388677   2.76478755592941   -2.83637254792479e-15   9.36191664651864
1.97459863863865   2.99126149552511   2.76478021435914   -2.94575870954995e-15   9.36188614003056
1.98462198198199   2.98733772149281   2.76476970375741   -3.14974253874724e-15   9.36183112078962
1.99464532532533   2.98433274015285   2.76475315641488   -3.77040054107173e-15   9.36173097210389
2.00466866866868   2.98206404459006   2.7647251104819   -4.1877991674911e-15   9.3615462802993
2.01469201201202   2.98036157441639   2.76467514713298   -4.66162407364049e-15   9.36120173425469
2.02471535535536   2.97906221318967   2.76458337985255   -4.81259258914682e-15   9.36055349055258
2.03473869869871   2.97799663784911   2.7644118459673   -5.00425929119013e-15   9.35932692877936
2.04476204204205   2.97696320419133   2.7640880822475   -5.41383940194189e-15   9.35699802470092
2.05478538538539   2.97567846981295   2.76347379667839   -5.55169952129015e-15   9.35256755239398
2.06480872872874   2.97368435888177   2.76230513230322   -5.42219155057696e-15   9.34413224619555
2.07483207207208   2.97017412138314   2.76007882149545   -5.53361669050419e-15   9.32807370747883
2.08485541541542   2.96366683153409   2.75583541337102   -6.08032645533959e-15   9.29753639635705
2.09487875875877   2.95140419138563   2.74774722676149   -6.53289654116731e-15   9.23961514157578
2.10490210210211   2.92825728986919   2.73233779400574   -7.02610455446816e-15   9.13031462584228
2.11492544544545   2.88483860690357   2.70301377151474   -6.95779656510641e-15   8.92607467718209
2.1249487887888   2.80457878090192   2.64734782535977   -6.72150076057901e-15   8.55148709009128
2.13497213213214   2.66038706309509   2.54224913312393   -6.36743347050988e-15   7.88828360318838
2.14499547547548   2.41498879405394   2.34635954967269   -5.63251564583483e-15   6.78928276333759
2.15501881881883   2.03777744521587   1.99324160355191   -4.64423426731109e-15   5.17847046912652
2.16504216216217   1.55726131808426   1.41336419129869   -3.01259154538279e-15   3.29058312675614
2.17506550550551   1.11816205347301   0.67890024261536   -1.0750358028146e-15   1.79846321724141
2.18508884884886   0.87999548745889   0.171747297647768   -1.49100042556608e-16   1.15995998640985
2.1951121921922   0.812707988537531   0.0262436859174807   -9.52574863539187e-19   1.02271001199838
2.20513553553555   0.801681881520331   0.00345681031073139   -4.13679125127621e-22   1.00295059952831
2.21515887887889   0.80021634486588   0.000444606542650735   -1.11651057393351e-26   1.00037872175269
2.22518222222223   0.800027735992716   5.69995627186857e-05   -1.84019900581015e-32   1.00004853992528
2.23520556556558   0.800003554313802   7.30438394611275e-06   -3.86004574332956e-40   1.00000622008097
2.24522890890892   0.800000455451244   9.35987080776646e-07   -3.56478775453479e-48   1.0000007970402
2.25525225225226   0.800000058360942   1.19936235037263e-07   -2.6767174466653e-57   1.00000010213165
2.26527559559561   0.80000000747824   1.53683655241877e-08   -2.2171887579213e-67   1.00000001308692
2.27529893893895   0.800000000958238   1.96925376226603e-09   -1.46946400297928e-78   1.00000000167691
2.28532228228229   0.800000000122784   2.52331707169206e-10   -8.09759167291194e-91   1.00000000021487
2.29534562562564   0.800000000015733   3.23322658022159e-11   -3.86987979761191e-104   1.00000000002753
2.30536896896898   0.800000000002016   4.14242605543898e-12   -1.59795972136538e-118   1.00000000000353
2.31539231231232   0.800000000000258   5.30313191594398e-13   -6.36988334577671e-134   1.00000000000045
2.32541565565567   0.800000000000033   6.75945906133181e-14   -2.11231622036451e-150   1.00000000000006
2.33543899899901   0.800000000000004   8.39595795349763e-15   -5.69907790101654e-168   1.00000000000001
2.34546234234235   0.8   9.17072156655954e-16   -1.20990457829961e-186   1
2.3554856856857   0.8   7.11521242408049e-17   -1.3797547094442e-206   1
2.36550902902904   0.8   0   0   1
2.37553237237238   0.8   0   0   1
2.38555571571573   0.8   0   0   1
2.39557905905907   0.8   0   0   1
2.40560240240241   0.8   0   0   1
2.41562574574576   0.8   0   0   1
2.4256490890891   0.8   0   0   1
2.43567243243244   0.8   0   0   1
2.44569577577579   0.8   0   0   1
2.45571911911913   0.8   0   0   1
2.46574246246247   0.8   0   0   1
2.47576580580582   0.8   0   0   1
2.48578914914916   0.8   0   0   1
2.4958124924925   0.8   0   0   1
2.50583583583585   0.8   0   0   1
2.51585917917919   0.8   0   0   1
2.52588252252253   0.8   0   0   1
2.53590586586588   0.8   0   0   1
2.54592920920922   0.8   0   0   1
2.55595255255257   0.8   0   0   1
2.56597589589591   0.8   0   0   1
2.57599923923925   0.8   0   0   1
2.5860225825826   0.8   0   0   1
2.59604592592594   0.8   0   0   1
2.60606926926928   0.8   0   0   1
2.61609261261263   0.8   0   0   1
2.62611595595597   0.8   0   0   1
2.63613929929931   0.8   0   0   1
2.64616264264266   0.8   0   0   1
2.656185985986   0.8   0   0   1
2.66620932932934   0.8   0   0   1
2.67623267267269   0.8   0   0   1
2.68625601601603   0.8   0   0   1
2.69627935935937   0.8   0   0   1
2.70630270270272   0.8   0   0   1
2.71632604604606   0.8   0   0   1
2.7263493893894   0.8   0   0   1
2.73637273273275   0.8   0   0   1
2.74639607607609   0.8   0   0   1
2.75641941941943   0.8   0   0   1
2.76644276276278   0.8   0   0   1
2.77646610610612   0.8   0   0   1
2.78648944944946   0.8   0   0   1
2.79651279279281   0.8   0   0   1
2.80653613613615   0.8   0   0   1
2.81655947947949   0.8   0   0   1
2.82658282282284   0.8   0   0   1
2.83660616616618   0.8   0   0   1
2.84662950950952   0.8   0   0   1
2.85665285285287   0.8   0   0   1
2.86667619619621   0.8   0   0   1
2.87669953953955   0.8   0   0   1
2.8867228828829   0.8   0   0   1
2.89674622622624   0.8   0   0   1
2.90676956956958   0.8   0   0   1
2.91679291291293   0.8   0   0   1
2.92681625625627   0.8   0   0   1
2.93683959959962   0.8   0   0   1
2.94686294294296   0.8   0   0   1
2.9568862862863   0.8   0   0   1
2.96690962962965   0.8   0   0   1
2.97693297297299   0.8   0   0   1
2.98695631631633   0.8   0   0   1
2.99697965965968   0.8   0   0   1
3.00700300300302   0.8   0   0   1
3.01702634634636   0.8   0   0   1
3.02704968968971   0.8   0   0   1
3.03707303303305   0.8   0   0   1
3.04709637637639   0.8   0   0   1
3.05711971971974   0.8   0   0   1
3.06714306306308   0.8   0   0   1
3.07716640640642   0.8   0   0   1
3.08718974974977   0.8   0   0   1
3.09721309309311   0.8   0   0   1
3.10723643643645   0.8   0   0   1
3.1172597797798   0.8   0   0   1
3.12728312312314   0.8   0   0   1
3.13730646646648   0.8   0   0   1
3.14732980980983   0.8   0   0   1
3.15735315315317   0.8   0   0   1
3.16737649649651   0.8   0   0   1
3.17739983983986   0.8   0   0   1
3.1874231831832   0.8   0   0   1
3.19744652652654   0.8   0   0   1
3.20746986986989   0.8   0   0   1
3.21749321321323   0.8   0   0   1
3.22751655655657   0.8   0   0   1
3.23753989989992   0.8   0   0   1
3.24756324324326   0.8   0   0   1
3.2575865865866   0.8   0   0   1
3.26760992992995   0.8   0   0   1
3.27763327327329   0.8   0   0   1
3.28765661661664   0.8   0   0   1
3.29767995995998   0.8   0   0   1
3.30770330330332   0.8   0   0   1
3.31772664664667   0.8   0   0   1
3.32774998999001   0.8   0   0   1
3.33777333333335   0.8   0   0   1
3.3477966766767   0.8   0   0   1
3.35782002002004   0.8   0   0   1
3.36784336336338   0.8   0   0   1
3.37786670670673   0.8   0   0   1
3.38789005005007   0.8   0   0   1
3.39791339339341   0.8   0   0   1
3.40793673673676   0.8   0   0   1
3.4179600800801   0.8   0   0   1
3.42798342342344   0.8   0   0   1
3.43800676676679   0.8   0   0   1
3.44803011011013   0.8   0   0   1
3.45805345345347   0.8   0   0   1
3.46807679679682   0.8   0   0   1
3.47810014014016   0.8   0   0   1
3.4881234834835   0.8   0   0   1
3.49814682682685   0.8   0   0   1
3.50817017017019   0.8   0   0   1
3.51819351351353   0.8   0   0   1
3.52821685685688   0.8   0   0   1
3.53824020020022   0.8   0   0   1
3.54826354354356   0.8   0   0   1
3.55828688688691   0.8   0   0   1
3.56831023023025   0.8   0   0   1
3.57833357357359   0.8   0   0   1
3.58835691691694   0.8   0   0   1
3.59838026026028   0.8   0   0   1
3.60840360360362   0.8   0   0   1
3.61842694694697   0.8   0   0   1
3.62845029029031   0.8   0   0   1
3.63847363363366   0.8   0   0   1
3.648496976977   0.8   0   0   1
3.65852032032034   0.8   0   0   1
3.66854366366369   0.8   0   0   1
3.67856700700703   0.8   0   0   1
3.68859035035037   0.8   0   0   1
3.69861369369372   0.8   0   0   1
3.70863703703706   0.8   0   0   1
3.7186603803804   0.8   0   0   1
3.72868372372375   0.8   0   0   1
3.73870706706709   0.8   0   0   1
3.74873041041043   0.8   0   0   1
3.75875375375378   0.8   0   0   1
3.76877709709712   0.8   0   0   1
3.77880044044046   0.8   0   0   1
3.78882378378381   0.8   0   0   1
3.79884712712715   0.8   0   0   1
3.80887047047049   0.8   0   0   1
3.81889381381384   0.8   0   0   1
3.82891715715718   0.8   0   0   1
3.83894050050052   0.8   0   0   1
3.84896384384387   0.8   0   0   1
3.85898718718721   0.8   0   0   1
3.86901053053055   0.8   0   0   1
3.8790338738739   0.8   0   0   1
3.88905721721724   0.8   0   0   1
3.89908056056058   0.8   0   0   1
3.90910390390393   0.8   0   0   1
3.91912724724727   0.8   0   0   1
3.92915059059061   0.8   0   0   1
3.93917393393396   0.8   0   0   1
3.9491972772773   0.8   0   0   1
3.95922062062064   0.8   0   0   1
3.96924396396399   0.8   0   0   1
3.97926730730733   0.8   0   0   1
3.98929065065068   0.8   0   0   1
3.99931399399402   0.8   0   0   1
4.00933733733736   0.8   0   0   1
4.01936068068071   0.8   0   0   1
4.02938402402405   0.8   0   0   1
4.03940736736739   0.8   0   0   1
4.04943071071074   0.8   0   0   1
4.05945405405408   0.8   0   0   1
4.06947739739742   0.8   0   0   1
4.07950074074077   0.8   0   0   1
4.08952408408411   0.8   0   0   1
4.09954742742745   0.8   0   0   1
4.1095707707708   0.8   0   0   1
4.11959411411414   0.8   0   0   1
4.12961745745748   0.8   0   0   1
4.13964080080083   0.8   0   0   1
4.14966414414417   0.8   0   0   1
4.15968748748751   0.8   0   0   1
4.16971083083086   0.8   0   0   1
4.1797341741742   0.8   0   0   1
4.18975751751754   0.8   0   0   1
4.19978086086089   0.8   0   0   1
4.20980420420423   0.8   0   0   1
4.21982754754757   0.8   0   0   1
4.22985089089092   0.8   0   0   1
4.23987423423426   0.8   0   0   1
4.2498975775776   0.8   0   0   1
4.25992092092095   0.8   0   0   1
4.26994426426429   0.8   0   0   1
4.27996760760763   0.8   0   0   1
4.28999095095098   0.8   0   0   1
4.30001429429432   0.8   0   0   1
4.31003763763766   0.8   0   0   1
4.32006098098101   0.8   0   0   1
4.33008432432435   0.8   0   0   1
4.3401076676677   0.8   0   0   1
4.35013101101104   0.8   0   0   1
4.36015435435438   0.8   0   0   1
4.37017769769773   0.8   0   0   1
4.38020104104107   0.8   0   0   1
4.39022438438441   0.8   0   0   1
4.40024772772776   0.8   0   0   1
4.4102710710711   0.8   0   0   1
4.42029441441444   0.8   0   0   1
4.43031775775779   0.8   0   0   1
4.44034110110113   0.8   0   0   1
4.45036444444447   0.8   0   0   1
4.46038778778782   0.8   0   0   1
4.47041113113116   0.8   0   0   1
4.4804344744745   0.8   0   0   1
4.49045781781785   0.8   0   0   1
4.50048116116119   0.8   0   0   1
4.51050450450453   0.8   0   0   1
4.52052784784788   0.8   0   0   1
4.53055119119122   0.8   0   0   1
4.54057453453456   0.8   0   0   1
4.55059787787791   0.8   0   0   1
4.56062122122125   0.8   0   0   1
4.57064456456459   0.8   0   0   1
4.58066790790794   0.8   0   0   1
4.59069125125128   0.8   0   0   1
4.60071459459462   0.8   0   0   1
4.61073793793797   0.8   0   0   1
4.62076128128131   0.8   0   0   1
4.63078462462465   0.8   0   0   1
4.640807967968   0.8   0   0   1
4.65083131131134   0.8   0   0   1
4.66085465465468   0.8   0   0   1
4.67087799799803   0.8   0   0   1
4.68090134134137   0.8   0   0   1
4.69092468468472   0.8   0   0   1
4.70094802802806   0.8   0   0   1
4.7109713713714   0.8   0   0   1
4.72099471471475   0.8   0   0   1
4.73101805805809   0.8   0   0   1
4.74104140140143   0.8   0   0   1
4.75106474474478   0.8   0   0   1
4.76108808808812   0.8   0   0   1
4.77111143143146   0.8   0   0   1
4.78113477477481   0.8   0   0   1
4.79115811811815   0.8   0   0   1
4.80118146146149   0.8   0   0   1
4.81120480480484   0.8   0   0   1
4.82122814814818   0.8   0   0   1
4.83125149149152   0.8   0   0   1
4.84127483483487   0.8   0   0   1
4.85129817817821   0.8   0   0   1
4.86132152152155   0.8   0   0   1
4.8713448648649   0.8   0   0   1
4.88136820820824   0.8   0   0   1
4.89139155155158   0.8   0   0   1
4.90141489489493   0.8   0   0   1
4.91143823823827   0.8   0   0   1
4.92146158158161   0.8   0   0   1
4.93148492492496   0.8   0   0   1
4.9415082682683   0.8   0   0   1
4.95153161161164   0.8   0   0   1
4.96155495495499   0.8   0   0   1
4.97157829829833   0.8   0   0   1
4.98160164164167   0.8   0   0   1
4.99162498498502   0.8   0   0   1
5.00164832832836   0.8   0   0   1
5.0116716716717   0.8   0   0   1
5.02169501501505   0.8   0   0   1
5.03171835835839   0.8   0   0   1
5.04174170170173   0.8   0   0   1
5.05176504504508   0.8   0   0   1
5.06178838838842   0.8   0   0   1
5.07181173173177   0.8   0   0   1
5.08183507507511   0.8   0   0   1
5.09185841841845   0.8   0   0   1
5.1018817617618   0.8   0   0   1
5.11190510510514   0.8   0   0   1
5.12192844844848   0.8   0   0   1
5.13195179179183   0.8   0   0   1
5.14197513513517   0.8   0   0   1
5.15199847847851   0.8   0   0   1
5.16202182182186   0.8   0   0   1
5.1720451651652   0.8   0   0   1
5.18206850850854   0.8   0   0   1
5.19209185185189   0.8   0   0   1
5.20211519519523   0.8   0   0   1
5.21213853853857   0.8   0   0   1
5.22216188188192   0.8   0   0   1
5.23218522522526   0.8   0   0   1
5.2422085685686   0.8   0   0   1
5.25223191191195   0.8   0   0   1
5.26225525525529   0.8   0   0   1
5.27227859859863   0.8   0   0   1
5.28230194194198   0.8   0   0   1
5.29232528528532   0.8   0   0   1
5.30234862862866   0.8   0   0   1
5.31237197197201   0.8   0   0   1
5.32239531531535   0.8   0   0   1
5.33241865865869   0.8   0   0   1
5.34244200200204   0.8   0   0   1
5.35246534534538   0.8   0   0   1
5.36248868868872   0.8   0   0   1
5.37251203203207   0.8   0   0   1
5.38253537537541   0.8   0   0   1
5.39255871871875   0.8   0   0   1
5.4025820620621   0.8   0   0   1
5.41260540540544   0.8   0   0   1
5.42262874874879   0.8   0   0   1
5.43265209209213   0.8   0   0   1
5.44267543543547   0.8   0   0   1
5.45269877877882   0.8   0   0   1
5.46272212212216   0.8   0   0   1
5.4727454654655   0.8   0   0   1
5.48276880880885   0.8   0   0   1
5.49279215215219   0.8   0   0   1
5.50281549549553   0.8   0   0   1
5.51283883883888   0.8   0   0   1
5.52286218218222   0.8   0   0   1
5.53288552552556   0.8   0   0   1
5.54290886886891   0.8   0   0   1
5.55293221221225   0.8   0   0   1
5.56295555555559   0.8   0   0   1
5.57297889889894   0.8   0   0   1
5.58300224224228   0.8   0   0   1
5.59302558558562   0.8   0   0   1
5.60304892892897   0.8   0   0   1
5.61307227227231   0.8   0   0   1
5.62309561561565   0.8   0   0   1
5.633118958959   0.8   0   0   1
5.64314230230234   0.8   0   0   1
5.65316564564568   0.8   0   0   1
5.66318898898903   0.8   0   0   1
5.67321233233237   0.8   0   0   1
5.68323567567571   0.8   0   0   1
5.69325901901906   0.8   0   0   1
5.7032823623624   0.8   0   0   1
5.71330570570574   0.8   0   0   1
5.72332904904909   0.8   0   0   1
5.73335239239243   0.8   0   0   1
5.74337573573577   0.8   0   0   1
5.75339907907912   0.8   0   0   1
5.76342242242246   0.8   0   0   1
5.77344576576581   0.8   0   0   1
5.78346910910915   0.8   0   0   1
5.79349245245249   0.8   0   0   1
5.80351579579584   0.8   0   0   1
5.81353913913918   0.8   0   0   1
5.82356248248252   0.8   0   0   1
5.83358582582587   0.8   0   0   1
5.84360916916921   0.8   0   0   1
5.85363251251255   0.8   0   0   1
5.8636558558559   0.8   0   0   1
5.87367919919924   0.8   0   0   1
5.88370254254258   0.8   0   0   1
5.89372588588593   0.8   0   0   1
5.90374922922927   0.8   0   0   1
5.91377257257261   0.8   0   0   1
5.92379591591596   0.8   0   0   1
5.9338192592593   0.8   0   0   1
5.94384260260264   0.8   0   0   1
5.95386594594599   0.8   0   0   1
5.96388928928933   0.8   0   0   1
5.97391263263267   0.8   0   0   1
5.98393597597602   0.8   0   0   1
5.99395931931936   0.8   0   0   1
6.0039826626627   0.8   0   0   1
6.01400600600605   0.8   0   0   1
6.02402934934939   0.8   0   0   1
6.03405269269273   0.8   0   0   1
6.04407603603608   0.8   0   0   1
6.05409937937942   0.8   0   0   1
6.06412272272276   0.8   0   0   1
6.07414606606611   0.8   0   0   1
6.08416940940945   0.8   0   0   1
6.09419275275279   0.8   0   0   1
6.10421609609614   0.8   0   0   1
6.11423943943948   0.8   0   0   1
6.12426278278283   0.8   0   0   1
6.13428612612617   0.8   0   0   1
6.14430946946951   0.8   0   0   1
6.15433281281286   0.8   0   0   1
6.1643561561562   0.8   0   0   1
6.17437949949954   0.8   0   0   1
6.18440284284289   0.8   0   0   1
6.19442618618623   0.8   0   0   1
6.20444952952957   0.8   0   0   1
6.21447287287292   0.8   0   0   1
6.22449621621626   0.8   0   0   1
6.2345195595596   0.8   0   0   1
6.24454290290295   0.8   0   0   1
6.25456624624629   0.8   0   0   1
6.26458958958963   0.8   0   0   1
6.27461293293298   0.8   0   0   1
6.28463627627632   0.8   0   0   1
6.29465961961966   0.8   0   0   1
6.30468296296301   0.8   0   0   1
6.31470630630635   0.8   0   0   1
6.32472964964969   0.8   0   0   1
6.33475299299304   0.8   0   0   1
6.34477633633638   0.8   0   0   1
6.35479967967972   0.8   0   0   1
6.36482302302307   0.8   0   0   1
6.37484636636641   0.8   0   0   1
6.38486970970975   0.8   0   0   1
6.3948930530531   0.8   0   0   1
6.40491639639644   0.8   0   0   1
6.41493973973978   0.8   0   0   1
6.42496308308313   0.8   0   0   1
6.43498642642647   0.8   0   0   1
6.44500976976981   0.8   0   0   1
6.45503311311316   0.8   0   0   1
6.4650564564565   0.8   0   0   1
6.47507979979985   0.8   0   0   1
6.48510314314319   0.8   0   0   1
6.49512648648653   0.8   0   0   1
6.50514982982988   0.8   0   0   1
6.51517317317322   0.8   0   0   1
6.52519651651656   0.8   0   0   1
6.53521985985991   0.8   0   0   1
6.54524320320325   0.8   0   0   1
6.55526654654659   0.8   0   0   1
6.56528988988994   0.8   0   0   1
6.57531323323328   0.8   0   0   1
6.58533657657662   0.8   0   0   1
6.59535991991997   0.8   0   0   1
6.60538326326331   0.8   0   0   1
6.61540660660665   0.8   0   0   1
6.62542994995   0.8   0   0   1
6.63545329329334   0.8   0   0   1
6.64547663663668   0.8   0   0   1
6.65549997998003   0.8   0   0   1
6.66552332332337   0.8   0   0   1
6.67554666666671   0.8   0   0   1
6.68557001001006   0.8   0   0   1
6.6955933533534   0.8   0   0   1
6.70561669669674   0.8   0   0   1
6.71564004004009   0.8   0   0   1
6.72566338338343   0.8   0   0   1
6.73568672672677   0.8   0   0   1
6.74571007007012   0.8   0   0   1
6.75573341341346   0.8   0   0   1
6.7657567567568   0.8   0   0   1
6.77578010010015   0.8   0   0   1
6.78580344344349   0.8   0   0   1
6.79582678678683   0.8   0   0   1
6.80585013013018   0.8   0   0   1
6.81587347347352   0.8   0   0   1
6.82589681681686   0.8   0   0   1
6.83592016016021   0.8   0   0   1
6.84594350350355   0.8   0   0   1
6.8559668468469   0.8   0   0   1
6.86599019019024   0.8   0   0   1
6.87601353353358   0.8   0   0   1
6.88603687687693   0.8   0   0   1
6.89606022022027   0.8   0   0   1
6.90608356356361   0.8   0   0   1
6.91610690690696   0.8   0   0   1
6.9261302502503   0.8   0   0   1
6.93615359359364   0.8   0   0   1
6.94617693693699   0.8   0   0   1
6.95620028028033   0.8   0   0   1
6.96622362362367   0.8   0   0   1
6.97624696696702   0.8   0   0   1
6.98627031031036   0.8   0   0   1
6.9962936536537   0.8   0   0   1
7.00631699699705   0.8   0   0   1
7.01634034034039   0.8   0   0   1
7.02636368368373   0.8   0   0   1
7.03638702702708   0.8   0   0   1
7.04641037037042   0.8   0   0   1
7.05643371371376   0.8   0   0   1
7.06645705705711   0.8   0   0   1
7.07648040040045   0.8   0   0   1
7.08650374374379   0.8   0   0   1
7.09652708708714   0.8   0   0   1
7.10655043043048   0.8   0   0   1
7.11657377377382   0.8   0   0   1
7.12659711711717   0.8   0   0   1
7.13662046046051   0.8   0   0   1
7.14664380380385   0.8   0   0   1
7.1566671471472   0.8   0   0   1
7.16669049049054   0.8   0   0   1
7.17671383383388   0.8   0   0   1
7.18673717717723   0.8   0   0   1
7.19676052052057   0.8   0   0   1
7.20678386386392   0.8   0   0   1
7.21680720720726   0.8   0   0   1
7.2268305505506   0.8   0   0   1
7.23685389389395   0.8   0   0   1
7.24687723723729   0.8   0   0   1
7.25690058058063   0.8   0   0   1
7.26692392392398   0.8   0   0   1
7.27694726726732   0.8   0   0   1
7.28697061061066   0.8   0   0   1
7.29699395395401   0.8   0   0   1
7.30701729729735   0.8   0   0   1
7.31704064064069   0.8   0   0   1
7.32706398398404   0.8   0   0   1
7.33708732732738   0.8   0   0   1
7.34711067067072   0.8   0   0   1
7.35713401401407   0.8   0   0   1
7.36715735735741   0.8   0   0   1
7.37718070070075   0.8   0   0   1
7.3872040440441   0.8   0   0   1
7.39722738738744   0.8   0   0   1
7.40725073073078   0.8   0   0   1
7.41727407407413   0.8   0   0   1
7.42729741741747   0.8   0   0   1
7.43732076076081   0.8   0   0   1
7.44734410410416   0.8   0   0   1
7.4573674474475   0.8   0   0   1
7.46739079079084   0.8   0   0   1
7.47741413413419   0.8   0   0   1
7.48743747747753   0.8   0   0   1
7.49746082082087   0.8   0   0   1
7.50748416416422   0.8   0   0   1
7.51750750750756   0.8   0   0   1
7.5275308508509   0.8   0   0   1
7.53755419419425   0.8   0   0   1
7.54757753753759   0.8   0   0   1
7.55760088088094   0.8   0   0   1
7.56762422422428   0.8   0   0   1
7.57764756756762   0.8   0   0   1
7.58767091091097   0.8   0   0   1
7.59769425425431   0.8   0   0   1
7.60771759759765   0.8   0   0   1
7.617740940941   0.8   0   0   1
7.62776428428434   0.8   0   0   1
7.63778762762768   0.8   0   0   1
7.64781097097103   0.8   0   0   1
7.65783431431437   0.8   0   0   1
7.66785765765771   0.8   0   0   1
7.67788100100106   0.8   0   0   1
7.6879043443444   0.8   0   0   1
7.69792768768774   0.8   0   0   1
7.70795103103109   0.8   0   0   1
7.71797437437443   0.8   0   0   1
7.72799771771777   0.8   0   0   1
7.73802106106112   0.8   0   0   1
7.74804440440446   0.8   0   0   1
7.7580677477478   0.8   0   0   1
7.76809109109115   0.8   0   0   1
7.77811443443449   0.8   0   0   1
7.78813777777783   0.8   0   0   1
7.79816112112118   0.8   0   0   1
7.80818446446452   0.8   0   0   1
7.81820780780786   0.8   0   0   1
7.82823115115121   0.8   0   0   1
7.83825449449455   0.8   0   0   1
7.84827783783789   0.8   0   0   1
7.85830118118124   0.8   0   0   1
7.86832452452458   0.8   0   0   1
7.87834786786792   0.8   0   0   1
7.88837121121127   0.8   0   0   1
7.89839455455461   0.8   0   0   1
7.90841789789796   0.8   0   0   1
7.9184412412413   0.8   0   0   1
7.92846458458464   0.8   0   0   1
7.93848792792799   0.8   0   0   1
7.94851127127133   0.8   0   0   1
7.95853461461467   0.8   0   0   1
7.96855795795802   0.8   0   0   1
7.97858130130136   0.8   0   0   1
7.9886046446447   0.8   0   0   1
7.99862798798805   0.8   0   0   1
8.00865133133139   0.8   0   0   1
8.01867467467473   0.8   0   0   1
8.02869801801808   0.8   0   0   1
8.03872136136142   0.8   0   0   1
8.04874470470476   0.8   0   0   1
8.05876804804811   0.8   0   0   1
8.06879139139145   0.8   0   0   1
8.07881473473479   0.8   0   0   1
8.08883807807814   0.8   0   0   1
8.09886142142148   0.8   0   0   1
8.10888476476482   0.8   0   0   1
8.11890810810817   0.8   0   0   1
8.12893145145151   0.8   0   0   1
8.13895479479485   0.8   0   0   1
8.1489781381382   0.8   0   0   1
8.15900148148154   0.8   0   0   1
8.16902482482488   0.8   0   0   1
8.17904816816823   0.8   0   0   1
8.18907151151157   0.8   0   0   1
8.19909485485491   0.8   0   0   1
8.20911819819826   0.8   0   0   1
8.2191415415416   0.8   0   0   1
8.22916488488494   0.8   0   0   1
8.23918822822829   0.8   0   0   1
8.24921157157163   0.8   0   0   1
8.25923491491498   0.8   0   0   1
8.26925825825832   0.8   0   0   1
8.27928160160166   0.8   0   0   1
8.28930494494501   0.8   0   0   1
8.29932828828835   0.8   0   0   1
8.30935163163169   0.8   0   0   1
8.31937497497504   0.8   0   0   1
8.32939831831838   0.8   0   0   1
8.33942166166172   0.8   0   0   1
8.34944500500507   0.8   0   0   1
8.35946834834841   0.8   0   0   1
8.36949169169175   0.8   0   0   1
8.3795150350351   0.8   0   0   1
8.38953837837844   0.8   0   0   1
8.39956172172178   0.8   0   0   1
8.40958506506513   0.8   0   0   1
8.41960840840847   0.8   0   0   1
8.42963175175181   0.8   0   0   1
8.43965509509516   0.8   0   0   1
8.4496784384385   0.8   0   0   1
8.45970178178184   0.8   0   0   1
8.46972512512519   0.8   0   0   1
8.47974846846853   0.8   0   0   1
8.48977181181187   0.8   0   0   1
8.49979515515522   0.8   0   0   1
8.50981849849856   0.8   0   0   1
8.5198418418419   0.8   0   0   1
8.52986518518525   0.8   0   0   1
8.53988852852859   0.8   0   0   1
8.54991187187193   0.8   0   0   1
8.55993521521528   0.8   0   0   1
8.56995855855862   0.8   0   0   1
8.57998190190196   0.8   0   0   1
8.59000524524531   0.8   0   0   1
8.60002858858865   0.8   0   0   1
8.610051931932   0.8   0   0   1
8.62007527527534   0.8   0   0   1
8.63009861861868   0.8   0   0   1
8.64012196196203   0.8   0   0   1
8.65014530530537   0.8   0   0   1
8.66016864864871   0.8   0   0   1
8.67019199199206   0.8   0   0   1
8.6802153353354   0.8   0   0   1
8.69023867867874   0.8   0   0   1
8.70026202202209   0.8   0   0   1
8.71028536536543   0.8   0   0   1
8.72030870870877   0.8   0   0   1
8.73033205205212   0.8   0   0   1
8.74035539539546   0.8   0   0   1
8.7503787387388   0.8   0   0   1
8.76040208208215   0.8   0   0   1
8.77042542542549   0.8   0   0   1
8.78044876876883   0.8   0   0   1
8.79047211211218   0.8   0   0   1
8.80049545545552   0.8   0   0   1
8.81051879879886   0.8   0   0   1
8.82054214214221   0.8   0   0   1
8.83056548548555   0.8   0   0   1
8.84058882882889   0.8   0   0   1
8.85061217217224   0.8   0   0   1
8.86063551551558   0.8   0   0   1
8.87065885885892   0.8   0   0   1
8.88068220220227   0.8   0   0   1
8.89070554554561   0.8   0   0   1
8.90072888888895   0.8   0   0   1
8.9107522322323   0.8   0   0   1
8.92077557557564   0.8   0   0   1
8.93079891891898   0.8   0   0   1
8.94082226226233   0.8   0   0   1
8.95084560560567   0.8   0   0   1
8.96086894894901   0.8   0   0   1
8.97089229229236   0.8   0   0   1
8.9809156356357   0.8   0   0   1
8.99093897897905   0.8   0   0   1
9.00096232232239   0.8   0   0   1
9.01098566566573   0.8   0   0   1
9.02100900900908   0.8   0   0   1
9.03103235235242   0.8   0   0   1
9.04105569569576   0.8   0   0   1
9.05107903903911   0.8   0   0   1
9.06110238238245   0.8   0   0   1
9.07112572572579   0.8   0   0   1
9.08114906906914   0.8   0   0   1
9.09117241241248   0.8   0   0   1
9.10119575575582   0.8   0   0   1
9.11121909909917   0.8   0   0   1
9.12124244244251   0.8   0   0   1
9.13126578578585   0.8   0   0   1
9.1412891291292   0.8   0   0   1
9.15131247247254   0.8   0   0   1
9.16133581581588   0.8   0   0   1
9.17135915915923   0.8   0   0   1
9.18138250250257   0.8   0   0   1
9.19140584584591   0.8   0   0   1
9.20142918918926   0.8   0   0   1
9.2114525325326   0.8   0   0   1
9.22147587587594   0.8   0   0   1
9.23149921921929   0.8   0   0   1
9.24152256256263   0.8   0   0   1
9.25154590590597   0.8   0   0   1
9.26156924924932   0.8   0   0   1
9.27159259259266   0.8   0   0   1
9.281615935936   0.8   0   0   1
9.29163927927935   0.8   0   0   1
9.30166262262269   0.8   0   0   1
9.31168596596603   0.8   0   0   1
9.32170930930938   0.8   0   0   1
9.33173265265272   0.8   0   0   1
9.34175599599607   0.8   0   0   1
9.35177933933941   0.8   0   0   1
9.36180268268275   0.8   0   0   1
9.3718260260261   0.8   0   0   1
9.38184936936944   0.8   0   0   1
9.39187271271278   0.8   0   0   1
9.40189605605613   0.8   0   0   1
9.41191939939947   0.8   0   0   1
9.42194274274281   0.8   0   0   1
9.43196608608616   0.8   0   0   1
9.4419894294295   0.8   0   0   1
9.45201277277284   0.8   0   0   1
9.46203611611619   0.8   0   0   1
9.47205945945953   0.8   0   0   1
9.48208280280287   0.8   0   0   1
9.49210614614622   0.8   0   0   1
9.50212948948956   0.8   0   0   1
9.5121528328329   0.8   0   0   1
9.52217617617625   0.8   0   0   1
9.53219951951959   0.8   0   0   1
9.54222286286293   0.8   0   0   1
9.55224620620628   0.8   0   0   1
9.56226954954962   0.8   0   0   1
9.57229289289296   0.8   0   0   1
9.58231623623631   0.8   0   0   1
9.59233957957965   0.8   0   0   1
9.60236292292299   0.8   0   0   1
9.61238626626634   0.8   0   0   1
9.62240960960968   0.8   0   0   1
9.63243295295302   0.8   0   0   1
9.64245629629637   0.8   0   0   1
9.65247963963971   0.8   0   0   1
9.66250298298305   0.8   0   0   1
9.6725263263264   0.8   0   0   1
9.68254966966974   0.8   0   0   1
9.69257301301309   0.8   0   0   1
9.70259635635643   0.8   0   0   1
9.71261969969977   0.8   0   0   1
9.72264304304312   0.8   0   0   1
9.73266638638646   0.8   0   0   1
9.7426897297298   0.8   0   0   1
9.75271307307315   0.8   0   0   1
9.76273641641649   0.8   0   0   1
9.77275975975983   0.8   0   0   1
9.78278310310318   0.8   0   0   1
9.79280644644652   0.8   0   0   1
9.80282978978986   0.8   0   0   1
9.81285313313321   0.8   0   0   1
9.82287647647655   0.8   0   0   1
9.83289981981989   0.8   0   0   1
9.84292316316324   0.8   0   0   1
9.85294650650658   0.8   0   0   1
9.86296984984992   0.8   0   0   1
9.87299319319327   0.8   0   0   1
9.88301653653661   0.8   0   0   1
9.89303987987995   0.8   0   0   1
9.9030632232233   0.8   0   0   1
9.91308656656664   0.8   0   0   1
9.92310990990998   0.8   0   0   1
9.93313325325333   0.8   0   0   1
9.94315659659667   0.8   0   0   1
9.95317993994001   0.8   0   0   1
9.96320328328336   0.8   0   0   1
9.9732266266267   0.8   0   0   1
9.98324996997004   0.8   0   0   1
9.99327331331339   0.8   0   0   1
10.0032966566567   0.8   0   0   1
10.0133200000001   0.8   0   0   1
