variables = x,rho,u,v,p
0   3.8571   2.6293   0   10.3333
0.0100233433433433   3.8571   2.6293   0   10.3333
0.0200466866866867   3.8571   2.6293   0   10.3333
0.03007003003003   3.8571   2.6293   0   10.3333
0.0400933733733734   3.8571   2.6293   0   10.3333
0.0501167167167167   3.8571   2.6293   0   10.3333
0.0601400600600601   3.8571   2.6293   0   10.3333
0.0701634034034034   3.8571   2.6293   0   10.3333
0.0801867467467468   3.8571   2.6293   0   10.3333
0.0902100900900901   3.8571   2.6293   0   10.3333
0.100233433433433   3.8571   2.6293   0   10.3333
0.110256776776777   3.8571   2.6293   0   10.3333
0.12028012012012   3.8571   2.6293   0   10.3333
0.130303463463463   3.8571   2.6293   0   10.3333
0.140326806806807   3.8571   2.6293   0   10.3333
0.15035015015015   3.8571   2.6293   0   10.3333
0.160373493493494   3.8571   2.6293   0   10.3333
0.170396836836837   3.8571   2.6293   0   10.3333
0.18042018018018   3.8571   2.6293   0   10.3333
0.190443523523524   3.8571   2.6293   0   10.3333
0.200466866866867   3.8571   2.6293   0   10.3333
0.21049021021021   3.8571   2.6293   0   10.3333
0.220513553553554   3.8571   2.6293   0   10.3333
0.230536896896897   3.8571   2.6293   0   10.3333
0.24056024024024   3.8571   2.6293   0   10.3333
0.250583583583584   3.8571   2.6293   0   10.3333
0.260606926926927   3.8571   2.6293   0   10.3333
0.27063027027027   3.8571   2.6293   0   10.3333
0.280653613613614   3.8571   2.6293   0   10.3333
0.290676956956957   3.8571   2.6293   0   10.3333
0.3007003003003   3.8571   2.6293   0   10.3333
0.310723643643644   3.8571   2.6293   0   10.3333
0.320746986986987   3.8571   2.6293   0   10.3333
0.330770330330331   3.8571   2.6293   0   10.3333
0.340793673673674   3.8571   2.6293   0   10.3333
0.350817017017017   3.8571   2.6293   0   10.3333
0.360840360360361   3.8571   2.6293   0   10.3333
0.370863703703704   3.8571   2.6293   0   10.3333
0.380887047047047   3.8571   2.6293   0   10.3333
0.390910390390391   3.8571   2.6293   0   10.3333
0.400933733733734   3.8571   2.6293   0   10.3333
0.410957077077078   3.8571   2.6293   0   10.3333
0.420980420420421   3.8571   2.6293   0   10.3333
0.431003763763764   3.8571   2.6293   0   10.3333
0.441027107107108   3.8571   2.6293   0   10.3333
0.451050450450451   3.8571   2.6293   0   10.3333
0.461073793793794   3.8571   2.6293   0   10.3333
0.471097137137138   3.8571   2.6293   0   10.3333
0.481120480480481   3.8571   2.6293   0   10.3333
0.491143823823825   3.8571   2.6293   0   10.3333
0.501167167167168   3.8571   2.6293   0   10.3333
0.511190510510511   3.8571   2.6293   0   10.3333
0.521213853853855   3.8571   2.6293   0   10.3333
0.531237197197198   3.8571   2.6293   0   10.3333
0.541260540540541   3.8571   2.6293   0   10.3333
0.551283883883884   3.8571   2.6293   0   10.3333
0.561307227227228   3.8571   2.6293   0   10.3333
0.571330570570571   3.8571   2.6293   0   10.3333
0.581353913913914   3.8571   2.6293   -1.73514439810937e-16   10.3333
0.591377257257258   3.85709999999999   2.62930000000001   -4.66455500437654e-16   10.3332999999999
0.601400600600601   3.85709999999995   2.62930000000003   -4.09668414371649e-16   10.3332999999998
0.611423943943944   3.85709999999987   2.62930000000008   -9.68605385899546e-17   10.3332999999994
0.621447287287288   3.85709999999969   2.62930000000019   -2.70338855126075e-16   10.3332999999986
0.631470630630631   3.85709999999927   2.62930000000045   -3.3447443288122e-16   10.3332999999966
0.641493973973974   3.8570999999983   2.62930000000105   -2.59669670622989e-16   10.3332999999921
0.651517317317318   3.8570999999961   2.62930000000239   7.82362711189814e-17   10.3332999999819
0.661540660660661   3.85709999999118   2.62930000000538   2.55047542986608e-16   10.3332999999593
0.671564004004004   3.85709999998035   2.62930000001196   3.11026138746816e-16   10.3332999999096
0.681587347347348   3.85709999995681   2.62930000002619   1.65279863009256e-16   10.333299999802
0.691610690690691   3.85709999990638   2.62930000005658   4.47506777755482e-16   10.3332999995723
0.701634034034034   3.85709999979986   2.62930000012055   4.7808483598869e-16   10.333299999089
0.711657377377378   3.85709999957803   2.62930000025327   2.10236351331811e-16   10.3332999980865
0.721680720720721   3.85709999912266   2.62930000052477   2.06023035412727e-16   10.3332999960363
0.731704064064064   3.85709999820119   2.62930000107217   1.95134128428166e-17   10.3332999919037
0.741727407407408   3.85709999636328   2.62930000216004   9.86670931152306e-17   10.3332999836929
0.751750750750751   3.85709999275026   2.62930000429085   1.24771549322525e-16   10.3332999676144
0.761774094094094   3.85709998575025   2.62930000840412   2.15865830163321e-16   10.3332999365846
0.771797437437437   3.85709997238485   2.62930001622904   3.99812066935853e-16   10.3332998775697
0.781820780780781   3.85709994723721   2.62930003089794   9.07825986829165e-17   10.3332997669655
0.791844124124124   3.85709990061202   2.62930005799478   -2.24615239260679e-16   10.3332995627056
0.801867467467467   3.85709981543372   2.62930010731432   -5.78106916840739e-16   10.3332991910206
0.811890810810811   3.85709966211346   2.62930019576007   -7.8497604704622e-16   10.3332985246371
0.821914154154154   3.85709939021303   2.62930035202803   -1.05097963955424e-15   10.3332973475497
0.831937497497497   3.85709891516433   2.62930062403275   -1.09257204300098e-15   10.3332952991871
0.841960840840841   3.85709809752323   2.62930109045065   -9.2860827501158e-16   10.3332917876489
0.851984184184184   3.85709671120626   2.62930187830414   -8.57779134507475e-16   10.3332858575824
0.862007527527527   3.85709439585459   2.62930318919592   -1.21988672302039e-15   10.3332759931294
0.872030870870871   3.85709058689981   2.62930533761745   -1.182505949068e-15   10.3332598302846
0.882054214214214   3.85708441513382   2.62930880565763   -1.15719101327406e-15   10.3332337462602
0.892077557557557   3.85707456575534   2.62931431934384   -1.11708007603594e-15   10.3331922867095
0.902100900900901   3.85705908523235   2.62932295261495   -8.40835422350756e-16   10.3331273859612
0.912124244244244   3.85703512326642   2.6293362653474   -9.10207694875757e-16   10.3330273323577
0.922147587587587   3.85699859718998   2.62935648165648   -1.04343050509092e-15   10.3328754324163
0.932170930930931   3.85694376790194   2.62938671355185   -4.68913421535642e-16   10.3326483362978
0.942194274274274   3.85686272063006   2.62943123260276   7.92323239801884e-17   10.3323140055167
0.952217617617617   3.85674475101519   2.62949578827878   8.83642285674529e-16   10.3318293341325
0.96224096096096   3.85657566763263   2.62958796592871   1.29596590404515e-15   10.3311374779692
0.972264304304304   3.85633703606024   2.62971757003545   1.63048183774276e-15   10.3301650020891
0.982287647647647   3.85600540630799   2.62989700986825   1.41791867826974e-15   10.3288190215935
0.99231099099099   3.85555158339307   2.63014165577304   1.15837736885336e-15   10.3269845786425
1.00233433433433   3.85494001782025   2.63047012632265   1.31159467636244e-15   10.3245225600899
1.01235767767768   3.8541284057841   2.63090446090107   1.51930375838934e-15   10.3212685037651
1.02238102102102   3.85306759482687   2.63147013060432   1.81921950480073e-15   10.317032654894
1.03240436436436   3.85170188652149   2.6321958439444   1.7390307687097e-15   10.3116016067799
1.04242770770771   3.8499698115408   2.63311311348341   1.69345651576425e-15   10.3047417853364
1.05245105105105   3.8478054238997   2.63425556504306   1.64825463119104e-15   10.2962049158595
1.06247439439439   3.84514012197307   2.63565799130648   1.70127221173541e-15   10.2857354512599
1.07249773773774   3.84190495796296   2.63735517424464   1.78348765507239e-15   10.2730797605308
1.08252108108108   3.83803335031701   2.63938052298086   1.73176628727745e-15   10.2579966969926
1.09254442442442   3.83346407141688   2.64176459243538   1.73954737627684e-15   10.240269012221
1.10256776776777   3.82814435143489   2.64453356081046   1.91002302259413e-15   10.2197149751574
1.11259111111111   3.82203292277371   2.64770774911524   2.26496395008714e-15   10.1961995111996
1.12261445445445   3.81510282970151   2.65130026321291   2.63191115560662e-15   10.1696441975165
1.1326377977978   3.80734384369849   2.65531582933478   2.87634612162914e-15   10.1400355321784
1.14266114114114   3.79876435324767   2.65974987971142   2.81604949126856e-15   10.1074310206366
1.15268448448449   3.78939263232259   2.66458792854675   2.95147207680484e-15   10.0719627727601
1.16270782782783   3.77927742908723   2.66980526263854   3.14884344517293e-15   10.0338384549395
1.17273117117117   3.76848785031335   2.67536695766776   2.75908462710409e-15   9.99333957556609
1.18275451451452   3.75711254415391   2.68122822182294   2.55671221729405e-15   9.95081718551969
1.19277785785786   3.74525820259733   2.68733506323279   2.80711976595924e-15   9.90668514317316
1.2028012012012   3.73304741574397   2.69362527582703   2.89052747022316e-15   9.86141112911431
1.21282454454455   3.72061591558304   2.70002973797379   2.78617918468423e-15   9.81550560988163
1.22284788788789   3.70810925133905   2.70647401710193   2.79367606196051e-15   9.7695089583632
1.23287123123123   3.69567894666929   2.71288026873488   3.13808991819603e-15   9.72397695946697
1.24289457457458   3.68347820587615   2.71916940732457   3.17315813891844e-15   9.67946498058597
1.25291791791792   3.67165726541729   2.72526350716151   3.80357022695191e-15   9.63651117952291
1.26294126126126   3.66035852933554   2.73108836415179   4.50692301908243e-15   9.59561926070644
1.27296460460461   3.64971167997023   2.73657611533618   5.04578715244745e-15   9.55724146305172
1.28298794794795   3.6398290110614   2.74166777731668   5.10588006703483e-15   9.52176264321739
1.29301129129129   3.63080127735807   2.7463155344666   4.86953181243576e-15   9.48948646506298
1.30303463463464   3.62269437859087   2.75048459172689   4.82394008356503e-15   9.46062476980673
1.31305797797798   3.61554718211875   2.75415441335535   5.12484990511223e-15   9.43529113420026
1.32308132132132   3.60937072838226   2.75731920363707   5.04092821352256e-15   9.41349939574628
1.33310466466467   3.60414895602697   2.75998754823516   4.49627984343156e-15   9.39516753582293
1.34312800800801   3.59984093999311   2.76218121866737   3.9614053099617e-15   9.38012680405033
1.35315135135135   3.59638447728913   2.7639332342101   3.35021533716493e-15   9.36813541682934
1.3631746946947   3.59370070906458   2.76528535880957   3.04909940100381e-15   9.35889566649772
1.37319803803804   3.59169936084875   2.76628526959494   2.39985962815038e-15   9.35207292788999
1.38322138138138   3.59028413459733   2.76698365769916   2.07755977101666e-15   9.34731491044932
1.39324472472473   3.58935780301887   2.76743150846948   1.97152867759644e-15   9.34426959519521
1.40326806806807   3.58882663130377   2.76767776206756   1.9383124457794e-15   9.34260058720063
1.41329141141141   3.58860386566145   2.76776748822788   2.00888266888627e-15   9.34199903878198
1.42331475475476   3.58861215828046   2.76774063444089   2.11248292191572e-15   9.34219177188651
1.4333380980981   3.58878492127082   2.7676313379266   2.79328536433695e-15   9.34294566975438
1.44336144144144   3.58906669995227   2.76746773775311   2.99637673656496e-15   9.34406875792451
1.45338478478479   3.58941271846885   2.76727218892466   3.41394628021549e-15   9.345408621617
1.46340812812813   3.58978777610379   2.76706176539506   3.73384577530968e-15   9.34684890692592
1.47343147147147   3.59016466528976   2.76684894069972   4.1655845068746e-15   9.34830464487862
1.48345481481482   3.59052225079103   2.76664234846149   4.71800497702444e-15   9.34971705015288
1.49347815815816   3.5908433044078   2.76644754527339   5.08133480914567e-15   9.35104831328038
1.50350150150151   3.59111214148907   2.76626772087853   5.00965610988345e-15   9.35227675636547
1.51352484484485   3.59131206423995   2.76610432177844   5.1710904408678e-15   9.35339258048138
1.52354818818819   3.59142259043941   2.76595757230793   5.17178322511399e-15   9.35439431244404
1.53357153153154   3.59141644107448   2.76582689086034   5.011640625758e-15   9.35528596643868
1.54359487487488   3.59125628075294   2.76571120825337   5.05615384105517e-15   9.35607487285302
1.55361821821822   3.59089125218892   2.76560920067819   4.89363118107408e-15   9.35677008956624
1.56364156156157   3.590253418916   2.76551945205648   4.36451750862872e-15   9.35738129468215
1.57366490490491   3.58925432301714   2.76544056080151   3.38904147893644e-15   9.35791805848572
1.58368824824825   3.58778196687205   2.7653712047389   2.94991795172431e-15   9.35838940083388
1.5937115915916   3.58569862496189   2.76531017594825   2.15485686688401e-15   9.35880355378267
1.60373493493494   3.58283996520969   2.7652563950281   1.8216068143009e-15   9.3591678646609
1.61375827827828   3.57901598900548   2.76520891208904   1.04242938647495e-15   9.35948878978971
1.62378162162163   3.57401426605695   2.76516689983489   4.35957805466673e-16   9.35977194231691
1.63380496496497   3.56760583061244   2.7651296424828   -6.59434715691612e-17   9.36002216860084
1.64382830830831   3.5595539144036   2.76509652301577   -1.79237068611405e-16   9.36024363614273
1.65385165165166   3.54962542594743   2.76506701032497   -5.21958768347191e-16   9.36043992243007
1.663874994995   3.53760476652615   2.76504064713512   -5.47781825683493e-16   9.36061409856091
1.67389833833834   3.52330923433522   2.76501703915678   -8.29551506761969e-16   9.36076880456037
1.68392168168169   3.5066049540471   2.76499584562154   -7.85621641454264e-16   9.36090631524501
1.69394502502503   3.48742202773258   2.7649767711834   -8.13509772002869e-16   9.3610285966551
1.70396836836837   3.46576747982006   2.76495955907601   -7.71731738050446e-16   9.36113735371026
1.71399171171172   3.44173459736797   2.76494398537301   -3.09886896747042e-16   9.36123407003915
1.72401505505506   3.41550746280133   2.76492985418759   9.65212033632593e-17   9.36132004102399
1.7340383983984   3.38735983183454   2.76491699365452   5.24505217015522e-16   9.36139640107331
1.74406174174175   3.35764799295951   2.76490525255383   6.972344596999e-16   9.36146414605064
1.75408508508509   3.32679780409308   2.7648944974546   9.19520945330996e-16   9.36152415167422
1.76410842842843   3.29528667023064   2.76488461027585   9.72961466957195e-16   9.36157718858042
1.77413177177178   3.26362173240667   2.7648754861774   5.69401755573699e-16   9.36162393461461
1.78415511511512   3.23231591851246   2.76486703170356   3.76189964864275e-16   9.3616649847716
1.79417845845846   3.20186371249775   2.76485916310397   3.82604056734046e-16   9.36170085903302
1.80420180180181   3.17271850572914   2.7648518047437   2.38819343648049e-16   9.36173200810218
1.81422514514515   3.14527320532045   2.76484488747802   1.57461916044278e-16   9.36175881664008
1.82424848848849   3.11984541754244   2.76483834678663   -3.08993688829856e-16   9.36178160291409
1.83427183183184   3.09666804919801   2.76483212029943   -6.16287200670438e-16   9.36180061250101
1.84429517517518   3.07588563793992   2.76482614402702   -1.21994336102116e-15   9.36181600130138
1.85431851851853   3.05755619865503   2.76482034599159   -1.62597620377741e-15   9.36182779858887
1.86434186186187   3.04165791544317   2.76481463476591   -2.23483539299729e-15   9.36183583216202
1.87436520520521   3.02809966126845   2.76480887814743   -2.59340779381045e-15   9.36183958110768
1.88438854854856   3.01673411457098   2.76480286282476   -2.79131467979057e-15   9.36183789000782
1.8944118918919   3.00737216706156   2.76479621753213   -3.02049040672246e-15   9.36182841784907
1.90443523523524   2.9997973616788   2.76478826620222   -3.55762841575309e-15   9.36180657914427
1.91445857857859   2.99377922718398   2.76477774709343   -3.37935105608425e-15   9.36176351372812
1.92448192192193   2.98908453091682   2.76476227557462   -3.49764132808861e-15   9.3616821997944
1.93450526526527   2.98548557783206   2.76473731701311   -3.62605839899359e-15   9.36153001990582
1.94452860860862   2.98276463409365   2.7646942240056   -3.81543204646532e-15   9.36124455509839
1.95455195195196   2.98071317989023   2.76461648745877   -3.79576162560341e-15   9.36070645791098
1.9645752952953   2.97912371508359   2.7644725792346   -4.00835960716565e-15   9.35968768816578
1.97459863863865   2.97776974205898   2.76420229265685   -4.3105593557958e-15   9.35775281581409
1.98462198198199   2.97636538811682   2.76369068291632   -4.48563234655136e-15   9.35407105606969
1.99464532532533   2.97448815526171   2.76271836856162   -4.90172828807183e-15   9.34705898580158
2.00466866866868   2.97143332138552   2.76086679654771   -5.43084665242821e-15   9.33370378128587
2.01469201201202   2.96594108022829   2.75733780013591   -5.52472488036e-15   9.30828970491554
2.02471535535536   2.95568922496289   2.75061040157294   -5.48882781772726e-15   9.26003186818054
2.03473869869871   2.93636650828948   2.73778988231706   -5.95809386998699e-15   9.16878848126312
2.04476204204205   2.90004419856549   2.71338028184179   -6.12093629468828e-15   8.99768053351646
2.05478538538539   2.83254862826337   2.66699873350403   -6.0568872469073e-15   8.68176412944012
2.06480872872874   2.71005218988331   2.579247956822   -5.90847948697593e-15   8.11541988393023
2.07483207207208   2.4975479237329   2.41487977919799   -5.45641835934031e-15   7.15483239655206
2.08485541541542   2.15899565427224   2.11467161444256   -4.59397872074252e-15   5.68514315952285
2.09487875875877   1.69856823979492   1.60305791075123   -3.11102219132972e-15   3.82357615883261
2.10490210210211   1.22741533071973   0.885858123043322   -1.4356313580193e-15   2.14091819470988
2.11492544544545   0.925284741172243   0.272096536898876   -4.53971418461865e-16   1.26593959902476
2.1249487887888   0.822152591795295   0.0460395029129726   -8.43717764570849e-17   1.04026735800978
2.13497213213214   0.803010223702595   0.00618851668573894   -1.34216224624569e-19   1.00529177110523
2.14499547547548   0.800388418891974   0.000798239050550043   -1.08896267633085e-23   1.00068011515946
2.15501881881883   0.800049813513566   0.000102370813095773   -5.4803564179242e-29   1.00008717990212
2.16504216216217   0.800006383543344   1.31186984823266e-05   -5.33766927650544e-36   1.00001117130348
2.17506550550551   0.800000817957592   1.68096982159981e-06   -3.48517905826968e-43   1.00000143142747
2.18508884884886   0.800000104807041   2.15387162398289e-07   -2.07819097493317e-51   1.00000018341235
2.1951121921922   0.800000013429049   2.75978253126176e-08   -1.11504257414462e-60   1.00000002350083
2.20513553553555   0.800000001720662   3.53610655849478e-09   -5.32294030725466e-71   1.00000000301116
2.21515887887889   0.800000000220466   4.53075763994333e-10   -2.27331977149926e-82   1.00000000038581
2.22518222222223   0.800000000028248   5.80509351372269e-11   -8.7190419832996e-95   1.00000000004943
2.23520556556558   0.800000000003619   7.43733349892666e-12   -3.01072205269905e-108   1.00000000000633
2.24522890890892   0.800000000000464   9.52468361833022e-13   -9.37358867776332e-123   1.00000000000081
2.25525225225226   0.800000000000059   1.21764461770726e-13   -2.63143095322711e-138   1.0000000000001
2.26527559559561   0.800000000000008   1.53935048279747e-14   -6.65686161002893e-155   1.00000000000001
2.27529893893895   0.800000000000001   1.84215985304919e-15   -1.48149629089943e-172   1
2.28532228228229   0.8   1.58125224221455e-16   -2.22912654341528e-191   1
2.29534562562564   0.8   0   -1.87345265864828e-211   1
2.30536896896898   0.8   0   0   1
2.31539231231232   0.8   0   0   1
2.32541565565567   0.8   0   0   1
2.33543899899901   0.8   0   0   1
2.34546234234235   0.8   0   0   1
2.3554856856857   0.8   0   0   1
2.36550902902904   0.8   0   0   1
2.37553237237238   0.8   0   0   1
2.38555571571573   0.8   0   0   1
2.39557905905907   0.8   0   0   1
2.40560240240241   0.8   0   0   1
2.41562574574576   0.8   0   0   1
2.4256490890891   0.8   0   0   1
2.43567243243244   0.8   0   0   1
2.44569577577579   0.8   0   0   1
2.45571911911913   0.8   0   0   1
2.46574246246247   0.8   0   0   1
2.47576580580582   0.8   0   0   1
2.48578914914916   0.8   0   0   1
2.4958124924925   0.8   0   0   1
2.50583583583585   0.8   0   0   1
2.51585917917919   0.8   0   0   1
2.52588252252253   0.8   0   0   1
2.53590586586588   0.8   0   0   1
2.54592920920922   0.8   0   0   1
2.55595255255257   0.8   0   0   1
2.56597589589591   0.8   0   0   1
2.57599923923925   0.8   0   0   1
2.5860225825826   0.8   0   0   1
2.59604592592594   0.8   0   0   1
2.60606926926928   0.8   0   0   1
2.61609261261263   0.8   0   0   1
2.62611595595597   0.8   0   0   1
2.63613929929931   0.8   0   0   1
2.64616264264266   0.8   0   0   1
2.656185985986   0.8   0   0   1
2.66620932932934   0.8   0   0   1
2.67623267267269   0.8   0   0   1
2.68625601601603   0.8   0   0   1
2.69627935935937   0.8   0   0   1
2.70630270270272   0.8   0   0   1
2.71632604604606   0.8   0   0   1
2.7263493893894   0.8   0   0   1
2.73637273273275   0.8   0   0   1
2.74639607607609   0.8   0   0   1
2.75641941941943   0.8   0   0   1
2.76644276276278   0.8   0   0   1
2.77646610610612   0.8   0   0   1
2.78648944944946   0.8   0   0   1
2.79651279279281   0.8   0   0   1
2.80653613613615   0.8   0   0   1
2.81655947947949   0.8   0   0   1
2.82658282282284   0.8   0   0   1
2.83660616616618   0.8   0   0   1
2.84662950950952   0.8   0   0   1
2.85665285285287   0.8   0   0   1
2.86667619619621   0.8   0   0   1
2.87669953953955   0.8   0   0   1
2.8867228828829   0.8   0   0   1
2.89674622622624   0.8   0   0   1
2.90676956956958   0.8   0   0   1
2.91679291291293   0.8   0   0   1
2.92681625625627   0.8   0   0   1
2.93683959959962   0.8   0   0   1
2.94686294294296   0.8   0   0   1
2.9568862862863   0.8   0   0   1
2.96690962962965   0.8   0   0   1
2.97693297297299   0.8   0   0   1
2.98695631631633   0.8   0   0   1
2.99697965965968   0.8   0   0   1
3.00700300300302   0.8   0   0   1
3.01702634634636   0.8   0   0   1
3.02704968968971   0.8   0   0   1
3.03707303303305   0.8   0   0   1
3.04709637637639   0.8   0   0   1
3.05711971971974   0.8   0   0   1
3.06714306306308   0.8   0   0   1
3.07716640640642   0.8   0   0   1
3.08718974974977   0.8   0   0   1
3.09721309309311   0.8   0   0   1
3.10723643643645   0.8   0   0   1
3.1172597797798   0.8   0   0   1
3.12728312312314   0.8   0   0   1
3.13730646646648   0.8   0   0   1
3.14732980980983   0.8   0   0   1
3.15735315315317   0.8   0   0   1
3.16737649649651   0.8   0   0   1
3.17739983983986   0.8   0   0   1
3.1874231831832   0.8   0   0   1
3.19744652652654   0.8   0   0   1
3.20746986986989   0.8   0   0   1
3.21749321321323   0.8   0   0   1
3.22751655655657   0.8   0   0   1
3.23753989989992   0.8   0   0   1
3.24756324324326   0.8   0   0   1
3.2575865865866   0.8   0   0   1
3.26760992992995   0.8   0   0   1
3.27763327327329   0.8   0   0   1
3.28765661661664   0.8   0   0   1
3.29767995995998   0.8   0   0   1
3.30770330330332   0.8   0   0   1
3.31772664664667   0.8   0   0   1
3.32774998999001   0.8   0   0   1
3.33777333333335   0.8   0   0   1
3.3477966766767   0.8   0   0   1
3.35782002002004   0.8   0   0   1
3.36784336336338   0.8   0   0   1
3.37786670670673   0.8   0   0   1
3.38789005005007   0.8   0   0   1
3.39791339339341   0.8   0   0   1
3.40793673673676   0.8   0   0   1
3.4179600800801   0.8   0   0   1
3.42798342342344   0.8   0   0   1
3.43800676676679   0.8   0   0   1
3.44803011011013   0.8   0   0   1
3.45805345345347   0.8   0   0   1
3.46807679679682   0.8   0   0   1
3.47810014014016   0.8   0   0   1
3.4881234834835   0.8   0   0   1
3.49814682682685   0.8   0   0   1
3.50817017017019   0.8   0   0   1
3.51819351351353   0.8   0   0   1
3.52821685685688   0.8   0   0   1
3.53824020020022   0.8   0   0   1
3.54826354354356   0.8   0   0   1
3.55828688688691   0.8   0   0   1
3.56831023023025   0.8   0   0   1
3.57833357357359   0.8   0   0   1
3.58835691691694   0.8   0   0   1
3.59838026026028   0.8   0   0   1
3.60840360360362   0.8   0   0   1
3.61842694694697   0.8   0   0   1
3.62845029029031   0.8   0   0   1
3.63847363363366   0.8   0   0   1
3.648496976977   0.8   0   0   1
3.65852032032034   0.8   0   0   1
3.66854366366369   0.8   0   0   1
3.67856700700703   0.8   0   0   1
3.68859035035037   0.8   0   0   1
3.69861369369372   0.8   0   0   1
3.70863703703706   0.8   0   0   1
3.7186603803804   0.8   0   0   1
3.72868372372375   0.8   0   0   1
3.73870706706709   0.8   0   0   1
3.74873041041043   0.8   0   0   1
3.75875375375378   0.8   0   0   1
3.76877709709712   0.8   0   0   1
3.77880044044046   0.8   0   0   1
3.78882378378381   0.8   0   0   1
3.79884712712715   0.8   0   0   1
3.80887047047049   0.8   0   0   1
3.81889381381384   0.8   0   0   1
3.82891715715718   0.8   0   0   1
3.83894050050052   0.8   0   0   1
3.84896384384387   0.8   0   0   1
3.85898718718721   0.8   0   0   1
3.86901053053055   0.8   0   0   1
3.8790338738739   0.8   0   0   1
3.88905721721724   0.8   0   0   1
3.89908056056058   0.8   0   0   1
3.90910390390393   0.8   0   0   1
3.91912724724727   0.8   0   0   1
3.92915059059061   0.8   0   0   1
3.93917393393396   0.8   0   0   1
3.9491972772773   0.8   0   0   1
3.95922062062064   0.8   0   0   1
3.96924396396399   0.8   0   0   1
3.97926730730733   0.8   0   0   1
3.98929065065068   0.8   0   0   1
3.99931399399402   0.8   0   0   1
4.00933733733736   0.8   0   0   1
4.01936068068071   0.8   0   0   1
4.02938402402405   0.8   0   0   1
4.03940736736739   0.8   0   0   1
4.04943071071074   0.8   0   0   1
4.05945405405408   0.8   0   0   1
4.06947739739742   0.8   0   0   1
4.07950074074077   0.8   0   0   1
4.08952408408411   0.8   0   0   1
4.09954742742745   0.8   0   0   1
4.1095707707708   0.8   0   0   1
4.11959411411414   0.8   0   0   1
4.12961745745748   0.8   0   0   1
4.13964080080083   0.8   0   0   1
4.14966414414417   0.8   0   0   1
4.15968748748751   0.8   0   0   1
4.16971083083086   0.8   0   0   1
4.1797341741742   0.8   0   0   1
4.18975751751754   0.8   0   0   1
4.19978086086089   0.8   0   0   1
4.20980420420423   0.8   0   0   1
4.21982754754757   0.8   0   0   1
4.22985089089092   0.8   0   0   1
4.23987423423426   0.8   0   0   1
4.2498975775776   0.8   0   0   1
4.25992092092095   0.8   0   0   1
4.26994426426429   0.8   0   0   1
4.27996760760763   0.8   0   0   1
4.28999095095098   0.8   0   0   1
4.30001429429432   0.8   0   0   1
4.31003763763766   0.8   0   0   1
4.32006098098101   0.8   0   0   1
4.33008432432435   0.8   0   0   1
4.3401076676677   0.8   0   0   1
4.35013101101104   0.8   0   0   1
4.36015435435438   0.8   0   0   1
4.37017769769773   0.8   0   0   1
4.38020104104107   0.8   0   0   1
4.39022438438441   0.8   0   0   1
4.40024772772776   0.8   0   0   1
4.4102710710711   0.8   0   0   1
4.42029441441444   0.8   0   0   1
4.43031775775779   0.8   0   0   1
4.44034110110113   0.8   0   0   1
4.45036444444447   0.8   0   0   1
4.46038778778782   0.8   0   0   1
4.47041113113116   0.8   0   0   1
4.4804344744745   0.8   0   0   1
4.49045781781785   0.8   0   0   1
4.50048116116119   0.8   0   0   1
4.51050450450453   0.8   0   0   1
4.52052784784788   0.8   0   0   1
4.53055119119122   0.8   0   0   1
4.54057453453456   0.8   0   0   1
4.55059787787791   0.8   0   0   1
4.56062122122125   0.8   0   0   1
4.57064456456459   0.8   0   0   1
4.58066790790794   0.8   0   0   1
4.59069125125128   0.8   0   0   1
4.60071459459462   0.8   0   0   1
4.61073793793797   0.8   0   0   1
4.62076128128131   0.8   0   0   1
4.63078462462465   0.8   0   0   1
4.640807967968   0.8   0   0   1
4.65083131131134   0.8   0   0   1
4.66085465465468   0.8   0   0   1
4.67087799799803   0.8   0   0   1
4.68090134134137   0.8   0   0   1
4.69092468468472   0.8   0   0   1
4.70094802802806   0.8   0   0   1
4.7109713713714   0.8   0   0   1
4.72099471471475   0.8   0   0   1
4.73101805805809   0.8   0   0   1
4.74104140140143   0.8   0   0   1
4.75106474474478   0.8   0   0   1
4.76108808808812   0.8   0   0   1
4.77111143143146   0.8   0   0   1
4.78113477477481   0.8   0   0   1
4.79115811811815   0.8   0   0   1
4.80118146146149   0.8   0   0   1
4.81120480480484   0.8   0   0   1
4.82122814814818   0.8   0   0   1
4.83125149149152   0.8   0   0   1
4.84127483483487   0.8   0   0   1
4.85129817817821   0.8   0   0   1
4.86132152152155   0.8   0   0   1
4.8713448648649   0.8   0   0   1
4.88136820820824   0.8   0   0   1
4.89139155155158   0.8   0   0   1
4.90141489489493   0.8   0   0   1
4.91143823823827   0.8   0   0   1
4.92146158158161   0.8   0   0   1
4.93148492492496   0.8   0   0   1
4.9415082682683   0.8   0   0   1
4.95153161161164   0.8   0   0   1
4.96155495495499   0.8   0   0   1
4.97157829829833   0.8   0   0   1
4.98160164164167   0.8   0   0   1
4.99162498498502   0.8   0   0   1
5.00164832832836   0.8   0   0   1
5.0116716716717   0.8   0   0   1
5.02169501501505   0.8   0   0   1
5.03171835835839   0.8   0   0   1
5.04174170170173   0.8   0   0   1
5.05176504504508   0.8   0   0   1
5.06178838838842   0.8   0   0   1
5.07181173173177   0.8   0   0   1
5.08183507507511   0.8   0   0   1
5.09185841841845   0.8   0   0   1
5.1018817617618   0.8   0   0   1
5.11190510510514   0.8   0   0   1
5.12192844844848   0.8   0   0   1
5.13195179179183   0.8   0   0   1
5.14197513513517   0.8   0   0   1
5.15199847847851   0.8   0   0   1
5.16202182182186   0.8   0   0   1
5.1720451651652   0.8   0   0   1
5.18206850850854   0.8   0   0   1
5.19209185185189   0.8   0   0   1
5.20211519519523   0.8   0   0   1
5.21213853853857   0.8   0   0   1
5.22216188188192   0.8   0   0   1
5.23218522522526   0.8   0   0   1
5.2422085685686   0.8   0   0   1
5.25223191191195   0.8   0   0   1
5.26225525525529   0.8   0   0   1
5.27227859859863   0.8   0   0   1
5.28230194194198   0.8   0   0   1
5.29232528528532   0.8   0   0   1
5.30234862862866   0.8   0   0   1
5.31237197197201   0.8   0   0   1
5.32239531531535   0.8   0   0   1
5.33241865865869   0.8   0   0   1
5.34244200200204   0.8   0   0   1
5.35246534534538   0.8   0   0   1
5.36248868868872   0.8   0   0   1
5.37251203203207   0.8   0   0   1
5.38253537537541   0.8   0   0   1
5.39255871871875   0.8   0   0   1
5.4025820620621   0.8   0   0   1
5.41260540540544   0.8   0   0   1
5.42262874874879   0.8   0   0   1
5.43265209209213   0.8   0   0   1
5.44267543543547   0.8   0   0   1
5.45269877877882   0.8   0   0   1
5.46272212212216   0.8   0   0   1
5.4727454654655   0.8   0   0   1
5.48276880880885   0.8   0   0   1
5.49279215215219   0.8   0   0   1
5.50281549549553   0.8   0   0   1
5.51283883883888   0.8   0   0   1
5.52286218218222   0.8   0   0   1
5.53288552552556   0.8   0   0   1
5.54290886886891   0.8   0   0   1
5.55293221221225   0.8   0   0   1
5.56295555555559   0.8   0   0   1
5.57297889889894   0.8   0   0   1
5.58300224224228   0.8   0   0   1
5.59302558558562   0.8   0   0   1
5.60304892892897   0.8   0   0   1
5.61307227227231   0.8   0   0   1
5.62309561561565   0.8   0   0   1
5.633118958959   0.8   0   0   1
5.64314230230234   0.8   0   0   1
5.65316564564568   0.8   0   0   1
5.66318898898903   0.8   0   0   1
5.67321233233237   0.8   0   0   1
5.68323567567571   0.8   0   0   1
5.69325901901906   0.8   0   0   1
5.7032823623624   0.8   0   0   1
5.71330570570574   0.8   0   0   1
5.72332904904909   0.8   0   0   1
5.73335239239243   0.8   0   0   1
5.74337573573577   0.8   0   0   1
5.75339907907912   0.8   0   0   1
5.76342242242246   0.8   0   0   1
5.77344576576581   0.8   0   0   1
5.78346910910915   0.8   0   0   1
5.79349245245249   0.8   0   0   1
5.80351579579584   0.8   0   0   1
5.81353913913918   0.8   0   0   1
5.82356248248252   0.8   0   0   1
5.83358582582587   0.8   0   0   1
5.84360916916921   0.8   0   0   1
5.85363251251255   0.8   0   0   1
5.8636558558559   0.8   0   0   1
5.87367919919924   0.8   0   0   1
5.88370254254258   0.8   0   0   1
5.89372588588593   0.8   0   0   1
5.90374922922927   0.8   0   0   1
5.91377257257261   0.8   0   0   1
5.92379591591596   0.8   0   0   1
5.9338192592593   0.8   0   0   1
5.94384260260264   0.8   0   0   1
5.95386594594599   0.8   0   0   1
5.96388928928933   0.8   0   0   1
5.97391263263267   0.8   0   0   1
5.98393597597602   0.8   0   0   1
5.99395931931936   0.8   0   0   1
6.0039826626627   0.8   0   0   1
6.01400600600605   0.8   0   0   1
6.02402934934939   0.8   0   0   1
6.03405269269273   0.8   0   0   1
6.04407603603608   0.8   0   0   1
6.05409937937942   0.8   0   0   1
6.06412272272276   0.8   0   0   1
6.07414606606611   0.8   0   0   1
6.08416940940945   0.8   0   0   1
6.09419275275279   0.8   0   0   1
6.10421609609614   0.8   0   0   1
6.11423943943948   0.8   0   0   1
6.12426278278283   0.8   0   0   1
6.13428612612617   0.8   0   0   1
6.14430946946951   0.8   0   0   1
6.15433281281286   0.8   0   0   1
6.1643561561562   0.8   0   0   1
6.17437949949954   0.8   0   0   1
6.18440284284289   0.8   0   0   1
6.19442618618623   0.8   0   0   1
6.20444952952957   0.8   0   0   1
6.21447287287292   0.8   0   0   1
6.22449621621626   0.8   0   0   1
6.2345195595596   0.8   0   0   1
6.24454290290295   0.8   0   0   1
6.25456624624629   0.8   0   0   1
6.26458958958963   0.8   0   0   1
6.27461293293298   0.8   0   0   1
6.28463627627632   0.8   0   0   1
6.29465961961966   0.8   0   0   1
6.30468296296301   0.8   0   0   1
6.31470630630635   0.8   0   0   1
6.32472964964969   0.8   0   0   1
6.33475299299304   0.8   0   0   1
6.34477633633638   0.8   0   0   1
6.35479967967972   0.8   0   0   1
6.36482302302307   0.8   0   0   1
6.37484636636641   0.8   0   0   1
6.38486970970975   0.8   0   0   1
6.3948930530531   0.8   0   0   1
6.40491639639644   0.8   0   0   1
6.41493973973978   0.8   0   0   1
6.42496308308313   0.8   0   0   1
6.43498642642647   0.8   0   0   1
6.44500976976981   0.8   0   0   1
6.45503311311316   0.8   0   0   1
6.4650564564565   0.8   0   0   1
6.47507979979985   0.8   0   0   1
6.48510314314319   0.8   0   0   1
6.49512648648653   0.8   0   0   1
6.50514982982988   0.8   0   0   1
6.51517317317322   0.8   0   0   1
6.52519651651656   0.8   0   0   1
6.53521985985991   0.8   0   0   1
6.54524320320325   0.8   0   0   1
6.55526654654659   0.8   0   0   1
6.56528988988994   0.8   0   0   1
6.57531323323328   0.8   0   0   1
6.58533657657662   0.8   0   0   1
6.59535991991997   0.8   0   0   1
6.60538326326331   0.8   0   0   1
6.61540660660665   0.8   0   0   1
6.62542994995   0.8   0   0   1
6.63545329329334   0.8   0   0   1
6.64547663663668   0.8   0   0   1
6.65549997998003   0.8   0   0   1
6.66552332332337   0.8   0   0   1
6.67554666666671   0.8   0   0   1
6.68557001001006   0.8   0   0   1
6.6955933533534   0.8   0   0   1
6.70561669669674   0.8   0   0   1
6.71564004004009   0.8   0   0   1
6.72566338338343   0.8   0   0   1
6.73568672672677   0.8   0   0   1
6.74571007007012   0.8   0   0   1
6.75573341341346   0.8   0   0   1
6.7657567567568   0.8   0   0   1
6.77578010010015   0.8   0   0   1
6.78580344344349   0.8   0   0   1
6.79582678678683   0.8   0   0   1
6.80585013013018   0.8   0   0   1
6.81587347347352   0.8   0   0   1
6.82589681681686   0.8   0   0   1
6.83592016016021   0.8   0   0   1
6.84594350350355   0.8   0   0   1
6.8559668468469   0.8   0   0   1
6.86599019019024   0.8   0   0   1
6.87601353353358   0.8   0   0   1
6.88603687687693   0.8   0   0   1
6.89606022022027   0.8   0   0   1
6.90608356356361   0.8   0   0   1
6.91610690690696   0.8   0   0   1
6.9261302502503   0.8   0   0   1
6.93615359359364   0.8   0   0   1
6.94617693693699   0.8   0   0   1
6.95620028028033   0.8   0   0   1
6.96622362362367   0.8   0   0   1
6.97624696696702   0.8   0   0   1
6.98627031031036   0.8   0   0   1
6.9962936536537   0.8   0   0   1
7.00631699699705   0.8   0   0   1
7.01634034034039   0.8   0   0   1
7.02636368368373   0.8   0   0   1
7.03638702702708   0.8   0   0   1
7.04641037037042   0.8   0   0   1
7.05643371371376   0.8   0   0   1
7.06645705705711   0.8   0   0   1
7.07648040040045   0.8   0   0   1
7.08650374374379   0.8   0   0   1
7.09652708708714   0.8   0   0   1
7.10655043043048   0.8   0   0   1
7.11657377377382   0.8   0   0   1
7.12659711711717   0.8   0   0   1
7.13662046046051   0.8   0   0   1
7.14664380380385   0.8   0   0   1
7.1566671471472   0.8   0   0   1
7.16669049049054   0.8   0   0   1
7.17671383383388   0.8   0   0   1
7.18673717717723   0.8   0   0   1
7.19676052052057   0.8   0   0   1
7.20678386386392   0.8   0   0   1
7.21680720720726   0.8   0   0   1
7.2268305505506   0.8   0   0   1
7.23685389389395   0.8   0   0   1
7.24687723723729   0.8   0   0   1
7.25690058058063   0.8   0   0   1
7.26692392392398   0.8   0   0   1
7.27694726726732   0.8   0   0   1
7.28697061061066   0.8   0   0   1
7.29699395395401   0.8   0   0   1
7.30701729729735   0.8   0   0   1
7.31704064064069   0.8   0   0   1
7.32706398398404   0.8   0   0   1
7.33708732732738   0.8   0   0   1
7.34711067067072   0.8   0   0   1
7.35713401401407   0.8   0   0   1
7.36715735735741   0.8   0   0   1
7.37718070070075   0.8   0   0   1
7.3872040440441   0.8   0   0   1
7.39722738738744   0.8   0   0   1
7.40725073073078   0.8   0   0   1
7.41727407407413   0.8   0   0   1
7.42729741741747   0.8   0   0   1
7.43732076076081   0.8   0   0   1
7.44734410410416   0.8   0   0   1
7.4573674474475   0.8   0   0   1
7.46739079079084   0.8   0   0   1
7.47741413413419   0.8   0   0   1
7.48743747747753   0.8   0   0   1
7.49746082082087   0.8   0   0   1
7.50748416416422   0.8   0   0   1
7.51750750750756   0.8   0   0   1
7.5275308508509   0.8   0   0   1
7.53755419419425   0.8   0   0   1
7.54757753753759   0.8   0   0   1
7.55760088088094   0.8   0   0   1
7.56762422422428   0.8   0   0   1
7.57764756756762   0.8   0   0   1
7.58767091091097   0.8   0   0   1
7.59769425425431   0.8   0   0   1
7.60771759759765   0.8   0   0   1
7.617740940941   0.8   0   0   1
7.62776428428434   0.8   0   0   1
7.63778762762768   0.8   0   0   1
7.64781097097103   0.8   0   0   1
7.65783431431437   0.8   0   0   1
7.66785765765771   0.8   0   0   1
7.67788100100106   0.8   0   0   1
7.6879043443444   0.8   0   0   1
7.69792768768774   0.8   0   0   1
7.70795103103109   0.8   0   0   1
7.71797437437443   0.8   0   0   1
7.72799771771777   0.8   0   0   1
7.73802106106112   0.8   0   0   1
7.74804440440446   0.8   0   0   1
7.7580677477478   0.8   0   0   1
7.76809109109115   0.8   0   0   1
7.77811443443449   0.8   0   0   1
7.78813777777783   0.8   0   0   1
7.79816112112118   0.8   0   0   1
7.80818446446452   0.8   0   0   1
7.81820780780786   0.8   0   0   1
7.82823115115121   0.8   0   0   1
7.83825449449455   0.8   0   0   1
7.84827783783789   0.8   0   0   1
7.85830118118124   0.8   0   0   1
7.86832452452458   0.8   0   0   1
7.87834786786792   0.8   0   0   1
7.88837121121127   0.8   0   0   1
7.89839455455461   0.8   0   0   1
7.90841789789796   0.8   0   0   1
7.9184412412413   0.8   0   0   1
7.92846458458464   0.8   0   0   1
7.93848792792799   0.8   0   0   1
7.94851127127133   0.8   0   0   1
7.95853461461467   0.8   0   0   1
7.96855795795802   0.8   0   0   1
7.97858130130136   0.8   0   0   1
7.9886046446447   0.8   0   0   1
7.99862798798805   0.8   0   0   1
8.00865133133139   0.8   0   0   1
8.01867467467473   0.8   0   0   1
8.02869801801808   0.8   0   0   1
8.03872136136142   0.8   0   0   1
8.04874470470476   0.8   0   0   1
8.05876804804811   0.8   0   0   1
8.06879139139145   0.8   0   0   1
8.07881473473479   0.8   0   0   1
8.08883807807814   0.8   0   0   1
8.09886142142148   0.8   0   0   1
8.10888476476482   0.8   0   0   1
8.11890810810817   0.8   0   0   1
8.12893145145151   0.8   0   0   1
8.13895479479485   0.8   0   0   1
8.1489781381382   0.8   0   0   1
8.15900148148154   0.8   0   0   1
8.16902482482488   0.8   0   0   1
8.17904816816823   0.8   0   0   1
8.18907151151157   0.8   0   0   1
8.19909485485491   0.8   0   0   1
8.20911819819826   0.8   0   0   1
8.2191415415416   0.8   0   0   1
8.22916488488494   0.8   0   0   1
8.23918822822829   0.8   0   0   1
8.24921157157163   0.8   0   0   1
8.25923491491498   0.8   0   0   1
8.26925825825832   0.8   0   0   1
8.27928160160166   0.8   0   0   1
8.28930494494501   0.8   0   0   1
8.29932828828835   0.8   0   0   1
8.30935163163169   0.8   0   0   1
8.31937497497504   0.8   0   0   1
8.32939831831838   0.8   0   0   1
8.33942166166172   0.8   0   0   1
8.34944500500507   0.8   0   0   1
8.35946834834841   0.8   0   0   1
8.36949169169175   0.8   0   0   1
8.3795150350351   0.8   0   0   1
8.38953837837844   0.8   0   0   1
8.39956172172178   0.8   0   0   1
8.40958506506513   0.8   0   0   1
8.41960840840847   0.8   0   0   1
8.42963175175181   0.8   0   0   1
8.43965509509516   0.8   0   0   1
8.4496784384385   0.8   0   0   1
8.45970178178184   0.8   0   0   1
8.46972512512519   0.8   0   0   1
8.47974846846853   0.8   0   0   1
8.48977181181187   0.8   0   0   1
8.49979515515522   0.8   0   0   1
8.50981849849856   0.8   0   0   1
8.5198418418419   0.8   0   0   1
8.52986518518525   0.8   0   0   1
8.53988852852859   0.8   0   0   1
8.54991187187193   0.8   0   0   1
8.55993521521528   0.8   0   0   1
8.56995855855862   0.8   0   0   1
8.57998190190196   0.8   0   0   1
8.59000524524531   0.8   0   0   1
8.60002858858865   0.8   0   0   1
8.610051931932   0.8   0   0   1
8.62007527527534   0.8   0   0   1
8.63009861861868   0.8   0   0   1
8.64012196196203   0.8   0   0   1
8.65014530530537   0.8   0   0   1
8.66016864864871   0.8   0   0   1
8.67019199199206   0.8   0   0   1
8.6802153353354   0.8   0   0   1
8.69023867867874   0.8   0   0   1
8.70026202202209   0.8   0   0   1
8.71028536536543   0.8   0   0   1
8.72030870870877   0.8   0   0   1
8.73033205205212   0.8   0   0   1
8.74035539539546   0.8   0   0   1
8.7503787387388   0.8   0   0   1
8.76040208208215   0.8   0   0   1
8.77042542542549   0.8   0   0   1
8.78044876876883   0.8   0   0   1
8.79047211211218   0.8   0   0   1
8.80049545545552   0.8   0   0   1
8.81051879879886   0.8   0   0   1
8.82054214214221   0.8   0   0   1
8.83056548548555   0.8   0   0   1
8.84058882882889   0.8   0   0   1
8.85061217217224   0.8   0   0   1
8.86063551551558   0.8   0   0   1
8.87065885885892   0.8   0   0   1
8.88068220220227   0.8   0   0   1
8.89070554554561   0.8   0   0   1
8.90072888888895   0.8   0   0   1
8.9107522322323   0.8   0   0   1
8.92077557557564   0.8   0   0   1
8.93079891891898   0.8   0   0   1
8.94082226226233   0.8   0   0   1
8.95084560560567   0.8   0   0   1
8.96086894894901   0.8   0   0   1
8.97089229229236   0.8   0   0   1
8.9809156356357   0.8   0   0   1
8.99093897897905   0.8   0   0   1
9.00096232232239   0.8   0   0   1
9.01098566566573   0.8   0   0   1
9.02100900900908   0.8   0   0   1
9.03103235235242   0.8   0   0   1
9.04105569569576   0.8   0   0   1
9.05107903903911   0.8   0   0   1
9.06110238238245   0.8   0   0   1
9.07112572572579   0.8   0   0   1
9.08114906906914   0.8   0   0   1
9.09117241241248   0.8   0   0   1
9.10119575575582   0.8   0   0   1
9.11121909909917   0.8   0   0   1
9.12124244244251   0.8   0   0   1
9.13126578578585   0.8   0   0   1
9.1412891291292   0.8   0   0   1
9.15131247247254   0.8   0   0   1
9.16133581581588   0.8   0   0   1
9.17135915915923   0.8   0   0   1
9.18138250250257   0.8   0   0   1
9.19140584584591   0.8   0   0   1
9.20142918918926   0.8   0   0   1
9.2114525325326   0.8   0   0   1
9.22147587587594   0.8   0   0   1
9.23149921921929   0.8   0   0   1
9.24152256256263   0.8   0   0   1
9.25154590590597   0.8   0   0   1
9.26156924924932   0.8   0   0   1
9.27159259259266   0.8   0   0   1
9.281615935936   0.8   0   0   1
9.29163927927935   0.8   0   0   1
9.30166262262269   0.8   0   0   1
9.31168596596603   0.8   0   0   1
9.32170930930938   0.8   0   0   1
9.33173265265272   0.8   0   0   1
9.34175599599607   0.8   0   0   1
9.35177933933941   0.8   0   0   1
9.36180268268275   0.8   0   0   1
9.3718260260261   0.8   0   0   1
9.38184936936944   0.8   0   0   1
9.39187271271278   0.8   0   0   1
9.40189605605613   0.8   0   0   1
9.41191939939947   0.8   0   0   1
9.42194274274281   0.8   0   0   1
9.43196608608616   0.8   0   0   1
9.4419894294295   0.8   0   0   1
9.45201277277284   0.8   0   0   1
9.46203611611619   0.8   0   0   1
9.47205945945953   0.8   0   0   1
9.48208280280287   0.8   0   0   1
9.49210614614622   0.8   0   0   1
9.50212948948956   0.8   0   0   1
9.5121528328329   0.8   0   0   1
9.52217617617625   0.8   0   0   1
9.53219951951959   0.8   0   0   1
9.54222286286293   0.8   0   0   1
9.55224620620628   0.8   0   0   1
9.56226954954962   0.8   0   0   1
9.57229289289296   0.8   0   0   1
9.58231623623631   0.8   0   0   1
9.59233957957965   0.8   0   0   1
9.60236292292299   0.8   0   0   1
9.61238626626634   0.8   0   0   1
9.62240960960968   0.8   0   0   1
9.63243295295302   0.8   0   0   1
9.64245629629637   0.8   0   0   1
9.65247963963971   0.8   0   0   1
9.66250298298305   0.8   0   0   1
9.6725263263264   0.8   0   0   1
9.68254966966974   0.8   0   0   1
9.69257301301309   0.8   0   0   1
9.70259635635643   0.8   0   0   1
9.71261969969977   0.8   0   0   1
9.72264304304312   0.8   0   0   1
9.73266638638646   0.8   0   0   1
9.7426897297298   0.8   0   0   1
9.75271307307315   0.8   0   0   1
9.76273641641649   0.8   0   0   1
9.77275975975983   0.8   0   0   1
9.78278310310318   0.8   0   0   1
9.79280644644652   0.8   0   0   1
9.80282978978986   0.8   0   0   1
9.81285313313321   0.8   0   0   1
9.82287647647655   0.8   0   0   1
9.83289981981989   0.8   0   0   1
9.84292316316324   0.8   0   0   1
9.85294650650658   0.8   0   0   1
9.86296984984992   0.8   0   0   1
9.87299319319327   0.8   0   0   1
9.88301653653661   0.8   0   0   1
9.89303987987995   0.8   0   0   1
9.9030632232233   0.8   0   0   1
9.91308656656664   0.8   0   0   1
9.92310990990998   0.8   0   0   1
9.93313325325333   0.8   0   0   1
9.94315659659667   0.8   0   0   1
9.95317993994001   0.8   0   0   1
9.96320328328336   0.8   0   0   1
9.9732266266267   0.8   0   0   1
9.98324996997004   0.8   0   0   1
9.99327331331339   0.8   0   0   1
10.0032966566567   0.8   0   0   1
10.0133200000001   0.8   0   0   1
