variables = x,rho,u,v,p
0   3.8571   2.6293   0   10.3333
0.0100233433433433   3.8571   2.6293   0   10.3333
0.0200466866866867   3.8571   2.6293   0   10.3333
0.03007003003003   3.8571   2.6293   0   10.3333
0.0400933733733734   3.8571   2.6293   0   10.3333
0.0501167167167167   3.8571   2.6293   0   10.3333
0.0601400600600601   3.8571   2.6293   0   10.3333
0.0701634034034034   3.8571   2.6293   0   10.3333
0.0801867467467468   3.8571   2.6293   0   10.3333
0.0902100900900901   3.8571   2.6293   0   10.3333
0.100233433433433   3.8571   2.6293   0   10.3333
0.110256776776777   3.8571   2.6293   0   10.3333
0.12028012012012   3.8571   2.6293   0   10.3333
0.130303463463463   3.8571   2.6293   0   10.3333
0.140326806806807   3.8571   2.6293   0   10.3333
0.15035015015015   3.8571   2.6293   0   10.3333
0.160373493493494   3.8571   2.6293   0   10.3333
0.170396836836837   3.8571   2.6293   0   10.3333
0.18042018018018   3.8571   2.6293   0   10.3333
0.190443523523524   3.8571   2.6293   0   10.3333
0.200466866866867   3.8571   2.6293   0   10.3333
0.21049021021021   3.8571   2.6293   0   10.3333
0.220513553553554   3.8571   2.6293   0   10.3333
0.230536896896897   3.8571   2.6293   0   10.3333
0.24056024024024   3.8571   2.6293   0   10.3333
0.250583583583584   3.8571   2.6293   0   10.3333
0.260606926926927   3.8571   2.6293   0   10.3333
0.27063027027027   3.8571   2.6293   0   10.3333
0.280653613613614   3.8571   2.6293   0   10.3333
0.290676956956957   3.8571   2.6293   0   10.3333
0.3007003003003   3.8571   2.6293   0   10.3333
0.310723643643644   3.8571   2.6293   0   10.3333
0.320746986986987   3.8571   2.6293   0   10.3333
0.330770330330331   3.8571   2.6293   0   10.3333
0.340793673673674   3.8571   2.6293   0   10.3333
0.350817017017017   3.8571   2.6293   0   10.3333
0.360840360360361   3.8571   2.6293   0   10.3333
0.370863703703704   3.8571   2.6293   0   10.3333
0.380887047047047   3.8571   2.6293   0   10.3333
0.390910390390391   3.8571   2.6293   0   10.3333
0.400933733733734   3.8571   2.6293   0   10.3333
0.410957077077078   3.8571   2.6293   0   10.3333
0.420980420420421   3.8571   2.6293   0   10.3333
0.431003763763764   3.8571   2.6293   0   10.3333
0.441027107107108   3.8571   2.6293   0   10.3333
0.451050450450451   3.8571   2.6293   0   10.3333
0.461073793793794   3.8571   2.6293   0   10.3333
0.471097137137138   3.8571   2.6293   0   10.3333
0.481120480480481   3.8571   2.6293   0   10.3333
0.491143823823825   3.8571   2.6293   0   10.3333
0.501167167167168   3.8571   2.6293   0   10.3333
0.511190510510511   3.8571   2.6293   0   10.3333
0.521213853853855   3.8571   2.6293   0   10.3333
0.531237197197198   3.8571   2.6293   0   10.3333
0.541260540540541   3.8571   2.6293   -7.1466685579845e-17   10.3333
0.551283883883884   3.85709999999998   2.62930000000001   -2.0270452873619e-18   10.3332999999999
0.561307227227228   3.85709999999994   2.62930000000004   3.29399022778336e-16   10.3332999999997
0.571330570570571   3.85709999999985   2.62930000000009   3.89929580947177e-16   10.3332999999993
0.581353913913914   3.85709999999969   2.62930000000017   4.56263678243354e-16   10.3332999999987
0.591377257257258   3.85709999999941   2.62930000000034   3.05857128429961e-16   10.3332999999974
0.601400600600601   3.8570999999989   2.62930000000064   5.75862339563502e-17   10.3332999999952
0.611423943943944   3.85709999999799   2.62930000000115   -3.06580904358144e-16   10.3332999999913
0.621447287287288   3.8570999999964   2.62930000000207   -8.51278176664415e-16   10.3332999999844
0.631470630630631   3.85709999999361   2.62930000000367   -1.12433249938059e-15   10.3332999999723
0.641493973973974   3.85709999998874   2.62930000000646   -7.91720834347451e-16   10.3332999999513
0.651517317317318   3.85709999998032   2.62930000001128   -7.49204229135297e-16   10.3332999999151
0.661540660660661   3.85709999996586   2.62930000001953   -8.16453105302209e-16   10.3332999998529
0.671564004004004   3.85709999994118   2.6293000000336   -4.40702611067135e-16   10.333299999747
0.681587347347348   3.85709999989938   2.62930000005738   -1.44364086258938e-16   10.333299999568
0.691610690690691   3.85709999982908   2.6293000000973   1.34251729639754e-16   10.3332999992675
0.701634034034034   3.85709999971169   2.62930000016385   3.9374306620235e-16   10.3332999987666
0.711657377377378   3.85709999951707   2.62930000027398   4.52076334825658e-16   10.3332999979379
0.721680720720721   3.85709999919671   2.62930000045494   -9.50380342575347e-17   10.3332999965763
0.731704064064064   3.85709999867319   2.62930000075013   -6.42071028264852e-16   10.3332999943556
0.741727407407408   3.8570999978238   2.62930000122821   -1.37199175319184e-15   10.3332999907593
0.751750750750751   3.85709999645562   2.6293000019969   -1.75013789359541e-15   10.3332999849776
0.761774094094094   3.85709999426768   2.62930000322397   -2.27696226921225e-15   10.3332999757493
0.771797437437437   3.85709999079403   2.62930000516861   -2.62267697765981e-15   10.3332999611261
0.781820780780781   3.857099985319   2.62930000822818   -2.90965277312695e-15   10.3332999381217
0.791844124124124   3.85709997675186   2.62930001300711   -3.11612932219809e-15   10.3332999021939
0.801867467467467   3.85709996344335   2.62930002041755   -2.93668160888588e-15   10.3332998464889
0.811890810810811   3.85709994291923   2.62930003182527   -3.02126750514134e-15   10.333299760746
0.821914154154154   3.85709991149702   2.62930004925901   -3.22086197887366e-15   10.3332996297254
0.831937497497497   3.85709986373934   2.62930007570844   -3.33210469420583e-15   10.3332994309716
0.841960840840841   3.85709979168165   2.62930011554415   -3.02169032148409e-15   10.3332991316615
0.851984184184184   3.85709968375103   2.62930017510432   -2.40523641316226e-15   10.3332986842011
0.862007527527527   3.85709952326658   2.62930026350651   -2.01804195074372e-15   10.3332980201342
0.872030870870871   3.8570992863793   2.62930039376036   -1.7314807786538e-15   10.333297041795
0.882054214214214   3.85709893926883   2.62930058427801   -1.28825662054677e-15   10.3332956109773
0.892077557557557   3.85709843436633   2.62930086090443   -1.30332878033848e-15   10.333293533707
0.902100900900901   3.85709770531546   2.62930125961943   -9.43225128207851e-16   10.3332905399795
0.912124244244244   3.85709666031775   2.62930183009712   -7.84687960882396e-16   10.3332862570714
0.922147587587587   3.85709517343502   2.62930264034641   -6.07703972989138e-16   10.3332801747522
0.932170930930931   3.85709307334141   2.62930378269662   -4.85612501380263e-16   10.3332716004201
0.942194274274274   3.8570901289343   2.62930538143434   -5.60063144746265e-16   10.3332596018709
0.952217617617617   3.85708603113154   2.62930760243808   -7.51858637744535e-16   10.333242935108
0.96224096096096   3.85708037010764   2.62931066519314   -1.13615819244943e-15   10.3332199543359
0.972264304304304   3.85707260716315   2.62931485759611   -1.48077394178282e-15   10.3331885010796
0.982287647647647   3.85706204038934   2.62932055397025   -1.86143324241455e-15   10.3331457692858
0.99231099099099   3.85704776329665   2.62932823670448   -2.07507810629386e-15   10.3330881433311
1.00233433433433   3.85702861563528   2.62933852189167   -2.06879735174254e-15   10.3330110061482
1.01235767767768   3.85700312576316   2.62935218926917   -1.66522670974178e-15   10.3329085152289
1.02238102102102   3.85696944412639   2.62937021664921   -1.4063178263716e-15   10.3327733451409
1.03240436436436   3.8569252677227   2.62939381886252   -9.38854315106159e-16   10.3325963964375
1.04242770770771   3.85686775582876   2.62942449102049   -7.24738602710464e-16   10.3323664724883
1.05245105105105   3.85679343779209   2.62946405562975   -2.02908411089988e-16   10.332069927817
1.06247439439439   3.85669811431337   2.62951471276993   5.46574804399818e-16   10.3316902939778
1.07249773773774   3.85657675436142   2.62957909217992   1.40852484455599e-15   10.331207891776
1.08252108108108   3.85642339064521   2.6296603057041   2.08973341530202e-15   10.3305994416283
1.09254442442442   3.85623101737634   2.62976199814965   2.7840434010573e-15   10.3298376869093
1.10256776776777   3.85599149484012   2.62988839422514   3.44084253693875e-15   10.3288910480337
1.11259111111111   3.85569546599084   2.63004433890248   4.34327937608312e-15   10.327723327545
1.12261445445445   3.85533229082734   2.6302353283039   5.31029883530313e-15   10.326293488329
1.1326377977978   3.85489000461521   2.63046752809893   5.96978175963053e-15   10.3245555279932
1.14266114114114   3.85435530603367   2.63074777643575   6.22830171552839e-15   10.3224584721781
1.15268448448449   3.85371358098152   2.63108356865173   6.44576753815534e-15   10.3199465078991
1.16270782782783   3.85294896704135   2.63148302142436   6.18109789171035e-15   10.3169592748432
1.17273117117117   3.85204446246638   2.63195481463343   6.50391273240359e-15   10.3134323278494
1.18275451451452   3.85098208204331   2.6325081099924   6.46764725576898e-15   10.3092977777129
1.19277785785786   3.84974306035903   2.63315244643418   6.93666650261259e-15   10.3044851102294
1.2028012012012   3.84830810095201   2.63389761325372   6.66049097727923e-15   10.2989221754272
1.21282454454455   3.84665766768471   2.6347535030518   6.67386451185344e-15   10.2925363307052
1.22284788788789   3.8447723125723   2.63572994752058   6.42064353438356e-15   10.2852557136747
1.23287123123123   3.84263303239363   2.63683653999031   6.51727018721348e-15   10.2770106134428
1.24289457457458   3.84022164483219   2.63808244935307   6.98906364195291e-15   10.2677349034131
1.25291791791792   3.83752117376426   2.63947623044314   7.55074321678852e-15   10.2573674948329
1.26294126126126   3.83451623271098   2.64102563615216   7.81680273273269e-15   10.2458537685782
1.27296460460461   3.83119339543936   2.64273743648169   8.3012295588311e-15   10.2331469431384
1.28298794794795   3.82754154322624   2.64461724939796   8.73329612581838e-15   10.2192093393842
1.29301129129129   3.82355217933602   2.64666938778924   9.41013049182038e-15   10.204013507225
1.30303463463464   3.81921970271529   2.64889672608511   9.73527852341574e-15   10.1875431852987
1.31305797797798   3.81454163465535   2.65130058924189   9.93641969725993e-15   10.1697940719117
1.32308132132132   3.80951879408075   2.65388066589617   9.91066453670178e-15   10.1507743930105
1.33310466466467   3.80415541904943   2.65663494660458   9.75255592485565e-15   10.1305052604887
1.34312800800801   3.79845923386921   2.65955968728115   9.44723108888298e-15   10.1090208211325
1.35315135135135   3.79244146283673   2.66264939726004   9.05785409976018e-15   10.0863682025639
1.3631746946947   3.78611679290576   2.66589685088603   8.77414683635229e-15   10.0626072673779
1.37319803803804   3.77950328854121   2.6692931211841   8.49001019875686e-15   10.0378101901034
1.38322138138138   3.7726222625918   2.67282763398781   8.43885746988374e-15   10.0120608735946
1.39324472472473   3.76549810722806   2.67648824090284   8.5898959719841e-15   9.98545422205235
1.40326806806807   3.75815808887827   2.68026130962629   8.54923006788287e-15   9.95809528722141
1.41329141141141   3.75063211070926   2.68413183040219   8.49196473141128e-15   9.93009830265366
1.42331475475476   3.74295244561498   2.68808353773293   8.20549938378933e-15   9.90158561855418
1.4333380980981   3.73515344197767   2.69209904683952   7.79941700296748e-15   9.87268654695429
1.44336144144144   3.72727120374526   2.69616000472744   7.71222452883403e-15   9.84353612413455
1.45338478478479   3.71934324571991   2.70024725601802   7.47237978657767e-15   9.81427379469507
1.46340812812813   3.71140812446897   2.70434102390264   6.99738551678462e-15   9.78504201978028
1.47343147147147   3.70350504504089   2.70842110662089   7.1941945056767e-15   9.75598481102687
1.48345481481482   3.69567344377458   2.71246708971216   7.3900800821374e-15   9.72724619209261
1.49347815815816   3.68795254799552   2.71645857391053   8.03947189044031e-15   9.69896859135831
1.50350150150151   3.6803809143384   2.72037541792121   8.5151317677283e-15   9.67129117270852
1.51352484484485   3.6729959488366   2.72419799442964   8.79598115035978e-15   9.64434811621369
1.52354818818819   3.6658334137454   2.72790745656792   9.3204305746834e-15   9.61826686693631
1.53357153153154   3.65892692824361   2.73148601074359   9.433087872329e-15   9.59316637768054
1.54359487487488   3.65230747255756   2.7349171902989   9.81701797262538e-15   9.56915537981785
1.55361821821822   3.64600290748602   2.73818612302437   1.02439862915875e-14   9.54633072467931
1.56364156156157   3.64003752353799   2.74127978423814   1.04044414388108e-14   9.52477584555922
1.57366490490491   3.63443163565172   2.74418722612164   1.05736876033632e-14   9.50455939615522
1.58368824824825   3.62920124045629   2.74689977344054   1.03052298494286e-14   9.48573412426809
1.5937115915916   3.62435775299533   2.74941117583112   1.01875560067418e-14   9.4683360388726
1.60373493493494   3.61990783854774   2.75171770761308   1.00760097535977e-14   9.45238392354049
1.61375827827828   3.61585335254025   2.75381820765784   9.82609031312117e-15   9.43787923930076
1.62378162162163   3.6121913975739   2.75571405417335   9.20424987975339e-15   9.42480644549108
1.63380496496497   3.60891450145871   2.75740907224843   8.44497004950415e-15   9.4131337486672
1.64382830830831   3.60601091419788   2.75890937542879   7.96426502820707e-15   9.40281426841381
1.65385165165166   3.60346501554861   2.76022314619779   7.71256837495486e-15   9.39378758661169
1.663874994995   3.6012578186551   2.76136036368805   7.6808569468131e-15   9.3859816253106
1.67389833833834   3.59936754986501   2.76233248993298   8.07558957427228e-15   9.37931477982455
1.68392168168169   3.59777028071318   2.76315212819594   8.56666970808572e-15   9.3736982197811
1.69394502502503   3.59644058557232   2.76383266818258   8.930214161061e-15   9.36903826293719
1.70396836836837   3.59535219784359   2.76438793314674   8.94006538527076e-15   9.36523872530743
1.71399171171172   3.59447863880495   2.76483184305582   9.18130341106914e-15   9.36220315651232
1.72401505505506   3.5937937961723   2.76517810621115   9.86295171064341e-15   9.35983688052548
1.7340383983984   3.59327243371343   2.76543994923327   1.02239794571308e-14   9.35804877790105
1.74406174174175   3.59289061843645   2.76562989238742   1.06448729011207e-14   9.35675276443811
1.75408508508509   3.59262605745003   2.76575957412559   1.08222168204061e-14   9.35586894128884
1.76410842842843   3.59245834207856   2.76583962572544   1.10774195909206e-14   9.35532441101978
1.77413177177178   3.59236910179244   2.76587959423579   1.10857061473573e-14   9.35505377162977
1.78415511511512   3.59234207466919   2.76588790975443   1.10010598433687e-14   9.35499931493959
1.79417845845846   3.59236310424108   2.7658718914555   1.08591539489106e-14   9.3551109664641
1.80420180180181   3.59242007463986   2.76583778577692   1.10857979323318e-14   9.35534601065369
1.81422514514515   3.59250279695111   2.76579082973882   1.12886668468537e-14   9.35566864842463
1.82424848848849   3.59260285975949   2.76573533241886   1.12782435829951e-14   9.35604943364121
1.83427183183184   3.59271345617089   2.76567476805917   1.12693699049844e-14   9.35646463230898
1.84429517517518   3.59282919833751   2.76561187501206   1.13289558863308e-14   9.35689554340883
1.85431851851853   3.59294592888709   2.7655487556386   1.1402627235717e-14   9.357327814267
1.86434186186187   3.59306053685249   2.76548697325828   1.15213842226619e-14   9.35775077677072
1.87436520520521   3.59317078386882   2.76542764322869   1.16176195129138e-14   9.35815682414906
1.88438854854856   3.59327514467365   2.76537151614985   1.17764078969021e-14   9.35854084186299
1.8944118918919   3.59337266439649   2.76531905199734   1.16734281381362e-14   9.35889970067487
1.90443523523524   3.59346283380902   2.76527048466792   1.13179912452473e-14   9.35923181536304
1.91445857857859   3.59354548264822   2.76522587696185   1.1066926187329e-14   9.35953676887647
1.92448192192193   3.59362069032082   2.76518516643129   1.1205077865532e-14   9.35981499897102
1.93450526526527   3.59368871273097   2.76514820280452   1.10582090908683e-14   9.360067542461
1.94452860860862   3.59374992361441   2.76511477786802   1.07003354392113e-14   9.36029583104494
1.95455195195196   3.59380476857751   2.76508464877222   1.03807135705715e-14   9.36050153209761
1.9645752952953   3.59385372999163   2.76505755574006   1.04372407650672e-14   9.36068642772747
1.97459863863865   3.59389730094685   2.76503323512052   1.06824737130914e-14   9.36085232565557
1.98462198198199   3.59393596659287   2.76501142865686   1.09216825550114e-14   9.36100099596605
1.99464532532533   3.5939701913608   2.76499188974634   1.04678704943663e-14   9.36113412841586
2.00466866866868   3.59400041074622   2.76497438736511   1.01427925468891e-14   9.36125330569637
2.01469201201202   3.59402702652231   2.76495870822778   9.86507378964345e-15   9.36135998875358
2.02471535535536   3.5940504044305   2.7649446576509   9.4437541186045e-15   9.36145551095736
2.03473869869871   3.5940708735537   2.76493205949882   9.02468179199865e-15   9.36154107853508
2.04476204204205   3.59408872670882   2.76492075550882   8.37683408288019e-15   9.36161777523784
2.05478538538539   3.59410422129448   2.76491060422415   7.98814586301208e-15   9.36168656968022
2.06480872872874   3.59411758009506   2.76490147970498   7.59695079945119e-15   9.3617483241894
2.07483207207208   3.59412899156924   2.76489327014125   6.96592788735266e-15   9.36180380431966
2.08485541541542   3.59413860913832   2.76488587645353   6.49716549250618e-15   9.36185368844299
2.09487875875877   3.59414654893357   2.76487921093953   5.92898358777064e-15   9.36189857702263
2.10490210210211   3.59415288536012   2.76487319600234   4.9507354111452e-15   9.36193900132517
2.11492544544545   3.59415764368379   2.7648677629801   4.11045622986902e-15   9.36197543143521
2.1249487887888   3.59416078864449   2.76486285108598   3.3962382949905e-15   9.36200828351404
2.13497213213214   3.59416220784365   2.76485840645929   3.24028166076095e-15   9.36203792629647
2.14499547547548   3.59416168834371   2.76485438132363   3.39296337845222e-15   9.36206468685415
2.15501881881883   3.5941588845596   2.764850733245   3.77616044900994e-15   9.36208885567441
2.16504216216217   3.59415327512372   2.76484742448117   4.0641745253275e-15   9.36211069111426
2.17506550550551   3.59414410598309   2.76484442141286   4.63500085513437e-15   9.36213042329355
2.18508884884886   3.59413031656474   2.76484169404775   4.95900972138224e-15   9.36214825749059
2.1951121921922   3.59411044545662   2.76483921558821   4.83249346730646e-15   9.36216437710049
2.20513553553555   3.59408251174238   2.7648369620549   4.7834424936566e-15   9.36217894621186
2.21515887887889   3.59404386795559   2.76483491195873   4.61020927529575e-15   9.36219211185171
2.22518222222223   3.59399102065124   2.76483304601486   4.21312585709025e-15   9.36220400594334
2.23520556556558   3.59391941490416   2.76483134689291   3.88677213461732e-15   9.36221474701561
2.24522890890892   3.59382317971804   2.76482979899853   3.89979475722676e-15   9.36222444169809
2.25525225225226   3.59369483244363   2.76482838828204   3.90779958086662e-15   9.36223318603068
2.26527559559561   3.59352494193145   2.76482710207043   4.2431380045741e-15   9.36224106661357
2.27529893893895   3.59330175233513   2.76482592891958   4.49111118628384e-15   9.36224816161854
2.28532228228229   3.59301077225898   2.76482485848405   4.63653738291478e-15   9.36225454168046
2.29534562562564   3.59263433728971   2.76482388140207   4.38015732703334e-15   9.36226027068468
2.30536896896898   3.592151157797   2.76482298919378   4.11386099870673e-15   9.36226540646416
2.31539231231232   3.59153586810169   2.76482217417099   3.35123273839997e-15   9.36227000141753
2.32541565565567   3.59075859749618   2.76482142935707   2.90041559770654e-15   9.36227410305853
2.33543899899901   3.58978458789672   2.7648207484157   2.59275213815957e-15   9.36227775450521
2.34546234234235   3.58857388678676   2.76482012558729   2.24526111121871e-15   9.36228099491624
2.3554856856857   3.58708114720077   2.76481955563235   1.53784541874963e-15   9.36228385988089
2.36550902902904   3.58525556839851   2.76481903378082   8.96612198102701e-16   9.36228638176799
2.37553237237238   3.58304101118799   2.76481855568676   4.3413385760277e-16   9.36228859003866
2.38555571571573   3.58037632020457   2.76481811738774   -8.95727720619637e-17   9.36229051152701
2.39557905905907   3.5771958815474   2.76481771526849   -4.79794589605145e-16   9.36229217069229
2.40560240240241   3.57343043782862   2.76481734602819   -7.66054331354839e-16   9.36229358984538
2.41562574574576   3.56900817386884   2.76481700665114   -5.81544428147771e-16   9.36229478935273
2.4256490890891   3.56385607511619   2.76481669438044   -3.58109525598363e-16   9.3622957878195
2.43567243243244   3.55790154771317   2.76481640669419   -1.77287920652762e-17   9.36229660225433
2.44569577577579   3.55107427452701   2.76481614128421   9.25715162011207e-17   9.36229724821739
2.45571911911913   3.54330826612251   2.76481589603674   2.58995751343155e-16   9.36229773995321
2.46574246246247   3.53454405047913   2.76481566901512   4.76548496214234e-16   9.36229809050964
2.47576580580582   3.52473093123049   2.7648154584441   8.57831552057315e-16   9.36229831184448
2.48578914914916   3.51382923237178   2.7648152626957   8.1743071111271e-16   9.36229841492049
2.4958124924925   3.50181243874361   2.76481508027631   8.15511446580201e-16   9.36229840979021
2.50583583583585   3.48866913704601   2.76481490981513   6.55298735999525e-16   9.36229830567137
2.51585917917919   3.4744046623541   2.76481475005354   5.19691186130017e-16   9.36229811101381
2.52588252252253   3.45904236051778   2.76481459983544   5.08125381972001e-16   9.36229783355892
2.53590586586588   3.44262438752756   2.76481445809847   1.08915459801239e-16   9.36229748039233
2.54592920920922   3.42521198265488   2.76481432386592   -1.55789916151301e-16   9.36229705799056
2.55595255255257   3.4068851723045   2.76481419623933   -7.73521821349841e-16   9.36229657226266
2.56597589589591   3.38774188508642   2.7648140743916   -1.35856396762537e-15   9.36229602858719
2.57599923923925   3.36789648438035   2.76481395756076   -1.90929896782528e-15   9.36229543184557
2.5860225825826   3.34747775117795   2.76481384504411   -2.15222309795449e-15   9.36229478645207
2.59604592592594   3.32662637569412   2.76481373619279   -2.74710314555998e-15   9.3622940963812
2.60606926926928   3.30549203959384   2.76481363040678   -2.94898925744409e-15   9.36229336519297
2.61609261261263   3.28423019026041   2.76481352713023   -2.80020767840134e-15   9.36229259605637
2.62611595595597   3.26299862313867   2.76481342584712   -3.05418550128143e-15   9.3622917917715
2.63613929929931   3.24195399694075   2.76481332607722   -3.06351316801786e-15   9.36229095479051
2.64616264264266   3.22124840890171   2.7648132273723   -3.06529443815155e-15   9.36229008723778
2.656185985986   3.20102615323122   2.76481312931264   -3.24505241069281e-15   9.3622891909293
2.66620932932934   3.18142077575395   2.76481303150377   -3.30496456160665e-15   9.36228826739133
2.67623267267269   3.16255252217755   2.76481293357337   -3.2878587943162e-15   9.3622873178786
2.68625601601603   3.14452625751064   2.76481283516843   -3.05675812667656e-15   9.36228634339175
2.69627935935937   3.12742991115065   2.76481273595258   -3.04415037738238e-15   9.36228534469413
2.70630270270272   3.11133347749188   2.7648126356036   -3.04688539293967e-15   9.36228432232782
2.71632604604606   3.0962885770251   2.76481253381099   -2.78457801701856e-15   9.3622832766288
2.7263493893894   3.0823285592009   2.76481243027381   -2.82820178381287e-15   9.36228220774098
2.73637273273275   3.0694691070447   2.76481232469852   -2.99830878276704e-15   9.36228111562928
2.74639607607609   3.05770928564399   2.76481221679701   -3.49934768645744e-15   9.36228000009131
2.75641941941943   3.04703296289797   2.76481210628459   -4.03148380537894e-15   9.36227886076771
2.76644276276278   3.0374105217364   2.7648119928782   -4.85159608872429e-15   9.36227769715103
2.77646610610612   3.0288007784784   2.76481187629455   -5.6584005551675e-15   9.36227650859305
2.78648944944946   3.02115302192205   2.76481175624836   -6.45051456912154e-15   9.36227529431042
2.79651279279281   3.01440909169325   2.76481163245059   -6.75319218474462e-15   9.36227405338871
2.80653613613615   3.0085054217037   2.76481150460672   -7.6362565507187e-15   9.36227278478463
2.81655947947949   3.00337498450723   2.76481137241491   -8.71489852912055e-15   9.36227148732665
2.82658282282284   2.99894908406976   2.76481123556426   -9.51413071052292e-15   9.36227015971376
2.83660616616618   2.99515895714458   2.76481109373291   -1.02156210260194e-14   9.36226880051232
2.84662950950952   2.99193715628643   2.76481094658605   -1.0740629821357e-14   9.36226740815107
2.85665285285287   2.98921869985469   2.76481079377379   -1.14388341685375e-14   9.36226598091361
2.86667619619621   2.9869419855837   2.7648106349287   -1.24484173923698e-14   9.36226451692803
2.87669953953955   2.98504947401711   2.76481046966292   -1.27981874676762e-14   9.36226301415222
2.8867228828829   2.98348815604396   2.76481029756438   -1.31962037969915e-14   9.36226147035256
2.89674622622624   2.9822098248095   2.76481011819159   -1.30477934112354e-14   9.36225988307111
2.90676956956958   2.98117117640856   2.76480993106559   -1.32543860824881e-14   9.36225824957248
2.91679291291293   2.98033376611086   2.76480973565681   -1.33755865336865e-14   9.3622565667533
2.92681625625627   2.97966384761141   2.76480953136225   -1.33339579970671e-14   9.36225483098138
2.93683959959962   2.97913212218918   2.7648093174644   -1.35430474582947e-14   9.36225303780266
2.94686294294296   2.9787134229726   2.76480909305542   -1.34423815692519e-14   9.36225118139696
2.9568862862863   2.9783863570305   2.76480885689541   -1.29260345895697e-14   9.36224925355625
2.96690962962965   2.978132924998   2.76480860714503   -1.23246664462789e-14   9.3622472417537
2.97693297297299   2.9779381346381   2.76480834085867   -1.21219325209623e-14   9.36224512547967
2.98695631631633   2.97778962130798   2.76480805302128   -1.17853350442179e-14   9.36224286927396
2.99697965965968   2.97767728484738   2.76480773471473   -1.16677720109259e-14   9.36224040945724
3.00700300300302   2.97759294893256   2.76480736962411   -1.16524509679932e-14   9.36223762884581
3.01702634634636   2.9775300452819   2.7648069273779   -1.15175124573911e-14   9.36223430854565
3.02704968968971   2.97748332083495   2.76480635084847   -1.11132920639614e-14   9.36223003602692
3.03707303303305   2.97744856027107   2.76480553193275   -1.11091945847407e-14   9.36222402980483
3.04709637637639   2.97742230726101   2.76480426535839   -1.064455672249e-14   9.36221480504927
3.05711971971974   2.97740155235003   2.76480216057429   -1.0831428355523e-14   9.36219953577037
3.06714306306308   2.97738332706534   2.76479847368721   -1.09030523766589e-14   9.36217283823682
3.07716640640642   2.9773640907582   2.76479178688795   -1.05086009385628e-14   9.36212445044203
3.08718974974977   2.97733869605582   2.76477939696779   -1.01377326207528e-14   9.36203480594325
3.09721309309311   2.97729852723793   2.76475614893714   -1.01778035137319e-14   9.36186659178236
3.10723643643645   2.97722804077211   2.76471221121573   -1.01772579650978e-14   9.36154864805042
3.1172597797798   2.97709824146798   2.7646288319979   -1.03824129717653e-14   9.36094526632333
3.12728312312314   2.97685430266913   2.76447024514025   -9.88261768390353e-15   9.35979766232146
3.13730646646648   2.97639201942131   2.7641682327594   -9.6535878727021e-15   9.35761246445854
3.14732980980983   2.97551300729662   2.76359268580415   -9.52408428365335e-15   9.35344947416288
3.15735315315317   2.97383955706171   2.76249547478328   -9.79358790458401e-15   9.34551851616059
3.16737649649651   2.97065327619026   2.76040347852146   -9.68684364242451e-15   9.33041658209512
3.17739983983986   2.96459106427724   2.75641488367214   -1.00004665561665e-14   9.3016949422942
3.1874231831832   2.95307875007685   2.74881190343832   -1.00088703847476e-14   9.24720615517145
3.19744652652654   2.93129944679302   2.73432681010533   -1.00751198950787e-14   9.14433049491297
3.20746986986989   2.89039861736478   2.70676015479138   -1.05157590405679e-14   8.95188129321144
3.21749321321323   2.81466098281978   2.65441771089745   -1.07738599822807e-14   8.59812068633005
3.22751655655657   2.67812284646673   2.5555279376661   -1.03225763284611e-14   7.96904412223235
3.23753989989992   2.4441805151768   2.37088620179874   -9.58950229818875e-15   6.91793571096813
3.24756324324326   2.0799653246864   2.03643441314316   -7.668750595019e-15   5.35352747422662
3.2575865865866   1.60504481814088   1.47959015127604   -4.70340436679351e-15   3.46847087457609
3.26760992992995   1.15329619613473   0.747395602856568   -1.7388907709662e-15   1.9059682166023
3.27763327327329   0.893575138572754   0.201820321204749   -2.67465681580475e-16   1.1907331050852
3.28765661661664   0.81537235764202   0.0317999291294685   -2.51857239741958e-18   1.02760256735283
3.29767995995998   0.802049698586972   0.00421300699351978   -1.73026796478965e-21   1.00359788582064
3.30770330330332   0.800263905678242   0.00054234614547209   -9.53432281979794e-26   1.00046201099329
3.31772664664667   0.800033839834039   6.95430817354045e-05   -4.10521974659693e-31   1.00005922259462
3.32774998999001   0.800004336954151   8.91272238625094e-06   -1.28600291643063e-37   1.00000758971713
3.33777333333335   0.800000555792894   1.14219042897853e-06   -2.63237657520617e-45   1.00000097263834
3.3477966766767   0.800000071225834   1.46373703626277e-07   -2.97682976613717e-54   1.00000012464522
3.35782002002004   0.800000009127706   1.87580273302676e-08   -8.69716078479186e-65   1.00000001597348
3.36784336336338   0.80000000116973   2.40387083513119e-09   -1.51937672518145e-75   1.00000000204703
3.37786670670673   0.800000000149903   3.08059231172092e-10   -2.5310650111218e-87   1.00000000026233
3.38789005005007   0.80000000001921   3.94777999046576e-11   -3.92790018662144e-100   1.00000000003362
3.39791339339341   0.800000000002462   5.05890074773534e-12   -5.33466370317572e-114   1.00000000000431
3.40793673673676   0.800000000000316   6.48008930747324e-13   -5.98426526220276e-129   1.00000000000055
3.4179600800801   0.80000000000004   8.27489295290499e-14   -5.24091397899395e-145   1.00000000000007
3.42798342342344   0.800000000000005   1.0394005342767e-14   -3.19812363457305e-162   1.00000000000001
3.43800676676679   0.800000000000001   1.15401122913379e-15   -9.90557995630709e-181   1
3.44803011011013   0.8   1.02754421887431e-16   -1.85676364891067e-202   1
3.45805345345347   0.8   0   0   1
3.46807679679682   0.8   0   0   1
3.47810014014016   0.8   0   0   1
3.4881234834835   0.8   0   0   1
3.49814682682685   0.8   0   0   1
3.50817017017019   0.8   0   0   1
3.51819351351353   0.8   0   0   1
3.52821685685688   0.8   0   0   1
3.53824020020022   0.8   0   0   1
3.54826354354356   0.8   0   0   1
3.55828688688691   0.8   0   0   1
3.56831023023025   0.8   0   0   1
3.57833357357359   0.8   0   0   1
3.58835691691694   0.8   0   0   1
3.59838026026028   0.8   0   0   1
3.60840360360362   0.8   0   0   1
3.61842694694697   0.8   0   0   1
3.62845029029031   0.8   0   0   1
3.63847363363366   0.8   0   0   1
3.648496976977   0.8   0   0   1
3.65852032032034   0.8   0   0   1
3.66854366366369   0.8   0   0   1
3.67856700700703   0.8   0   0   1
3.68859035035037   0.8   0   0   1
3.69861369369372   0.8   0   0   1
3.70863703703706   0.8   0   0   1
3.7186603803804   0.8   0   0   1
3.72868372372375   0.8   0   0   1
3.73870706706709   0.8   0   0   1
3.74873041041043   0.8   0   0   1
3.75875375375378   0.8   0   0   1
3.76877709709712   0.8   0   0   1
3.77880044044046   0.8   0   0   1
3.78882378378381   0.8   0   0   1
3.79884712712715   0.8   0   0   1
3.80887047047049   0.8   0   0   1
3.81889381381384   0.8   0   0   1
3.82891715715718   0.8   0   0   1
3.83894050050052   0.8   0   0   1
3.84896384384387   0.8   0   0   1
3.85898718718721   0.8   0   0   1
3.86901053053055   0.8   0   0   1
3.8790338738739   0.8   0   0   1
3.88905721721724   0.8   0   0   1
3.89908056056058   0.8   0   0   1
3.90910390390393   0.8   0   0   1
3.91912724724727   0.8   0   0   1
3.92915059059061   0.8   0   0   1
3.93917393393396   0.8   0   0   1
3.9491972772773   0.8   0   0   1
3.95922062062064   0.8   0   0   1
3.96924396396399   0.8   0   0   1
3.97926730730733   0.8   0   0   1
3.98929065065068   0.8   0   0   1
3.99931399399402   0.8   0   0   1
4.00933733733736   0.8   0   0   1
4.01936068068071   0.8   0   0   1
4.02938402402405   0.8   0   0   1
4.03940736736739   0.8   0   0   1
4.04943071071074   0.8   0   0   1
4.05945405405408   0.8   0   0   1
4.06947739739742   0.8   0   0   1
4.07950074074077   0.8   0   0   1
4.08952408408411   0.8   0   0   1
4.09954742742745   0.8   0   0   1
4.1095707707708   0.8   0   0   1
4.11959411411414   0.8   0   0   1
4.12961745745748   0.8   0   0   1
4.13964080080083   0.8   0   0   1
4.14966414414417   0.8   0   0   1
4.15968748748751   0.8   0   0   1
4.16971083083086   0.8   0   0   1
4.1797341741742   0.8   0   0   1
4.18975751751754   0.8   0   0   1
4.19978086086089   0.8   0   0   1
4.20980420420423   0.8   0   0   1
4.21982754754757   0.8   0   0   1
4.22985089089092   0.8   0   0   1
4.23987423423426   0.8   0   0   1
4.2498975775776   0.8   0   0   1
4.25992092092095   0.8   0   0   1
4.26994426426429   0.8   0   0   1
4.27996760760763   0.8   0   0   1
4.28999095095098   0.8   0   0   1
4.30001429429432   0.8   0   0   1
4.31003763763766   0.8   0   0   1
4.32006098098101   0.8   0   0   1
4.33008432432435   0.8   0   0   1
4.3401076676677   0.8   0   0   1
4.35013101101104   0.8   0   0   1
4.36015435435438   0.8   0   0   1
4.37017769769773   0.8   0   0   1
4.38020104104107   0.8   0   0   1
4.39022438438441   0.8   0   0   1
4.40024772772776   0.8   0   0   1
4.4102710710711   0.8   0   0   1
4.42029441441444   0.8   0   0   1
4.43031775775779   0.8   0   0   1
4.44034110110113   0.8   0   0   1
4.45036444444447   0.8   0   0   1
4.46038778778782   0.8   0   0   1
4.47041113113116   0.8   0   0   1
4.4804344744745   0.8   0   0   1
4.49045781781785   0.8   0   0   1
4.50048116116119   0.8   0   0   1
4.51050450450453   0.8   0   0   1
4.52052784784788   0.8   0   0   1
4.53055119119122   0.8   0   0   1
4.54057453453456   0.8   0   0   1
4.55059787787791   0.8   0   0   1
4.56062122122125   0.8   0   0   1
4.57064456456459   0.8   0   0   1
4.58066790790794   0.8   0   0   1
4.59069125125128   0.8   0   0   1
4.60071459459462   0.8   0   0   1
4.61073793793797   0.8   0   0   1
4.62076128128131   0.8   0   0   1
4.63078462462465   0.8   0   0   1
4.640807967968   0.8   0   0   1
4.65083131131134   0.8   0   0   1
4.66085465465468   0.8   0   0   1
4.67087799799803   0.8   0   0   1
4.68090134134137   0.8   0   0   1
4.69092468468472   0.8   0   0   1
4.70094802802806   0.8   0   0   1
4.7109713713714   0.8   0   0   1
4.72099471471475   0.8   0   0   1
4.73101805805809   0.8   0   0   1
4.74104140140143   0.8   0   0   1
4.75106474474478   0.8   0   0   1
4.76108808808812   0.8   0   0   1
4.77111143143146   0.8   0   0   1
4.78113477477481   0.8   0   0   1
4.79115811811815   0.8   0   0   1
4.80118146146149   0.8   0   0   1
4.81120480480484   0.8   0   0   1
4.82122814814818   0.8   0   0   1
4.83125149149152   0.8   0   0   1
4.84127483483487   0.8   0   0   1
4.85129817817821   0.8   0   0   1
4.86132152152155   0.8   0   0   1
4.8713448648649   0.8   0   0   1
4.88136820820824   0.8   0   0   1
4.89139155155158   0.8   0   0   1
4.90141489489493   0.8   0   0   1
4.91143823823827   0.8   0   0   1
4.92146158158161   0.8   0   0   1
4.93148492492496   0.8   0   0   1
4.9415082682683   0.8   0   0   1
4.95153161161164   0.8   0   0   1
4.96155495495499   0.8   0   0   1
4.97157829829833   0.8   0   0   1
4.98160164164167   0.8   0   0   1
4.99162498498502   0.8   0   0   1
5.00164832832836   0.8   0   0   1
5.0116716716717   0.8   0   0   1
5.02169501501505   0.8   0   0   1
5.03171835835839   0.8   0   0   1
5.04174170170173   0.8   0   0   1
5.05176504504508   0.8   0   0   1
5.06178838838842   0.8   0   0   1
5.07181173173177   0.8   0   0   1
5.08183507507511   0.8   0   0   1
5.09185841841845   0.8   0   0   1
5.1018817617618   0.8   0   0   1
5.11190510510514   0.8   0   0   1
5.12192844844848   0.8   0   0   1
5.13195179179183   0.8   0   0   1
5.14197513513517   0.8   0   0   1
5.15199847847851   0.8   0   0   1
5.16202182182186   0.8   0   0   1
5.1720451651652   0.8   0   0   1
5.18206850850854   0.8   0   0   1
5.19209185185189   0.8   0   0   1
5.20211519519523   0.8   0   0   1
5.21213853853857   0.8   0   0   1
5.22216188188192   0.8   0   0   1
5.23218522522526   0.8   0   0   1
5.2422085685686   0.8   0   0   1
5.25223191191195   0.8   0   0   1
5.26225525525529   0.8   0   0   1
5.27227859859863   0.8   0   0   1
5.28230194194198   0.8   0   0   1
5.29232528528532   0.8   0   0   1
5.30234862862866   0.8   0   0   1
5.31237197197201   0.8   0   0   1
5.32239531531535   0.8   0   0   1
5.33241865865869   0.8   0   0   1
5.34244200200204   0.8   0   0   1
5.35246534534538   0.8   0   0   1
5.36248868868872   0.8   0   0   1
5.37251203203207   0.8   0   0   1
5.38253537537541   0.8   0   0   1
5.39255871871875   0.8   0   0   1
5.4025820620621   0.8   0   0   1
5.41260540540544   0.8   0   0   1
5.42262874874879   0.8   0   0   1
5.43265209209213   0.8   0   0   1
5.44267543543547   0.8   0   0   1
5.45269877877882   0.8   0   0   1
5.46272212212216   0.8   0   0   1
5.4727454654655   0.8   0   0   1
5.48276880880885   0.8   0   0   1
5.49279215215219   0.8   0   0   1
5.50281549549553   0.8   0   0   1
5.51283883883888   0.8   0   0   1
5.52286218218222   0.8   0   0   1
5.53288552552556   0.8   0   0   1
5.54290886886891   0.8   0   0   1
5.55293221221225   0.8   0   0   1
5.56295555555559   0.8   0   0   1
5.57297889889894   0.8   0   0   1
5.58300224224228   0.8   0   0   1
5.59302558558562   0.8   0   0   1
5.60304892892897   0.8   0   0   1
5.61307227227231   0.8   0   0   1
5.62309561561565   0.8   0   0   1
5.633118958959   0.8   0   0   1
5.64314230230234   0.8   0   0   1
5.65316564564568   0.8   0   0   1
5.66318898898903   0.8   0   0   1
5.67321233233237   0.8   0   0   1
5.68323567567571   0.8   0   0   1
5.69325901901906   0.8   0   0   1
5.7032823623624   0.8   0   0   1
5.71330570570574   0.8   0   0   1
5.72332904904909   0.8   0   0   1
5.73335239239243   0.8   0   0   1
5.74337573573577   0.8   0   0   1
5.75339907907912   0.8   0   0   1
5.76342242242246   0.8   0   0   1
5.77344576576581   0.8   0   0   1
5.78346910910915   0.8   0   0   1
5.79349245245249   0.8   0   0   1
5.80351579579584   0.8   0   0   1
5.81353913913918   0.8   0   0   1
5.82356248248252   0.8   0   0   1
5.83358582582587   0.8   0   0   1
5.84360916916921   0.8   0   0   1
5.85363251251255   0.8   0   0   1
5.8636558558559   0.8   0   0   1
5.87367919919924   0.8   0   0   1
5.88370254254258   0.8   0   0   1
5.89372588588593   0.8   0   0   1
5.90374922922927   0.8   0   0   1
5.91377257257261   0.8   0   0   1
5.92379591591596   0.8   0   0   1
5.9338192592593   0.8   0   0   1
5.94384260260264   0.8   0   0   1
5.95386594594599   0.8   0   0   1
5.96388928928933   0.8   0   0   1
5.97391263263267   0.8   0   0   1
5.98393597597602   0.8   0   0   1
5.99395931931936   0.8   0   0   1
6.0039826626627   0.8   0   0   1
6.01400600600605   0.8   0   0   1
6.02402934934939   0.8   0   0   1
6.03405269269273   0.8   0   0   1
6.04407603603608   0.8   0   0   1
6.05409937937942   0.8   0   0   1
6.06412272272276   0.8   0   0   1
6.07414606606611   0.8   0   0   1
6.08416940940945   0.8   0   0   1
6.09419275275279   0.8   0   0   1
6.10421609609614   0.8   0   0   1
6.11423943943948   0.8   0   0   1
6.12426278278283   0.8   0   0   1
6.13428612612617   0.8   0   0   1
6.14430946946951   0.8   0   0   1
6.15433281281286   0.8   0   0   1
6.1643561561562   0.8   0   0   1
6.17437949949954   0.8   0   0   1
6.18440284284289   0.8   0   0   1
6.19442618618623   0.8   0   0   1
6.20444952952957   0.8   0   0   1
6.21447287287292   0.8   0   0   1
6.22449621621626   0.8   0   0   1
6.2345195595596   0.8   0   0   1
6.24454290290295   0.8   0   0   1
6.25456624624629   0.8   0   0   1
6.26458958958963   0.8   0   0   1
6.27461293293298   0.8   0   0   1
6.28463627627632   0.8   0   0   1
6.29465961961966   0.8   0   0   1
6.30468296296301   0.8   0   0   1
6.31470630630635   0.8   0   0   1
6.32472964964969   0.8   0   0   1
6.33475299299304   0.8   0   0   1
6.34477633633638   0.8   0   0   1
6.35479967967972   0.8   0   0   1
6.36482302302307   0.8   0   0   1
6.37484636636641   0.8   0   0   1
6.38486970970975   0.8   0   0   1
6.3948930530531   0.8   0   0   1
6.40491639639644   0.8   0   0   1
6.41493973973978   0.8   0   0   1
6.42496308308313   0.8   0   0   1
6.43498642642647   0.8   0   0   1
6.44500976976981   0.8   0   0   1
6.45503311311316   0.8   0   0   1
6.4650564564565   0.8   0   0   1
6.47507979979985   0.8   0   0   1
6.48510314314319   0.8   0   0   1
6.49512648648653   0.8   0   0   1
6.50514982982988   0.8   0   0   1
6.51517317317322   0.8   0   0   1
6.52519651651656   0.8   0   0   1
6.53521985985991   0.8   0   0   1
6.54524320320325   0.8   0   0   1
6.55526654654659   0.8   0   0   1
6.56528988988994   0.8   0   0   1
6.57531323323328   0.8   0   0   1
6.58533657657662   0.8   0   0   1
6.59535991991997   0.8   0   0   1
6.60538326326331   0.8   0   0   1
6.61540660660665   0.8   0   0   1
6.62542994995   0.8   0   0   1
6.63545329329334   0.8   0   0   1
6.64547663663668   0.8   0   0   1
6.65549997998003   0.8   0   0   1
6.66552332332337   0.8   0   0   1
6.67554666666671   0.8   0   0   1
6.68557001001006   0.8   0   0   1
6.6955933533534   0.8   0   0   1
6.70561669669674   0.8   0   0   1
6.71564004004009   0.8   0   0   1
6.72566338338343   0.8   0   0   1
6.73568672672677   0.8   0   0   1
6.74571007007012   0.8   0   0   1
6.75573341341346   0.8   0   0   1
6.7657567567568   0.8   0   0   1
6.77578010010015   0.8   0   0   1
6.78580344344349   0.8   0   0   1
6.79582678678683   0.8   0   0   1
6.80585013013018   0.8   0   0   1
6.81587347347352   0.8   0   0   1
6.82589681681686   0.8   0   0   1
6.83592016016021   0.8   0   0   1
6.84594350350355   0.8   0   0   1
6.8559668468469   0.8   0   0   1
6.86599019019024   0.8   0   0   1
6.87601353353358   0.8   0   0   1
6.88603687687693   0.8   0   0   1
6.89606022022027   0.8   0   0   1
6.90608356356361   0.8   0   0   1
6.91610690690696   0.8   0   0   1
6.9261302502503   0.8   0   0   1
6.93615359359364   0.8   0   0   1
6.94617693693699   0.8   0   0   1
6.95620028028033   0.8   0   0   1
6.96622362362367   0.8   0   0   1
6.97624696696702   0.8   0   0   1
6.98627031031036   0.8   0   0   1
6.9962936536537   0.8   0   0   1
7.00631699699705   0.8   0   0   1
7.01634034034039   0.8   0   0   1
7.02636368368373   0.8   0   0   1
7.03638702702708   0.8   0   0   1
7.04641037037042   0.8   0   0   1
7.05643371371376   0.8   0   0   1
7.06645705705711   0.8   0   0   1
7.07648040040045   0.8   0   0   1
7.08650374374379   0.8   0   0   1
7.09652708708714   0.8   0   0   1
7.10655043043048   0.8   0   0   1
7.11657377377382   0.8   0   0   1
7.12659711711717   0.8   0   0   1
7.13662046046051   0.8   0   0   1
7.14664380380385   0.8   0   0   1
7.1566671471472   0.8   0   0   1
7.16669049049054   0.8   0   0   1
7.17671383383388   0.8   0   0   1
7.18673717717723   0.8   0   0   1
7.19676052052057   0.8   0   0   1
7.20678386386392   0.8   0   0   1
7.21680720720726   0.8   0   0   1
7.2268305505506   0.8   0   0   1
7.23685389389395   0.8   0   0   1
7.24687723723729   0.8   0   0   1
7.25690058058063   0.8   0   0   1
7.26692392392398   0.8   0   0   1
7.27694726726732   0.8   0   0   1
7.28697061061066   0.8   0   0   1
7.29699395395401   0.8   0   0   1
7.30701729729735   0.8   0   0   1
7.31704064064069   0.8   0   0   1
7.32706398398404   0.8   0   0   1
7.33708732732738   0.8   0   0   1
7.34711067067072   0.8   0   0   1
7.35713401401407   0.8   0   0   1
7.36715735735741   0.8   0   0   1
7.37718070070075   0.8   0   0   1
7.3872040440441   0.8   0   0   1
7.39722738738744   0.8   0   0   1
7.40725073073078   0.8   0   0   1
7.41727407407413   0.8   0   0   1
7.42729741741747   0.8   0   0   1
7.43732076076081   0.8   0   0   1
7.44734410410416   0.8   0   0   1
7.4573674474475   0.8   0   0   1
7.46739079079084   0.8   0   0   1
7.47741413413419   0.8   0   0   1
7.48743747747753   0.8   0   0   1
7.49746082082087   0.8   0   0   1
7.50748416416422   0.8   0   0   1
7.51750750750756   0.8   0   0   1
7.5275308508509   0.8   0   0   1
7.53755419419425   0.8   0   0   1
7.54757753753759   0.8   0   0   1
7.55760088088094   0.8   0   0   1
7.56762422422428   0.8   0   0   1
7.57764756756762   0.8   0   0   1
7.58767091091097   0.8   0   0   1
7.59769425425431   0.8   0   0   1
7.60771759759765   0.8   0   0   1
7.617740940941   0.8   0   0   1
7.62776428428434   0.8   0   0   1
7.63778762762768   0.8   0   0   1
7.64781097097103   0.8   0   0   1
7.65783431431437   0.8   0   0   1
7.66785765765771   0.8   0   0   1
7.67788100100106   0.8   0   0   1
7.6879043443444   0.8   0   0   1
7.69792768768774   0.8   0   0   1
7.70795103103109   0.8   0   0   1
7.71797437437443   0.8   0   0   1
7.72799771771777   0.8   0   0   1
7.73802106106112   0.8   0   0   1
7.74804440440446   0.8   0   0   1
7.7580677477478   0.8   0   0   1
7.76809109109115   0.8   0   0   1
7.77811443443449   0.8   0   0   1
7.78813777777783   0.8   0   0   1
7.79816112112118   0.8   0   0   1
7.80818446446452   0.8   0   0   1
7.81820780780786   0.8   0   0   1
7.82823115115121   0.8   0   0   1
7.83825449449455   0.8   0   0   1
7.84827783783789   0.8   0   0   1
7.85830118118124   0.8   0   0   1
7.86832452452458   0.8   0   0   1
7.87834786786792   0.8   0   0   1
7.88837121121127   0.8   0   0   1
7.89839455455461   0.8   0   0   1
7.90841789789796   0.8   0   0   1
7.9184412412413   0.8   0   0   1
7.92846458458464   0.8   0   0   1
7.93848792792799   0.8   0   0   1
7.94851127127133   0.8   0   0   1
7.95853461461467   0.8   0   0   1
7.96855795795802   0.8   0   0   1
7.97858130130136   0.8   0   0   1
7.9886046446447   0.8   0   0   1
7.99862798798805   0.8   0   0   1
8.00865133133139   0.8   0   0   1
8.01867467467473   0.8   0   0   1
8.02869801801808   0.8   0   0   1
8.03872136136142   0.8   0   0   1
8.04874470470476   0.8   0   0   1
8.05876804804811   0.8   0   0   1
8.06879139139145   0.8   0   0   1
8.07881473473479   0.8   0   0   1
8.08883807807814   0.8   0   0   1
8.09886142142148   0.8   0   0   1
8.10888476476482   0.8   0   0   1
8.11890810810817   0.8   0   0   1
8.12893145145151   0.8   0   0   1
8.13895479479485   0.8   0   0   1
8.1489781381382   0.8   0   0   1
8.15900148148154   0.8   0   0   1
8.16902482482488   0.8   0   0   1
8.17904816816823   0.8   0   0   1
8.18907151151157   0.8   0   0   1
8.19909485485491   0.8   0   0   1
8.20911819819826   0.8   0   0   1
8.2191415415416   0.8   0   0   1
8.22916488488494   0.8   0   0   1
8.23918822822829   0.8   0   0   1
8.24921157157163   0.8   0   0   1
8.25923491491498   0.8   0   0   1
8.26925825825832   0.8   0   0   1
8.27928160160166   0.8   0   0   1
8.28930494494501   0.8   0   0   1
8.29932828828835   0.8   0   0   1
8.30935163163169   0.8   0   0   1
8.31937497497504   0.8   0   0   1
8.32939831831838   0.8   0   0   1
8.33942166166172   0.8   0   0   1
8.34944500500507   0.8   0   0   1
8.35946834834841   0.8   0   0   1
8.36949169169175   0.8   0   0   1
8.3795150350351   0.8   0   0   1
8.38953837837844   0.8   0   0   1
8.39956172172178   0.8   0   0   1
8.40958506506513   0.8   0   0   1
8.41960840840847   0.8   0   0   1
8.42963175175181   0.8   0   0   1
8.43965509509516   0.8   0   0   1
8.4496784384385   0.8   0   0   1
8.45970178178184   0.8   0   0   1
8.46972512512519   0.8   0   0   1
8.47974846846853   0.8   0   0   1
8.48977181181187   0.8   0   0   1
8.49979515515522   0.8   0   0   1
8.50981849849856   0.8   0   0   1
8.5198418418419   0.8   0   0   1
8.52986518518525   0.8   0   0   1
8.53988852852859   0.8   0   0   1
8.54991187187193   0.8   0   0   1
8.55993521521528   0.8   0   0   1
8.56995855855862   0.8   0   0   1
8.57998190190196   0.8   0   0   1
8.59000524524531   0.8   0   0   1
8.60002858858865   0.8   0   0   1
8.610051931932   0.8   0   0   1
8.62007527527534   0.8   0   0   1
8.63009861861868   0.8   0   0   1
8.64012196196203   0.8   0   0   1
8.65014530530537   0.8   0   0   1
8.66016864864871   0.8   0   0   1
8.67019199199206   0.8   0   0   1
8.6802153353354   0.8   0   0   1
8.69023867867874   0.8   0   0   1
8.70026202202209   0.8   0   0   1
8.71028536536543   0.8   0   0   1
8.72030870870877   0.8   0   0   1
8.73033205205212   0.8   0   0   1
8.74035539539546   0.8   0   0   1
8.7503787387388   0.8   0   0   1
8.76040208208215   0.8   0   0   1
8.77042542542549   0.8   0   0   1
8.78044876876883   0.8   0   0   1
8.79047211211218   0.8   0   0   1
8.80049545545552   0.8   0   0   1
8.81051879879886   0.8   0   0   1
8.82054214214221   0.8   0   0   1
8.83056548548555   0.8   0   0   1
8.84058882882889   0.8   0   0   1
8.85061217217224   0.8   0   0   1
8.86063551551558   0.8   0   0   1
8.87065885885892   0.8   0   0   1
8.88068220220227   0.8   0   0   1
8.89070554554561   0.8   0   0   1
8.90072888888895   0.8   0   0   1
8.9107522322323   0.8   0   0   1
8.92077557557564   0.8   0   0   1
8.93079891891898   0.8   0   0   1
8.94082226226233   0.8   0   0   1
8.95084560560567   0.8   0   0   1
8.96086894894901   0.8   0   0   1
8.97089229229236   0.8   0   0   1
8.9809156356357   0.8   0   0   1
8.99093897897905   0.8   0   0   1
9.00096232232239   0.8   0   0   1
9.01098566566573   0.8   0   0   1
9.02100900900908   0.8   0   0   1
9.03103235235242   0.8   0   0   1
9.04105569569576   0.8   0   0   1
9.05107903903911   0.8   0   0   1
9.06110238238245   0.8   0   0   1
9.07112572572579   0.8   0   0   1
9.08114906906914   0.8   0   0   1
9.09117241241248   0.8   0   0   1
9.10119575575582   0.8   0   0   1
9.11121909909917   0.8   0   0   1
9.12124244244251   0.8   0   0   1
9.13126578578585   0.8   0   0   1
9.1412891291292   0.8   0   0   1
9.15131247247254   0.8   0   0   1
9.16133581581588   0.8   0   0   1
9.17135915915923   0.8   0   0   1
9.18138250250257   0.8   0   0   1
9.19140584584591   0.8   0   0   1
9.20142918918926   0.8   0   0   1
9.2114525325326   0.8   0   0   1
9.22147587587594   0.8   0   0   1
9.23149921921929   0.8   0   0   1
9.24152256256263   0.8   0   0   1
9.25154590590597   0.8   0   0   1
9.26156924924932   0.8   0   0   1
9.27159259259266   0.8   0   0   1
9.281615935936   0.8   0   0   1
9.29163927927935   0.8   0   0   1
9.30166262262269   0.8   0   0   1
9.31168596596603   0.8   0   0   1
9.32170930930938   0.8   0   0   1
9.33173265265272   0.8   0   0   1
9.34175599599607   0.8   0   0   1
9.35177933933941   0.8   0   0   1
9.36180268268275   0.8   0   0   1
9.3718260260261   0.8   0   0   1
9.38184936936944   0.8   0   0   1
9.39187271271278   0.8   0   0   1
9.40189605605613   0.8   0   0   1
9.41191939939947   0.8   0   0   1
9.42194274274281   0.8   0   0   1
9.43196608608616   0.8   0   0   1
9.4419894294295   0.8   0   0   1
9.45201277277284   0.8   0   0   1
9.46203611611619   0.8   0   0   1
9.47205945945953   0.8   0   0   1
9.48208280280287   0.8   0   0   1
9.49210614614622   0.8   0   0   1
9.50212948948956   0.8   0   0   1
9.5121528328329   0.8   0   0   1
9.52217617617625   0.8   0   0   1
9.53219951951959   0.8   0   0   1
9.54222286286293   0.8   0   0   1
9.55224620620628   0.8   0   0   1
9.56226954954962   0.8   0   0   1
9.57229289289296   0.8   0   0   1
9.58231623623631   0.8   0   0   1
9.59233957957965   0.8   0   0   1
9.60236292292299   0.8   0   0   1
9.61238626626634   0.8   0   0   1
9.62240960960968   0.8   0   0   1
9.63243295295302   0.8   0   0   1
9.64245629629637   0.8   0   0   1
9.65247963963971   0.8   0   0   1
9.66250298298305   0.8   0   0   1
9.6725263263264   0.8   0   0   1
9.68254966966974   0.8   0   0   1
9.69257301301309   0.8   0   0   1
9.70259635635643   0.8   0   0   1
9.71261969969977   0.8   0   0   1
9.72264304304312   0.8   0   0   1
9.73266638638646   0.8   0   0   1
9.7426897297298   0.8   0   0   1
9.75271307307315   0.8   0   0   1
9.76273641641649   0.8   0   0   1
9.77275975975983   0.8   0   0   1
9.78278310310318   0.8   0   0   1
9.79280644644652   0.8   0   0   1
9.80282978978986   0.8   0   0   1
9.81285313313321   0.8   0   0   1
9.82287647647655   0.8   0   0   1
9.83289981981989   0.8   0   0   1
9.84292316316324   0.8   0   0   1
9.85294650650658   0.8   0   0   1
9.86296984984992   0.8   0   0   1
9.87299319319327   0.8   0   0   1
9.88301653653661   0.8   0   0   1
9.89303987987995   0.8   0   0   1
9.9030632232233   0.8   0   0   1
9.91308656656664   0.8   0   0   1
9.92310990990998   0.8   0   0   1
9.93313325325333   0.8   0   0   1
9.94315659659667   0.8   0   0   1
9.95317993994001   0.8   0   0   1
9.96320328328336   0.8   0   0   1
9.9732266266267   0.8   0   0   1
9.98324996997004   0.8   0   0   1
9.99327331331339   0.8   0   0   1
10.0032966566567   0.8   0   0   1
10.0133200000001   0.8   0   0   1
