variables = x,rho,u,v,p
0   3.8571   2.6293   0   10.3333
0.0100233433433433   3.8571   2.6293   0   10.3333
0.0200466866866867   3.8571   2.6293   0   10.3333
0.03007003003003   3.8571   2.6293   0   10.3333
0.0400933733733734   3.8571   2.6293   0   10.3333
0.0501167167167167   3.8571   2.6293   0   10.3333
0.0601400600600601   3.8571   2.6293   0   10.3333
0.0701634034034034   3.8571   2.6293   0   10.3333
0.0801867467467468   3.8571   2.6293   0   10.3333
0.0902100900900901   3.8571   2.6293   0   10.3333
0.100233433433433   3.8571   2.6293   0   10.3333
0.110256776776777   3.8571   2.6293   0   10.3333
0.12028012012012   3.8571   2.6293   0   10.3333
0.130303463463463   3.8571   2.6293   0   10.3333
0.140326806806807   3.8571   2.6293   0   10.3333
0.15035015015015   3.8571   2.6293   0   10.3333
0.160373493493494   3.8571   2.6293   0   10.3333
0.170396836836837   3.8571   2.6293   0   10.3333
0.18042018018018   3.8571   2.6293   0   10.3333
0.190443523523524   3.8571   2.6293   0   10.3333
0.200466866866867   3.8571   2.6293   0   10.3333
0.21049021021021   3.8571   2.6293   0   10.3333
0.220513553553554   3.8571   2.6293   0   10.3333
0.230536896896897   3.8571   2.6293   0   10.3333
0.24056024024024   3.8571   2.6293   0   10.3333
0.250583583583584   3.8571   2.6293   0   10.3333
0.260606926926927   3.8571   2.6293   0   10.3333
0.27063027027027   3.8571   2.6293   0   10.3333
0.280653613613614   3.8571   2.6293   0   10.3333
0.290676956956957   3.8571   2.6293   0   10.3333
0.3007003003003   3.8571   2.6293   0   10.3333
0.310723643643644   3.8571   2.6293   0   10.3333
0.320746986986987   3.8571   2.6293   0   10.3333
0.330770330330331   3.8571   2.6293   0   10.3333
0.340793673673674   3.8571   2.6293   0   10.3333
0.350817017017017   3.8571   2.6293   0   10.3333
0.360840360360361   3.8571   2.6293   0   10.3333
0.370863703703704   3.8571   2.6293   0   10.3333
0.380887047047047   3.8571   2.6293   0   10.3333
0.390910390390391   3.8571   2.6293   0   10.3333
0.400933733733734   3.8571   2.6293   0   10.3333
0.410957077077078   3.8571   2.6293   0   10.3333
0.420980420420421   3.8571   2.6293   0   10.3333
0.431003763763764   3.8571   2.6293   0   10.3333
0.441027107107108   3.8571   2.6293   0   10.3333
0.451050450450451   3.8571   2.6293   0   10.3333
0.461073793793794   3.8571   2.6293   0   10.3333
0.471097137137138   3.8571   2.6293   0   10.3333
0.481120480480481   3.8571   2.6293   0   10.3333
0.491143823823825   3.8571   2.6293   0   10.3333
0.501167167167168   3.8571   2.6293   0   10.3333
0.511190510510511   3.8571   2.6293   0   10.3333
0.521213853853855   3.8571   2.6293   0   10.3333
0.531237197197198   3.8571   2.6293   0   10.3333
0.541260540540541   3.8571   2.6293   0   10.3333
0.551283883883884   3.8571   2.6293   0   10.3333
0.561307227227228   3.8571   2.6293   0   10.3333
0.571330570570571   3.8571   2.6293   -2.32986076194856e-16   10.3333
0.581353913913914   3.85709999999998   2.62930000000001   -5.69646489386219e-16   10.3332999999999
0.591377257257258   3.85709999999995   2.62930000000003   -8.65603765303623e-16   10.3332999999997
0.601400600600601   3.85709999999987   2.62930000000008   -9.77751071682649e-16   10.3332999999994
0.611423943943944   3.85709999999969   2.62930000000019   -8.7462504845575e-16   10.3332999999986
0.621447287287288   3.8570999999993   2.62930000000043   -8.13320041905034e-16   10.3332999999967
0.631470630630631   3.85709999999843   2.62930000000095   -3.64716166520519e-16   10.3332999999928
0.641493973973974   3.85709999999656   2.62930000000209   -1.96636374458846e-16   10.3332999999842
0.651517317317318   3.85709999999254   2.62930000000451   -5.16670105290509e-17   10.3332999999659
0.661540660660661   3.85709999998405   2.62930000000961   -2.28191273251159e-16   10.3332999999274
0.671564004004004   3.85709999996631   2.62930000002023   4.08650657312746e-18   10.3332999998471
0.681587347347348   3.85709999992973   2.62930000004208   2.0038509440306e-16   10.3332999996822
0.691610690690691   3.85709999985524   2.62930000008641   5.12481815601283e-16   10.3332999993475
0.701634034034034   3.8570999997055   2.62930000017523   7.25300063236942e-16   10.3332999986769
0.711657377377378   3.85709999940832   2.62930000035096   8.52110758732405e-16   10.3332999973506
0.721680720720721   3.85709999882606   2.62930000069416   8.38911070202994e-16   10.3332999947611
0.731704064064064   3.85709999769988   2.62930000135579   5.72909535198052e-16   10.3332999897698
0.741727407407408   3.85709999554978   2.6293000026149   4.88263966935703e-16   10.3332999802735
0.751750750750751   3.85709999149781   2.62930000498002   4.53486524244873e-16   10.3332999624394
0.761774094094094   3.85709998396072   2.62930000936504   7.61351575073276e-16   10.3332999293818
0.771797437437437   3.85709997012327   2.62930001738919   7.59882237578861e-16   10.3332998689031
0.781820780780781   3.85709994505038   2.6293000318809   5.62101751106892e-16   10.3332997597022
0.791844124124124   3.85709990021387   2.62930005771033   6.73132993156651e-16   10.3332995651099
0.801867467467467   3.85709982108759   2.62930010314302   8.15201781169841e-16   10.3332992229075
0.811890810810811   3.85709968328591   2.62930018200425   6.92199231441245e-16   10.3332986290503
0.821914154154154   3.85709944646697   2.62930031708196   5.65550440519813e-16   10.3332976120845
0.831937497497497   3.85709904487013   2.62930054538565   2.9694875816545e-16   10.333295893623
0.841960840840841   3.85709837288433   2.62930092613168   2.7883451094433e-17   10.3332930283456
0.851984184184184   3.8570972634282   2.62930155265265   -3.48109953055775e-16   10.3332883145423
0.862007527527527   3.85709545614994   2.62930256983411   -6.79252034822604e-16   10.3332806631766
0.872030870870871   3.85709255152753   2.62930419916385   -1.09933650984352e-15   10.3332684098417
0.882054214214214   3.85708794589393   2.62930677401876   -9.05624719289865e-16   10.33324904995
0.892077557557557   3.8570807412956   2.62931078837277   -9.99199602042526e-16   10.3332188733263
0.902100900900901   3.85706962303226   2.62931696262113   -7.61099775040624e-16   10.3331724705748
0.912124244244244   3.85705269690492   2.62932633058138   -3.3529629822827e-16   10.3331020808954
0.922147587587587   3.85702727786754   2.62934035181684   7.01876220996705e-17   10.3329967504529
0.932170930930931   3.85698962225165   2.62936105306957   1.30809313593466e-16   10.3328412731846
0.942194274274274   3.85693459737341   2.6293912016049   -1.08720219958474e-16   10.3326148934484
0.952217617617617   3.85685528550067   2.6294345114823   -1.13116766844462e-16   10.3322897634909
0.96224096096096   3.85674252415678   2.62949588104216   -2.58941852920237e-16   10.3318291694029
0.972264304304304   3.8565843917186   2.62958165618776   2.39136093529827e-17   10.3311855673926
0.982287647647647   3.85636565613611   2.62969990943193   4.12792380031756e-17   10.3302985072343
0.99231099099099   3.85606721492259   2.6298607194408   3.50124328521175e-16   10.3290925596255
1.00233433433433   3.8556655654924   2.63007643041737   8.11177342284367e-16   10.3274754053293
1.01235767767768   3.85513235519839   2.63036186580405   1.27376565239192e-15   10.3253362812721
1.02238102102102   3.85443406844567   2.63073446726878   1.79943557896798e-15   10.3225450058974
1.03240436436436   3.85353191228045   2.63121432863754   1.9803011665366e-15   10.3189518163658
1.04242770770771   3.8523819602427   2.63182409609955   2.35180547049314e-15   10.3143882376778
1.05245105105105   3.85093560586085   2.63258871110884   2.64371450391511e-15   10.3086691645671
1.06247439439439   3.84914036158074   2.63353498096525   2.76856813765777e-15   10.3015962704738
1.07249773773774   3.84694101682606   2.6346909735676   2.95071701471645e-15   10.2929627675903
1.08252108108108   3.84428114206123   2.63608524624364   3.01296707169585e-15   10.2825594356867
1.09254442442442   3.8411048969117   2.63774593240588   3.08591190740861e-15   10.2701817264897
1.10256776776777   3.83735907291752   2.63969972239669   3.03642498126102e-15   10.2556376479982
1.11259111111111   3.83299527872553   2.64197078469869   2.99960441664364e-15   10.2387560521866
1.12261445445445   3.82797216028693   2.64457967950878   3.15191312515713e-15   10.2193949003405
1.1326377977978   3.82225754268593   2.6475423179158   3.11928740254576e-15   10.1974490685967
1.14266114114114   3.81583038398133   2.65086901668867   3.07929529693369e-15   10.1728572824138
1.15268448448449   3.80868244389459   2.6545636917332   3.01181911731637e-15   10.1456078275511
1.16270782782783   3.80081958915327   2.65862322385583   2.95730843091627e-15   10.1157427672747
1.17273117117117   3.79226267989751   2.66303702006099   2.52427676226011e-15   10.0833604890506
1.18275451451452   3.78304800468448   2.66778678365725   2.56087036517283e-15   10.0486164967783
1.19277785785786   3.77322725252106   2.67284649813643   2.67271499834235e-15   10.0117224461954
1.2028012012012   3.76286702700627   2.67818262386693   2.7094731361982e-15   9.97294348419023
1.21282454454455   3.75204791907152   2.68375450332765   2.98104121741022e-15   9.93259399419415
1.22284788788789   3.74086316106593   2.68951496959289   3.39577279092692e-15   9.89103187058383
1.23287123123123   3.72941688717974   2.69541115326663   3.47209020748147e-15   9.84865144991146
1.24289457457458   3.71782202541291   2.70138548388075   3.52291218597242e-15   9.80587522355358
1.25291791791792   3.70619784702831   2.7073768814959   3.50723229301869e-15   9.76314445460902
1.26294126126126   3.69466720342667   2.71332213139194   3.86683435351654e-15   9.72090883158788
1.27296460460461   3.68335349013873   2.71915742799522   3.97836048318544e-15   9.67961532142726
1.28298794794795   3.67237739485476   2.72482006271292   3.89847475578932e-15   9.63969644040893
1.29301129129129   3.66185351144156   2.73025021407658   3.82624381378272e-15   9.6015582444
1.30303463463464   3.65188693315292   2.73539277860112   3.2791091827305e-15   9.5655684434589
1.31305797797798   3.64256997188113   2.74019915943358   3.28790084176255e-15   9.53204515637173
1.32308132132132   3.63397918027613   2.74462891088342   3.23056917439539e-15   9.5012469167458
1.33310466466467   3.62617287229173   2.74865112486593   3.19795373779127e-15   9.47336459752564
1.34312800800801   3.61918933744818   2.75224544477555   3.13594262057336e-15   9.44851590870616
1.35315135135135   3.61304591882844   2.75540260683723   3.06442026506001e-15   9.42674302368661
1.3631746946947   3.60773907236736   2.75812443969295   3.38914702779267e-15   9.40801369692075
1.37319803803804   3.60324544851636   2.76042329773931   3.88912778907885e-15   9.39222596190875
1.38322138138138   3.59952394573525   2.76232095700953   4.45771682161087e-15   9.37921617654032
1.39324472472473   3.59651859179246   2.76384705610563   5.18375876676223e-15   9.36876985979794
1.40326806806807   3.59416202860974   2.76503720991452   5.93415877716043e-15   9.36063449264925
1.41329141141141   3.59237932272017   2.76593095294225   6.37297444217655e-15   9.35453328244687
1.42331475475476   3.59109180479403   2.76656967756   7.16026566159217e-15   9.35017884220497
1.4333380980981   3.59022065983061   2.76699471987055   7.60017703939114e-15   9.34728581736773
1.44336144144144   3.58969003938205   2.76724571583707   7.7963258738324e-15   9.34558168275454
1.45338478478479   3.58942953824747   2.76735930913301   8.15527596257655e-15   9.34481519319155
1.46340812812813   3.58937595765588   2.76736824734366   8.08784831571163e-15   9.34476225709037
1.47343147147147   3.58947435267379   2.76730086155543   7.97779166865018e-15   9.34522926965035
1.48345481481482   3.589678423757   2.76718089106688   7.75948489701831e-15   9.34605415866136
1.49347815815816   3.58995035527525   2.76702759262618   7.21337403169502e-15   9.3471055427799
1.50350150150151   3.59026022578559   2.76685606262788   6.47025461231702e-15   9.34828047588657
1.51352484484485   3.59058511746599   2.76667769970147   5.40957759948716e-15   9.34950125958397
1.52354818818819   3.59090803928448   2.76650074165917   4.77700646378251e-15   9.35071176421185
1.53357153153154   3.59121675499803   2.76633082204507   4.00975672259741e-15   9.35187362491035
1.54359487487488   3.59150257779367   2.76617150493242   3.69626782642406e-15   9.35296259044165
1.55361821821822   3.59175916254495   2.76602477004975   3.08482189164726e-15   9.35396521276493
1.56364156156157   3.59198129765717   2.76589143232884   2.9148411473088e-15   9.35487598466692
1.57366490490491   3.59216367390248   2.76577148974007   2.19219066627604e-15   9.35569496679966
1.58368824824825   3.59229958949096   2.76566440052549   1.73651016135085e-15   9.35642589640284
1.5937115915916   3.59237954053082   2.76556929575556   1.30997883351742e-15   9.35707473727509
1.60373493493494   3.59238964548881   2.76548513585679   1.11800008345066e-15   9.35764861202015
1.61375827827828   3.59230986264574   2.7654108208363   1.21401879001148e-15   9.35815505022532
1.62378162162163   3.59211198196235   2.76534526383255   1.03263381791482e-15   9.35860148687176
1.63380496496497   3.59175740774151   2.76528743677505   7.86586305325251e-16   9.35899495104126
1.64382830830831   3.59119479542291   2.76523639568814   7.48375156661186e-16   9.35934189349476
1.65385165165166   3.59035766259802   2.76519129178607   1.13095505590718e-15   9.359648111174
1.663874994995   3.58916215664581   2.76515137315546   1.02908413312826e-15   9.35991873590423
1.67389833833834   3.58750522274943   2.76511598061262   1.28447438874455e-15   9.36015826282925
1.68392168168169   3.58526346783586   2.76508454030857   1.20842686230237e-15   9.36037060104223
1.69394502502503   3.58229304810035   2.7650565548444   1.05309394792248e-15   9.36055913440339
1.70396836836837   3.57843090985678   2.76503159404294   8.26717360290502e-16   9.36072678474614
1.71399171171172   3.57349767643016   2.76500928607176   8.18841591763698e-16   9.3608760727443
1.72401505505506   3.56730239178089   2.76498930929792   6.23784505024334e-16   9.36100917385505
1.7340383983984   3.55964920359895   2.76497138504455   7.60000612720571e-16   9.36112796817804
1.74406174174175   3.55034590017122   2.76495527128683   5.76986056130883e-16   9.36123408396663
1.75408508508509   3.53921401882612   2.76494075724689   4.85399637688893e-16   9.36132893504973
1.76410842842843   3.52610003814626   2.7649276588064   6.12076799997974e-17   9.36141375269321
1.77413177177178   3.51088697524399   2.76491581463816   -6.03077276933543e-16   9.36148961254068
1.78415511511512   3.49350555917274   2.76490508295571   -9.37002048392285e-16   9.36155745728747
1.79417845845846   3.47394406651547   2.76489533878493   -1.16465846251557e-15   9.3616181157041
1.80420180180181   3.45225590457373   2.76488647167145   -1.42304151993717e-15   9.36167231856361
1.81422514514515   3.42856412180774   2.76487838374851   -1.61772526453919e-15   9.36172071195799
1.82424848848849   3.40306221337911   2.76487098810099   -1.68631434182712e-15   9.36176386842159
1.83427183183184   3.376010858685   2.76486420737168   -1.775115455418e-15   9.36180229621909
1.84429517517518   3.34773055309458   2.76485797256548   -1.5376687132409e-15   9.3618364471017
1.85431851851853   3.31859044442042   2.76485222201491   -1.11469852154294e-15   9.3618667227899
1.86434186186187   3.28899401812239   2.76484690047756   -1.15439369374466e-15   9.3618934804008
1.87436520520521   3.25936255644472   2.76484195834145   -1.01787408820289e-15   9.36191703700251
1.88438854854856   3.23011749377517   2.76483735091836   -1.07503268100303e-15   9.36193767344358
1.8944118918919   3.20166288154895   2.76483303780793   -1.22255252884011e-15   9.36195563757068
1.90443523523524   3.17436915188501   2.76482898231556   -1.04845386659886e-15   9.36197114690545
1.91445857857859   3.14855923458667   2.76482515090484   -1.31304750269141e-15   9.36198439079494
1.92448192192193   3.12449785478975   2.76482151265704   -1.38666853588878e-15   9.36199553196212
1.93450526526527   3.10238454613655   2.76481803869364   -1.29915058577794e-15   9.36200470723332
1.94452860860862   3.082350590681   2.76481470148335   -1.17375397658992e-15   9.3620120269504
1.95455195195196   3.06445977695619   2.76481147388859   -1.00875772660103e-15   9.36201757207423
1.9645752952953   3.04871258378095   2.76480832767757   -8.55734599341676e-16   9.36202138703907
1.97459863863865   3.03505317456793   2.76480523098059   -6.11544398451409e-16   9.36202346461389
1.98462198198199   3.02337844085968   2.76480214369487   -6.63402553999383e-16   9.36202371558119
1.99464532532533   3.01354826988667   2.76479900893369   -1.09585670553916e-15   9.36202190945768
2.00466866866868   3.00539622441332   2.76479573687699   -1.27544656334772e-15   9.36201755988748
2.01469201201202   2.99873990076135   2.76479217405777   -1.15947139105026e-15   9.36200970427138
2.02471535535536   2.99339035291724   2.76478804476834   -1.30500740617091e-15   9.36199648122102
2.03473869869871   2.98916011271248   2.76478283914586   -1.658132781422e-15   9.36197432164336
2.04476204204205   2.98586947026067   2.76477559934969   -1.9873408470775e-15   9.36193640171198
2.05478538538539   2.98335077241405   2.76476451107392   -2.22819872589103e-15   9.36186968629047
2.06480872872874   2.98145050744192   2.76474612336567   -2.72094648123323e-15   9.36174928156372
2.07483207207208   2.98002880739232   2.76471385896167   -3.42124538888254e-15   9.36152765278329
2.08485541541542   2.97895560632789   2.76465517072995   -3.88267318989834e-15   9.36111404654759
2.09487875875877   2.97810184248105   2.7645461150236   -4.44314203476669e-15   9.36033523527753
2.10490210210211   2.97732240797684   2.76434099767494   -5.25503239969287e-15   9.35886067091033
2.11492544544545   2.97642431702667   2.76395262267213   -5.64352421351818e-15   9.35605989705242
2.1249487887888   2.9751074415042   2.76321462342416   -6.29967218427934e-15   9.35073129427538
2.13497213213214   2.97285368056633   2.7618096473113   -6.70870302988264e-15   9.34058740085694
2.14499547547548   2.96871920480743   2.75913251849616   -6.95932121991231e-15   9.32128318117154
2.15501881881883   2.96094628999845   2.7540297867123   -7.18284874753017e-15   9.2845987604858
2.16504216216217   2.94624690650673   2.74430502160902   -6.99340806592983e-15   9.21510367759568
2.17506550550551   2.91851704442147   2.72578309677736   -6.86406188116492e-15   9.08425928768823
2.18508884884886   2.86666502881562   2.69055608564289   -7.11572148093687e-15   8.84079346011737
2.1951121921922   2.77142759523749   2.62376226421029   -6.87473826859034e-15   8.39779628448756
2.20513553553555   2.60239646954325   2.49798286274069   -6.49932767714699e-15   7.62508365884738
2.21515887887889   2.32124332036876   2.26506196550596   -5.83790963598954e-15   6.37969071819848
2.22518222222223   1.90713298570199   1.85251317477568   -4.5237127937001e-15   4.64508876825552
2.23520556556558   1.41882534994686   1.20801784069485   -2.66734938716035e-15   2.79007047176064
2.24522890890892   1.0267800376826   0.492129044305729   -8.47379334607025e-16   1.53247593316188
2.25525225225226   0.849067533343722   0.103802382545083   -1.12022320581144e-16   1.09349492095461
2.26527559559561   0.807188614878331   0.0148005172672228   -1.4075479007716e-19   1.01272368516063
2.27529893893895   0.800937435699503   0.00192657652704158   -8.26698107913282e-24   1.0016427565941
2.28532228228229   0.80012038140523   0.000247392794393899   -8.66040791640165e-29   1.00021070401577
2.29534562562564   0.800015430350695   3.17104801009252e-05   -3.70261622236149e-35   1.00002700371342
2.30536896896898   0.80000197737491   4.06364790517934e-06   5.11950902182379e-42   1.00000346041593
2.31539231231232   0.800000253388826   5.20732409835552e-07   1.17821736291551e-49   1.0000004434306
2.32541565565567   0.800000032470003   6.67282272219819e-08   1.19788560544799e-58   1.00000005682251
2.33543899899901   0.800000004160782   8.55071256843151e-09   7.03942586561461e-69   1.00000000728137
2.34546234234235   0.80000000053317   1.09570227474338e-09   2.02211027632159e-80   1.00000000093304
2.3554856856857   0.800000000068321   1.40403790179704e-10   -1.29062302729399e-93   1.00000000011956
2.36550902902904   0.800000000008754   1.79908708720163e-11   -3.02068500699225e-107   1.00000000001532
2.37553237237238   0.800000000001122   2.30485405418897e-12   -3.93844245515348e-122   1.00000000000196
2.38555571571573   0.800000000000143   2.9497559022919e-13   -2.23782702935637e-138   1.00000000000025
2.39557905905907   0.800000000000018   3.75112988662345e-14   -3.25245428500421e-155   1.00000000000003
2.40560240240241   0.800000000000002   4.58515262047267e-15   -3.51277967673367e-173   1
2.41562574574576   0.8   4.74325905260412e-16   -2.50886525450573e-192   1
2.4256490890891   0.8   3.16216746228144e-17   -8.88061292371368e-213   1
2.43567243243244   0.8   0   0   1
2.44569577577579   0.8   0   0   1
2.45571911911913   0.8   0   0   1
2.46574246246247   0.8   0   0   1
2.47576580580582   0.8   0   0   1
2.48578914914916   0.8   0   0   1
2.4958124924925   0.8   0   0   1
2.50583583583585   0.8   0   0   1
2.51585917917919   0.8   0   0   1
2.52588252252253   0.8   0   0   1
2.53590586586588   0.8   0   0   1
2.54592920920922   0.8   0   0   1
2.55595255255257   0.8   0   0   1
2.56597589589591   0.8   0   0   1
2.57599923923925   0.8   0   0   1
2.5860225825826   0.8   0   0   1
2.59604592592594   0.8   0   0   1
2.60606926926928   0.8   0   0   1
2.61609261261263   0.8   0   0   1
2.62611595595597   0.8   0   0   1
2.63613929929931   0.8   0   0   1
2.64616264264266   0.8   0   0   1
2.656185985986   0.8   0   0   1
2.66620932932934   0.8   0   0   1
2.67623267267269   0.8   0   0   1
2.68625601601603   0.8   0   0   1
2.69627935935937   0.8   0   0   1
2.70630270270272   0.8   0   0   1
2.71632604604606   0.8   0   0   1
2.7263493893894   0.8   0   0   1
2.73637273273275   0.8   0   0   1
2.74639607607609   0.8   0   0   1
2.75641941941943   0.8   0   0   1
2.76644276276278   0.8   0   0   1
2.77646610610612   0.8   0   0   1
2.78648944944946   0.8   0   0   1
2.79651279279281   0.8   0   0   1
2.80653613613615   0.8   0   0   1
2.81655947947949   0.8   0   0   1
2.82658282282284   0.8   0   0   1
2.83660616616618   0.8   0   0   1
2.84662950950952   0.8   0   0   1
2.85665285285287   0.8   0   0   1
2.86667619619621   0.8   0   0   1
2.87669953953955   0.8   0   0   1
2.8867228828829   0.8   0   0   1
2.89674622622624   0.8   0   0   1
2.90676956956958   0.8   0   0   1
2.91679291291293   0.8   0   0   1
2.92681625625627   0.8   0   0   1
2.93683959959962   0.8   0   0   1
2.94686294294296   0.8   0   0   1
2.9568862862863   0.8   0   0   1
2.96690962962965   0.8   0   0   1
2.97693297297299   0.8   0   0   1
2.98695631631633   0.8   0   0   1
2.99697965965968   0.8   0   0   1
3.00700300300302   0.8   0   0   1
3.01702634634636   0.8   0   0   1
3.02704968968971   0.8   0   0   1
3.03707303303305   0.8   0   0   1
3.04709637637639   0.8   0   0   1
3.05711971971974   0.8   0   0   1
3.06714306306308   0.8   0   0   1
3.07716640640642   0.8   0   0   1
3.08718974974977   0.8   0   0   1
3.09721309309311   0.8   0   0   1
3.10723643643645   0.8   0   0   1
3.1172597797798   0.8   0   0   1
3.12728312312314   0.8   0   0   1
3.13730646646648   0.8   0   0   1
3.14732980980983   0.8   0   0   1
3.15735315315317   0.8   0   0   1
3.16737649649651   0.8   0   0   1
3.17739983983986   0.8   0   0   1
3.1874231831832   0.8   0   0   1
3.19744652652654   0.8   0   0   1
3.20746986986989   0.8   0   0   1
3.21749321321323   0.8   0   0   1
3.22751655655657   0.8   0   0   1
3.23753989989992   0.8   0   0   1
3.24756324324326   0.8   0   0   1
3.2575865865866   0.8   0   0   1
3.26760992992995   0.8   0   0   1
3.27763327327329   0.8   0   0   1
3.28765661661664   0.8   0   0   1
3.29767995995998   0.8   0   0   1
3.30770330330332   0.8   0   0   1
3.31772664664667   0.8   0   0   1
3.32774998999001   0.8   0   0   1
3.33777333333335   0.8   0   0   1
3.3477966766767   0.8   0   0   1
3.35782002002004   0.8   0   0   1
3.36784336336338   0.8   0   0   1
3.37786670670673   0.8   0   0   1
3.38789005005007   0.8   0   0   1
3.39791339339341   0.8   0   0   1
3.40793673673676   0.8   0   0   1
3.4179600800801   0.8   0   0   1
3.42798342342344   0.8   0   0   1
3.43800676676679   0.8   0   0   1
3.44803011011013   0.8   0   0   1
3.45805345345347   0.8   0   0   1
3.46807679679682   0.8   0   0   1
3.47810014014016   0.8   0   0   1
3.4881234834835   0.8   0   0   1
3.49814682682685   0.8   0   0   1
3.50817017017019   0.8   0   0   1
3.51819351351353   0.8   0   0   1
3.52821685685688   0.8   0   0   1
3.53824020020022   0.8   0   0   1
3.54826354354356   0.8   0   0   1
3.55828688688691   0.8   0   0   1
3.56831023023025   0.8   0   0   1
3.57833357357359   0.8   0   0   1
3.58835691691694   0.8   0   0   1
3.59838026026028   0.8   0   0   1
3.60840360360362   0.8   0   0   1
3.61842694694697   0.8   0   0   1
3.62845029029031   0.8   0   0   1
3.63847363363366   0.8   0   0   1
3.648496976977   0.8   0   0   1
3.65852032032034   0.8   0   0   1
3.66854366366369   0.8   0   0   1
3.67856700700703   0.8   0   0   1
3.68859035035037   0.8   0   0   1
3.69861369369372   0.8   0   0   1
3.70863703703706   0.8   0   0   1
3.7186603803804   0.8   0   0   1
3.72868372372375   0.8   0   0   1
3.73870706706709   0.8   0   0   1
3.74873041041043   0.8   0   0   1
3.75875375375378   0.8   0   0   1
3.76877709709712   0.8   0   0   1
3.77880044044046   0.8   0   0   1
3.78882378378381   0.8   0   0   1
3.79884712712715   0.8   0   0   1
3.80887047047049   0.8   0   0   1
3.81889381381384   0.8   0   0   1
3.82891715715718   0.8   0   0   1
3.83894050050052   0.8   0   0   1
3.84896384384387   0.8   0   0   1
3.85898718718721   0.8   0   0   1
3.86901053053055   0.8   0   0   1
3.8790338738739   0.8   0   0   1
3.88905721721724   0.8   0   0   1
3.89908056056058   0.8   0   0   1
3.90910390390393   0.8   0   0   1
3.91912724724727   0.8   0   0   1
3.92915059059061   0.8   0   0   1
3.93917393393396   0.8   0   0   1
3.9491972772773   0.8   0   0   1
3.95922062062064   0.8   0   0   1
3.96924396396399   0.8   0   0   1
3.97926730730733   0.8   0   0   1
3.98929065065068   0.8   0   0   1
3.99931399399402   0.8   0   0   1
4.00933733733736   0.8   0   0   1
4.01936068068071   0.8   0   0   1
4.02938402402405   0.8   0   0   1
4.03940736736739   0.8   0   0   1
4.04943071071074   0.8   0   0   1
4.05945405405408   0.8   0   0   1
4.06947739739742   0.8   0   0   1
4.07950074074077   0.8   0   0   1
4.08952408408411   0.8   0   0   1
4.09954742742745   0.8   0   0   1
4.1095707707708   0.8   0   0   1
4.11959411411414   0.8   0   0   1
4.12961745745748   0.8   0   0   1
4.13964080080083   0.8   0   0   1
4.14966414414417   0.8   0   0   1
4.15968748748751   0.8   0   0   1
4.16971083083086   0.8   0   0   1
4.1797341741742   0.8   0   0   1
4.18975751751754   0.8   0   0   1
4.19978086086089   0.8   0   0   1
4.20980420420423   0.8   0   0   1
4.21982754754757   0.8   0   0   1
4.22985089089092   0.8   0   0   1
4.23987423423426   0.8   0   0   1
4.2498975775776   0.8   0   0   1
4.25992092092095   0.8   0   0   1
4.26994426426429   0.8   0   0   1
4.27996760760763   0.8   0   0   1
4.28999095095098   0.8   0   0   1
4.30001429429432   0.8   0   0   1
4.31003763763766   0.8   0   0   1
4.32006098098101   0.8   0   0   1
4.33008432432435   0.8   0   0   1
4.3401076676677   0.8   0   0   1
4.35013101101104   0.8   0   0   1
4.36015435435438   0.8   0   0   1
4.37017769769773   0.8   0   0   1
4.38020104104107   0.8   0   0   1
4.39022438438441   0.8   0   0   1
4.40024772772776   0.8   0   0   1
4.4102710710711   0.8   0   0   1
4.42029441441444   0.8   0   0   1
4.43031775775779   0.8   0   0   1
4.44034110110113   0.8   0   0   1
4.45036444444447   0.8   0   0   1
4.46038778778782   0.8   0   0   1
4.47041113113116   0.8   0   0   1
4.4804344744745   0.8   0   0   1
4.49045781781785   0.8   0   0   1
4.50048116116119   0.8   0   0   1
4.51050450450453   0.8   0   0   1
4.52052784784788   0.8   0   0   1
4.53055119119122   0.8   0   0   1
4.54057453453456   0.8   0   0   1
4.55059787787791   0.8   0   0   1
4.56062122122125   0.8   0   0   1
4.57064456456459   0.8   0   0   1
4.58066790790794   0.8   0   0   1
4.59069125125128   0.8   0   0   1
4.60071459459462   0.8   0   0   1
4.61073793793797   0.8   0   0   1
4.62076128128131   0.8   0   0   1
4.63078462462465   0.8   0   0   1
4.640807967968   0.8   0   0   1
4.65083131131134   0.8   0   0   1
4.66085465465468   0.8   0   0   1
4.67087799799803   0.8   0   0   1
4.68090134134137   0.8   0   0   1
4.69092468468472   0.8   0   0   1
4.70094802802806   0.8   0   0   1
4.7109713713714   0.8   0   0   1
4.72099471471475   0.8   0   0   1
4.73101805805809   0.8   0   0   1
4.74104140140143   0.8   0   0   1
4.75106474474478   0.8   0   0   1
4.76108808808812   0.8   0   0   1
4.77111143143146   0.8   0   0   1
4.78113477477481   0.8   0   0   1
4.79115811811815   0.8   0   0   1
4.80118146146149   0.8   0   0   1
4.81120480480484   0.8   0   0   1
4.82122814814818   0.8   0   0   1
4.83125149149152   0.8   0   0   1
4.84127483483487   0.8   0   0   1
4.85129817817821   0.8   0   0   1
4.86132152152155   0.8   0   0   1
4.8713448648649   0.8   0   0   1
4.88136820820824   0.8   0   0   1
4.89139155155158   0.8   0   0   1
4.90141489489493   0.8   0   0   1
4.91143823823827   0.8   0   0   1
4.92146158158161   0.8   0   0   1
4.93148492492496   0.8   0   0   1
4.9415082682683   0.8   0   0   1
4.95153161161164   0.8   0   0   1
4.96155495495499   0.8   0   0   1
4.97157829829833   0.8   0   0   1
4.98160164164167   0.8   0   0   1
4.99162498498502   0.8   0   0   1
5.00164832832836   0.8   0   0   1
5.0116716716717   0.8   0   0   1
5.02169501501505   0.8   0   0   1
5.03171835835839   0.8   0   0   1
5.04174170170173   0.8   0   0   1
5.05176504504508   0.8   0   0   1
5.06178838838842   0.8   0   0   1
5.07181173173177   0.8   0   0   1
5.08183507507511   0.8   0   0   1
5.09185841841845   0.8   0   0   1
5.1018817617618   0.8   0   0   1
5.11190510510514   0.8   0   0   1
5.12192844844848   0.8   0   0   1
5.13195179179183   0.8   0   0   1
5.14197513513517   0.8   0   0   1
5.15199847847851   0.8   0   0   1
5.16202182182186   0.8   0   0   1
5.1720451651652   0.8   0   0   1
5.18206850850854   0.8   0   0   1
5.19209185185189   0.8   0   0   1
5.20211519519523   0.8   0   0   1
5.21213853853857   0.8   0   0   1
5.22216188188192   0.8   0   0   1
5.23218522522526   0.8   0   0   1
5.2422085685686   0.8   0   0   1
5.25223191191195   0.8   0   0   1
5.26225525525529   0.8   0   0   1
5.27227859859863   0.8   0   0   1
5.28230194194198   0.8   0   0   1
5.29232528528532   0.8   0   0   1
5.30234862862866   0.8   0   0   1
5.31237197197201   0.8   0   0   1
5.32239531531535   0.8   0   0   1
5.33241865865869   0.8   0   0   1
5.34244200200204   0.8   0   0   1
5.35246534534538   0.8   0   0   1
5.36248868868872   0.8   0   0   1
5.37251203203207   0.8   0   0   1
5.38253537537541   0.8   0   0   1
5.39255871871875   0.8   0   0   1
5.4025820620621   0.8   0   0   1
5.41260540540544   0.8   0   0   1
5.42262874874879   0.8   0   0   1
5.43265209209213   0.8   0   0   1
5.44267543543547   0.8   0   0   1
5.45269877877882   0.8   0   0   1
5.46272212212216   0.8   0   0   1
5.4727454654655   0.8   0   0   1
5.48276880880885   0.8   0   0   1
5.49279215215219   0.8   0   0   1
5.50281549549553   0.8   0   0   1
5.51283883883888   0.8   0   0   1
5.52286218218222   0.8   0   0   1
5.53288552552556   0.8   0   0   1
5.54290886886891   0.8   0   0   1
5.55293221221225   0.8   0   0   1
5.56295555555559   0.8   0   0   1
5.57297889889894   0.8   0   0   1
5.58300224224228   0.8   0   0   1
5.59302558558562   0.8   0   0   1
5.60304892892897   0.8   0   0   1
5.61307227227231   0.8   0   0   1
5.62309561561565   0.8   0   0   1
5.633118958959   0.8   0   0   1
5.64314230230234   0.8   0   0   1
5.65316564564568   0.8   0   0   1
5.66318898898903   0.8   0   0   1
5.67321233233237   0.8   0   0   1
5.68323567567571   0.8   0   0   1
5.69325901901906   0.8   0   0   1
5.7032823623624   0.8   0   0   1
5.71330570570574   0.8   0   0   1
5.72332904904909   0.8   0   0   1
5.73335239239243   0.8   0   0   1
5.74337573573577   0.8   0   0   1
5.75339907907912   0.8   0   0   1
5.76342242242246   0.8   0   0   1
5.77344576576581   0.8   0   0   1
5.78346910910915   0.8   0   0   1
5.79349245245249   0.8   0   0   1
5.80351579579584   0.8   0   0   1
5.81353913913918   0.8   0   0   1
5.82356248248252   0.8   0   0   1
5.83358582582587   0.8   0   0   1
5.84360916916921   0.8   0   0   1
5.85363251251255   0.8   0   0   1
5.8636558558559   0.8   0   0   1
5.87367919919924   0.8   0   0   1
5.88370254254258   0.8   0   0   1
5.89372588588593   0.8   0   0   1
5.90374922922927   0.8   0   0   1
5.91377257257261   0.8   0   0   1
5.92379591591596   0.8   0   0   1
5.9338192592593   0.8   0   0   1
5.94384260260264   0.8   0   0   1
5.95386594594599   0.8   0   0   1
5.96388928928933   0.8   0   0   1
5.97391263263267   0.8   0   0   1
5.98393597597602   0.8   0   0   1
5.99395931931936   0.8   0   0   1
6.0039826626627   0.8   0   0   1
6.01400600600605   0.8   0   0   1
6.02402934934939   0.8   0   0   1
6.03405269269273   0.8   0   0   1
6.04407603603608   0.8   0   0   1
6.05409937937942   0.8   0   0   1
6.06412272272276   0.8   0   0   1
6.07414606606611   0.8   0   0   1
6.08416940940945   0.8   0   0   1
6.09419275275279   0.8   0   0   1
6.10421609609614   0.8   0   0   1
6.11423943943948   0.8   0   0   1
6.12426278278283   0.8   0   0   1
6.13428612612617   0.8   0   0   1
6.14430946946951   0.8   0   0   1
6.15433281281286   0.8   0   0   1
6.1643561561562   0.8   0   0   1
6.17437949949954   0.8   0   0   1
6.18440284284289   0.8   0   0   1
6.19442618618623   0.8   0   0   1
6.20444952952957   0.8   0   0   1
6.21447287287292   0.8   0   0   1
6.22449621621626   0.8   0   0   1
6.2345195595596   0.8   0   0   1
6.24454290290295   0.8   0   0   1
6.25456624624629   0.8   0   0   1
6.26458958958963   0.8   0   0   1
6.27461293293298   0.8   0   0   1
6.28463627627632   0.8   0   0   1
6.29465961961966   0.8   0   0   1
6.30468296296301   0.8   0   0   1
6.31470630630635   0.8   0   0   1
6.32472964964969   0.8   0   0   1
6.33475299299304   0.8   0   0   1
6.34477633633638   0.8   0   0   1
6.35479967967972   0.8   0   0   1
6.36482302302307   0.8   0   0   1
6.37484636636641   0.8   0   0   1
6.38486970970975   0.8   0   0   1
6.3948930530531   0.8   0   0   1
6.40491639639644   0.8   0   0   1
6.41493973973978   0.8   0   0   1
6.42496308308313   0.8   0   0   1
6.43498642642647   0.8   0   0   1
6.44500976976981   0.8   0   0   1
6.45503311311316   0.8   0   0   1
6.4650564564565   0.8   0   0   1
6.47507979979985   0.8   0   0   1
6.48510314314319   0.8   0   0   1
6.49512648648653   0.8   0   0   1
6.50514982982988   0.8   0   0   1
6.51517317317322   0.8   0   0   1
6.52519651651656   0.8   0   0   1
6.53521985985991   0.8   0   0   1
6.54524320320325   0.8   0   0   1
6.55526654654659   0.8   0   0   1
6.56528988988994   0.8   0   0   1
6.57531323323328   0.8   0   0   1
6.58533657657662   0.8   0   0   1
6.59535991991997   0.8   0   0   1
6.60538326326331   0.8   0   0   1
6.61540660660665   0.8   0   0   1
6.62542994995   0.8   0   0   1
6.63545329329334   0.8   0   0   1
6.64547663663668   0.8   0   0   1
6.65549997998003   0.8   0   0   1
6.66552332332337   0.8   0   0   1
6.67554666666671   0.8   0   0   1
6.68557001001006   0.8   0   0   1
6.6955933533534   0.8   0   0   1
6.70561669669674   0.8   0   0   1
6.71564004004009   0.8   0   0   1
6.72566338338343   0.8   0   0   1
6.73568672672677   0.8   0   0   1
6.74571007007012   0.8   0   0   1
6.75573341341346   0.8   0   0   1
6.7657567567568   0.8   0   0   1
6.77578010010015   0.8   0   0   1
6.78580344344349   0.8   0   0   1
6.79582678678683   0.8   0   0   1
6.80585013013018   0.8   0   0   1
6.81587347347352   0.8   0   0   1
6.82589681681686   0.8   0   0   1
6.83592016016021   0.8   0   0   1
6.84594350350355   0.8   0   0   1
6.8559668468469   0.8   0   0   1
6.86599019019024   0.8   0   0   1
6.87601353353358   0.8   0   0   1
6.88603687687693   0.8   0   0   1
6.89606022022027   0.8   0   0   1
6.90608356356361   0.8   0   0   1
6.91610690690696   0.8   0   0   1
6.9261302502503   0.8   0   0   1
6.93615359359364   0.8   0   0   1
6.94617693693699   0.8   0   0   1
6.95620028028033   0.8   0   0   1
6.96622362362367   0.8   0   0   1
6.97624696696702   0.8   0   0   1
6.98627031031036   0.8   0   0   1
6.9962936536537   0.8   0   0   1
7.00631699699705   0.8   0   0   1
7.01634034034039   0.8   0   0   1
7.02636368368373   0.8   0   0   1
7.03638702702708   0.8   0   0   1
7.04641037037042   0.8   0   0   1
7.05643371371376   0.8   0   0   1
7.06645705705711   0.8   0   0   1
7.07648040040045   0.8   0   0   1
7.08650374374379   0.8   0   0   1
7.09652708708714   0.8   0   0   1
7.10655043043048   0.8   0   0   1
7.11657377377382   0.8   0   0   1
7.12659711711717   0.8   0   0   1
7.13662046046051   0.8   0   0   1
7.14664380380385   0.8   0   0   1
7.1566671471472   0.8   0   0   1
7.16669049049054   0.8   0   0   1
7.17671383383388   0.8   0   0   1
7.18673717717723   0.8   0   0   1
7.19676052052057   0.8   0   0   1
7.20678386386392   0.8   0   0   1
7.21680720720726   0.8   0   0   1
7.2268305505506   0.8   0   0   1
7.23685389389395   0.8   0   0   1
7.24687723723729   0.8   0   0   1
7.25690058058063   0.8   0   0   1
7.26692392392398   0.8   0   0   1
7.27694726726732   0.8   0   0   1
7.28697061061066   0.8   0   0   1
7.29699395395401   0.8   0   0   1
7.30701729729735   0.8   0   0   1
7.31704064064069   0.8   0   0   1
7.32706398398404   0.8   0   0   1
7.33708732732738   0.8   0   0   1
7.34711067067072   0.8   0   0   1
7.35713401401407   0.8   0   0   1
7.36715735735741   0.8   0   0   1
7.37718070070075   0.8   0   0   1
7.3872040440441   0.8   0   0   1
7.39722738738744   0.8   0   0   1
7.40725073073078   0.8   0   0   1
7.41727407407413   0.8   0   0   1
7.42729741741747   0.8   0   0   1
7.43732076076081   0.8   0   0   1
7.44734410410416   0.8   0   0   1
7.4573674474475   0.8   0   0   1
7.46739079079084   0.8   0   0   1
7.47741413413419   0.8   0   0   1
7.48743747747753   0.8   0   0   1
7.49746082082087   0.8   0   0   1
7.50748416416422   0.8   0   0   1
7.51750750750756   0.8   0   0   1
7.5275308508509   0.8   0   0   1
7.53755419419425   0.8   0   0   1
7.54757753753759   0.8   0   0   1
7.55760088088094   0.8   0   0   1
7.56762422422428   0.8   0   0   1
7.57764756756762   0.8   0   0   1
7.58767091091097   0.8   0   0   1
7.59769425425431   0.8   0   0   1
7.60771759759765   0.8   0   0   1
7.617740940941   0.8   0   0   1
7.62776428428434   0.8   0   0   1
7.63778762762768   0.8   0   0   1
7.64781097097103   0.8   0   0   1
7.65783431431437   0.8   0   0   1
7.66785765765771   0.8   0   0   1
7.67788100100106   0.8   0   0   1
7.6879043443444   0.8   0   0   1
7.69792768768774   0.8   0   0   1
7.70795103103109   0.8   0   0   1
7.71797437437443   0.8   0   0   1
7.72799771771777   0.8   0   0   1
7.73802106106112   0.8   0   0   1
7.74804440440446   0.8   0   0   1
7.7580677477478   0.8   0   0   1
7.76809109109115   0.8   0   0   1
7.77811443443449   0.8   0   0   1
7.78813777777783   0.8   0   0   1
7.79816112112118   0.8   0   0   1
7.80818446446452   0.8   0   0   1
7.81820780780786   0.8   0   0   1
7.82823115115121   0.8   0   0   1
7.83825449449455   0.8   0   0   1
7.84827783783789   0.8   0   0   1
7.85830118118124   0.8   0   0   1
7.86832452452458   0.8   0   0   1
7.87834786786792   0.8   0   0   1
7.88837121121127   0.8   0   0   1
7.89839455455461   0.8   0   0   1
7.90841789789796   0.8   0   0   1
7.9184412412413   0.8   0   0   1
7.92846458458464   0.8   0   0   1
7.93848792792799   0.8   0   0   1
7.94851127127133   0.8   0   0   1
7.95853461461467   0.8   0   0   1
7.96855795795802   0.8   0   0   1
7.97858130130136   0.8   0   0   1
7.9886046446447   0.8   0   0   1
7.99862798798805   0.8   0   0   1
8.00865133133139   0.8   0   0   1
8.01867467467473   0.8   0   0   1
8.02869801801808   0.8   0   0   1
8.03872136136142   0.8   0   0   1
8.04874470470476   0.8   0   0   1
8.05876804804811   0.8   0   0   1
8.06879139139145   0.8   0   0   1
8.07881473473479   0.8   0   0   1
8.08883807807814   0.8   0   0   1
8.09886142142148   0.8   0   0   1
8.10888476476482   0.8   0   0   1
8.11890810810817   0.8   0   0   1
8.12893145145151   0.8   0   0   1
8.13895479479485   0.8   0   0   1
8.1489781381382   0.8   0   0   1
8.15900148148154   0.8   0   0   1
8.16902482482488   0.8   0   0   1
8.17904816816823   0.8   0   0   1
8.18907151151157   0.8   0   0   1
8.19909485485491   0.8   0   0   1
8.20911819819826   0.8   0   0   1
8.2191415415416   0.8   0   0   1
8.22916488488494   0.8   0   0   1
8.23918822822829   0.8   0   0   1
8.24921157157163   0.8   0   0   1
8.25923491491498   0.8   0   0   1
8.26925825825832   0.8   0   0   1
8.27928160160166   0.8   0   0   1
8.28930494494501   0.8   0   0   1
8.29932828828835   0.8   0   0   1
8.30935163163169   0.8   0   0   1
8.31937497497504   0.8   0   0   1
8.32939831831838   0.8   0   0   1
8.33942166166172   0.8   0   0   1
8.34944500500507   0.8   0   0   1
8.35946834834841   0.8   0   0   1
8.36949169169175   0.8   0   0   1
8.3795150350351   0.8   0   0   1
8.38953837837844   0.8   0   0   1
8.39956172172178   0.8   0   0   1
8.40958506506513   0.8   0   0   1
8.41960840840847   0.8   0   0   1
8.42963175175181   0.8   0   0   1
8.43965509509516   0.8   0   0   1
8.4496784384385   0.8   0   0   1
8.45970178178184   0.8   0   0   1
8.46972512512519   0.8   0   0   1
8.47974846846853   0.8   0   0   1
8.48977181181187   0.8   0   0   1
8.49979515515522   0.8   0   0   1
8.50981849849856   0.8   0   0   1
8.5198418418419   0.8   0   0   1
8.52986518518525   0.8   0   0   1
8.53988852852859   0.8   0   0   1
8.54991187187193   0.8   0   0   1
8.55993521521528   0.8   0   0   1
8.56995855855862   0.8   0   0   1
8.57998190190196   0.8   0   0   1
8.59000524524531   0.8   0   0   1
8.60002858858865   0.8   0   0   1
8.610051931932   0.8   0   0   1
8.62007527527534   0.8   0   0   1
8.63009861861868   0.8   0   0   1
8.64012196196203   0.8   0   0   1
8.65014530530537   0.8   0   0   1
8.66016864864871   0.8   0   0   1
8.67019199199206   0.8   0   0   1
8.6802153353354   0.8   0   0   1
8.69023867867874   0.8   0   0   1
8.70026202202209   0.8   0   0   1
8.71028536536543   0.8   0   0   1
8.72030870870877   0.8   0   0   1
8.73033205205212   0.8   0   0   1
8.74035539539546   0.8   0   0   1
8.7503787387388   0.8   0   0   1
8.76040208208215   0.8   0   0   1
8.77042542542549   0.8   0   0   1
8.78044876876883   0.8   0   0   1
8.79047211211218   0.8   0   0   1
8.80049545545552   0.8   0   0   1
8.81051879879886   0.8   0   0   1
8.82054214214221   0.8   0   0   1
8.83056548548555   0.8   0   0   1
8.84058882882889   0.8   0   0   1
8.85061217217224   0.8   0   0   1
8.86063551551558   0.8   0   0   1
8.87065885885892   0.8   0   0   1
8.88068220220227   0.8   0   0   1
8.89070554554561   0.8   0   0   1
8.90072888888895   0.8   0   0   1
8.9107522322323   0.8   0   0   1
8.92077557557564   0.8   0   0   1
8.93079891891898   0.8   0   0   1
8.94082226226233   0.8   0   0   1
8.95084560560567   0.8   0   0   1
8.96086894894901   0.8   0   0   1
8.97089229229236   0.8   0   0   1
8.9809156356357   0.8   0   0   1
8.99093897897905   0.8   0   0   1
9.00096232232239   0.8   0   0   1
9.01098566566573   0.8   0   0   1
9.02100900900908   0.8   0   0   1
9.03103235235242   0.8   0   0   1
9.04105569569576   0.8   0   0   1
9.05107903903911   0.8   0   0   1
9.06110238238245   0.8   0   0   1
9.07112572572579   0.8   0   0   1
9.08114906906914   0.8   0   0   1
9.09117241241248   0.8   0   0   1
9.10119575575582   0.8   0   0   1
9.11121909909917   0.8   0   0   1
9.12124244244251   0.8   0   0   1
9.13126578578585   0.8   0   0   1
9.1412891291292   0.8   0   0   1
9.15131247247254   0.8   0   0   1
9.16133581581588   0.8   0   0   1
9.17135915915923   0.8   0   0   1
9.18138250250257   0.8   0   0   1
9.19140584584591   0.8   0   0   1
9.20142918918926   0.8   0   0   1
9.2114525325326   0.8   0   0   1
9.22147587587594   0.8   0   0   1
9.23149921921929   0.8   0   0   1
9.24152256256263   0.8   0   0   1
9.25154590590597   0.8   0   0   1
9.26156924924932   0.8   0   0   1
9.27159259259266   0.8   0   0   1
9.281615935936   0.8   0   0   1
9.29163927927935   0.8   0   0   1
9.30166262262269   0.8   0   0   1
9.31168596596603   0.8   0   0   1
9.32170930930938   0.8   0   0   1
9.33173265265272   0.8   0   0   1
9.34175599599607   0.8   0   0   1
9.35177933933941   0.8   0   0   1
9.36180268268275   0.8   0   0   1
9.3718260260261   0.8   0   0   1
9.38184936936944   0.8   0   0   1
9.39187271271278   0.8   0   0   1
9.40189605605613   0.8   0   0   1
9.41191939939947   0.8   0   0   1
9.42194274274281   0.8   0   0   1
9.43196608608616   0.8   0   0   1
9.4419894294295   0.8   0   0   1
9.45201277277284   0.8   0   0   1
9.46203611611619   0.8   0   0   1
9.47205945945953   0.8   0   0   1
9.48208280280287   0.8   0   0   1
9.49210614614622   0.8   0   0   1
9.50212948948956   0.8   0   0   1
9.5121528328329   0.8   0   0   1
9.52217617617625   0.8   0   0   1
9.53219951951959   0.8   0   0   1
9.54222286286293   0.8   0   0   1
9.55224620620628   0.8   0   0   1
9.56226954954962   0.8   0   0   1
9.57229289289296   0.8   0   0   1
9.58231623623631   0.8   0   0   1
9.59233957957965   0.8   0   0   1
9.60236292292299   0.8   0   0   1
9.61238626626634   0.8   0   0   1
9.62240960960968   0.8   0   0   1
9.63243295295302   0.8   0   0   1
9.64245629629637   0.8   0   0   1
9.65247963963971   0.8   0   0   1
9.66250298298305   0.8   0   0   1
9.6725263263264   0.8   0   0   1
9.68254966966974   0.8   0   0   1
9.69257301301309   0.8   0   0   1
9.70259635635643   0.8   0   0   1
9.71261969969977   0.8   0   0   1
9.72264304304312   0.8   0   0   1
9.73266638638646   0.8   0   0   1
9.7426897297298   0.8   0   0   1
9.75271307307315   0.8   0   0   1
9.76273641641649   0.8   0   0   1
9.77275975975983   0.8   0   0   1
9.78278310310318   0.8   0   0   1
9.79280644644652   0.8   0   0   1
9.80282978978986   0.8   0   0   1
9.81285313313321   0.8   0   0   1
9.82287647647655   0.8   0   0   1
9.83289981981989   0.8   0   0   1
9.84292316316324   0.8   0   0   1
9.85294650650658   0.8   0   0   1
9.86296984984992   0.8   0   0   1
9.87299319319327   0.8   0   0   1
9.88301653653661   0.8   0   0   1
9.89303987987995   0.8   0   0   1
9.9030632232233   0.8   0   0   1
9.91308656656664   0.8   0   0   1
9.92310990990998   0.8   0   0   1
9.93313325325333   0.8   0   0   1
9.94315659659667   0.8   0   0   1
9.95317993994001   0.8   0   0   1
9.96320328328336   0.8   0   0   1
9.9732266266267   0.8   0   0   1
9.98324996997004   0.8   0   0   1
9.99327331331339   0.8   0   0   1
10.0032966566567   0.8   0   0   1
10.0133200000001   0.8   0   0   1
