variables = x,rho,u,v,p
0   3.8571   2.6293   0   10.3333
0.0100233433433433   3.8571   2.6293   0   10.3333
0.0200466866866867   3.8571   2.6293   0   10.3333
0.03007003003003   3.8571   2.6293   0   10.3333
0.0400933733733734   3.8571   2.6293   0   10.3333
0.0501167167167167   3.8571   2.6293   0   10.3333
0.0601400600600601   3.8571   2.6293   0   10.3333
0.0701634034034034   3.8571   2.6293   0   10.3333
0.0801867467467468   3.8571   2.6293   0   10.3333
0.0902100900900901   3.8571   2.6293   0   10.3333
0.100233433433433   3.8571   2.6293   0   10.3333
0.110256776776777   3.8571   2.6293   0   10.3333
0.12028012012012   3.8571   2.6293   0   10.3333
0.130303463463463   3.8571   2.6293   0   10.3333
0.140326806806807   3.8571   2.6293   0   10.3333
0.15035015015015   3.8571   2.6293   0   10.3333
0.160373493493494   3.8571   2.6293   0   10.3333
0.170396836836837   3.8571   2.6293   0   10.3333
0.18042018018018   3.8571   2.6293   0   10.3333
0.190443523523524   3.8571   2.6293   0   10.3333
0.200466866866867   3.8571   2.6293   0   10.3333
0.21049021021021   3.8571   2.6293   0   10.3333
0.220513553553554   3.8571   2.6293   0   10.3333
0.230536896896897   3.8571   2.6293   0   10.3333
0.24056024024024   3.8571   2.6293   0   10.3333
0.250583583583584   3.8571   2.6293   0   10.3333
0.260606926926927   3.8571   2.6293   0   10.3333
0.27063027027027   3.8571   2.6293   0   10.3333
0.280653613613614   3.8571   2.6293   0   10.3333
0.290676956956957   3.8571   2.6293   0   10.3333
0.3007003003003   3.8571   2.6293   0   10.3333
0.310723643643644   3.8571   2.6293   0   10.3333
0.320746986986987   3.8571   2.6293   0   10.3333
0.330770330330331   3.8571   2.6293   0   10.3333
0.340793673673674   3.8571   2.6293   0   10.3333
0.350817017017017   3.8571   2.6293   0   10.3333
0.360840360360361   3.8571   2.6293   0   10.3333
0.370863703703704   3.8571   2.6293   0   10.3333
0.380887047047047   3.8571   2.6293   0   10.3333
0.390910390390391   3.8571   2.6293   0   10.3333
0.400933733733734   3.8571   2.6293   0   10.3333
0.410957077077078   3.8571   2.6293   0   10.3333
0.420980420420421   3.8571   2.6293   0   10.3333
0.431003763763764   3.8571   2.6293   0   10.3333
0.441027107107108   3.8571   2.6293   0   10.3333
0.451050450450451   3.8571   2.6293   0   10.3333
0.461073793793794   3.8571   2.6293   0   10.3333
0.471097137137138   3.8571   2.6293   0   10.3333
0.481120480480481   3.8571   2.6293   0   10.3333
0.491143823823825   3.8571   2.6293   0   10.3333
0.501167167167168   3.8571   2.6293   0   10.3333
0.511190510510511   3.8571   2.6293   0   10.3333
0.521213853853855   3.8571   2.6293   0   10.3333
0.531237197197198   3.8571   2.6293   0   10.3333
0.541260540540541   3.8571   2.6293   0   10.3333
0.551283883883884   3.8571   2.6293   0   10.3333
0.561307227227228   3.85709999999999   2.6293   -9.41052307684916e-17   10.3333
0.571330570570571   3.85709999999997   2.62930000000002   -2.56661548629074e-17   10.3332999999999
0.581353913913914   3.85709999999993   2.62930000000005   1.99733950966672e-16   10.3332999999997
0.591377257257258   3.85709999999983   2.6293000000001   4.61655055038536e-16   10.3332999999992
0.601400600600601   3.85709999999962   2.62930000000023   4.084820622892e-16   10.3332999999983
0.611423943943944   3.85709999999919   2.62930000000048   4.75940797263185e-16   10.3332999999963
0.621447287287288   3.85709999999832   2.62930000000101   4.2490644117266e-16   10.3332999999924
0.631470630630631   3.85709999999652   2.62930000000208   2.11263991643568e-16   10.3332999999843
0.641493973973974   3.85709999999289   2.62930000000423   2.70572203458895e-17   10.333299999968
0.651517317317318   3.85709999998566   2.62930000000852   8.42364379637521e-17   10.3332999999357
0.661540660660661   3.85709999997136   2.62930000001697   -3.80106772223502e-16   10.3332999998719
0.671564004004004   3.85709999994342   2.62930000003343   -5.75283976349638e-16   10.3332999997477
0.681587347347348   3.85709999988942   2.62930000006515   -3.08057585114471e-16   10.3332999995084
0.691610690690691   3.8570999997862   2.62930000012564   1.72908250304933e-16   10.3332999990521
0.701634034034034   3.85709999959103   2.62930000023969   5.98589136195493e-16   10.3332999981921
0.711657377377378   3.85709999922604   2.6293000004524   9.49130141021246e-16   10.3332999965883
0.721680720720721   3.85709999855097   2.62930000084472   1.29852150387725e-15   10.3332999936309
0.731704064064064   3.85709999731614   2.62930000156035   1.3644598879813e-15   10.3332999882373
0.741727407407408   3.85709999508236   2.62930000285133   1.40091940742738e-15   10.3332999785092
0.751750750750751   3.85709999108624   2.6293000051544   1.52040946482601e-15   10.3332999611578
0.761774094094094   3.85709998401671   2.62930000921741   1.28307640006392e-15   10.3332999305527
0.771797437437437   3.85709997164916   2.62930001630547   1.11320174360136e-15   10.333299877171
0.781820780780781   3.85709995025444   2.62930002853287   1.0286740950341e-15   10.333299785101
0.791844124124124   3.85709991365729   2.62930004939011   1.11473015815942e-15   10.3332996280793
0.801867467467467   3.85709985175665   2.62930008456919   1.00376328120141e-15   10.3332993632862
0.811890810810811   3.85709974823317   2.62930014323788   1.01636939218588e-15   10.3332989217687
0.821914154154154   3.8570995770474   2.6293002399791   5.89708510497791e-16   10.3332981938673
0.831937497497497   3.85709929716807   2.62930039770011   2.52385231459349e-16   10.3332970073607
0.841960840840841   3.8570988447522   2.62930065193197   2.32012882189527e-16   10.3332950951739
0.851984184184184   3.85709812171885   2.62930105708822   -3.39539372507521e-17   10.3332920483821
0.862007527527527   3.85709697930856   2.6293016954358   -1.83293811530534e-16   10.333287248866
0.872030870870871   3.85709519479791   2.62930268975094   -9.59637118624497e-17   10.3332797743269
0.882054214214214   3.85709243904949   2.62930422088546   2.06162098348436e-16   10.3332682664841
0.892077557557557   3.85708823203796   2.62930655174205   1.69030936371631e-16   10.3332507512327
0.902100900900901   3.8570818829391   2.62931005943332   2.47386337131228e-16   10.3332243974839
0.912124244244244   3.85707241085545   2.62931527764571   1.12462268552678e-15   10.3331851995769
0.922147587587587   3.85705844186131   2.62932295140286   1.53639225709218e-15   10.3331275668735
0.932170930930931   3.85703807789037   2.6293341064668   1.84932527555666e-15   10.3330438038515
0.942194274274274   3.85700873319353   2.62935013545853   2.20880476369627e-15   10.3329234652251
0.952217617617617   3.85696693481451   2.62937290234821   2.83202667570763e-15   10.3327525739172
0.96224096096096   3.85690808491983   2.62940486618114   3.1674200661791e-15   10.3325126956602
0.972264304304304   3.8568261850147   2.62944922370817   3.56957222552681e-15   10.3321798730844
0.982287647647647   3.8567135251634   2.62951006894234   3.99984438277909e-15   10.3317234346472
0.99231099099099   3.85656034531777   2.62959256557961   4.17126889283178e-15   10.3311047095667
1.00233433433433   3.85635448062644   2.62970312577488   4.0634187300239e-15   10.3302756985171
1.01235767767768   3.85608100788832   2.62984958610839   3.85136852788895e-15   10.3291777700722
1.02238102102102   3.85572191570014   2.63004136894428   3.92011453379484e-15   10.3277404729912
1.03240436436436   3.85525582574703   2.63028961508206   3.84704743987091e-15   10.3258805720956
1.04242770770771   3.85465779639744   2.63060727198855   3.91250526339302e-15   10.3235014279507
1.05245105105105   3.85389924154613   2.63100912133742   3.74011360735147e-15   10.3204928450221
1.06247439439439   3.85294799681971   2.63151173038973   3.16691592082976e-15   10.3167315069393
1.07249773773774   3.85176856132315   2.63213331412537   2.61298379140924e-15   10.3120820992804
1.08252108108108   3.85032253587459   2.632893499013   2.21392170457042e-15   10.3063991895011
1.09254442442442   3.84856926836282   2.63381298471054   2.14324580126455e-15   10.2995298914463
1.10256776776777   3.84646670412146   2.63491310642433   2.07547700635911e-15   10.2913172912121
1.11259111111111   3.84397242510732   2.63621530754594   2.0326938796474e-15   10.2816045563589
1.12261445445445   3.84104484755061   2.63774053883827   1.88027175046199e-15   10.270239597038
1.1326377977978   3.8376445350805   2.63950860614671   1.59031223728764e-15   10.2570801011799
1.14266114114114   3.83373557448762   2.64153749275109   1.31140663651283e-15   10.2419987316209
1.15268448448449   3.82928695531865   2.64384268462254   1.04828906126893e-15   10.2248882546703
1.16270782782783   3.82427389298762   2.64643652683753   8.12598594509767e-16   10.2056663689416
1.17273117117117   3.81867903804923   2.64932763733721   9.15362762675624e-16   10.1842800198406
1.18275451451452   3.81249352118153   2.65252040046582   9.30193538792048e-16   10.1607090164098
1.19277785785786   3.80571779328641   2.65601455782384   1.09776742604128e-15   10.1349688090829
1.2028012012012   3.79836223167186   2.65980490857287   1.25260792558235e-15   10.1071123341842
1.21282454454455   3.79044749518015   2.66388112606686   1.48906931316363e-15   10.0772308784172
1.22284788788789   3.78200462212685   2.66822769310877   1.60188730663304e-15   10.0454539594153
1.23287123123123   3.77307487403775   2.67282395463282   1.73632002569755e-15   10.0119482530763
1.24289457457458   3.76370933480449   2.67764428439263   1.90286614307262e-15   9.97691562281365
1.25291791791792   3.75396827883036   2.68265836128882   2.0797081608646e-15   9.94059031955491
1.26294126126126   3.7439203232217   2.68783155110331   2.45234581443391e-15   9.90323542538791
1.27296460460461   3.73364137867622   2.69312539025947   2.44048614832888e-15   9.86513861058925
1.28298794794795   3.72321341229564   2.69849816930988   2.71056257255798e-15   9.82660726674345
1.29301129129129   3.71272303416532   2.70390561459316   2.7691239194651e-15   9.78796307176843
1.30303463463464   3.70225991933909   2.70930166629259   2.72375067518692e-15   9.74953604007173
1.31305797797798   3.6919150789344   2.71463934940217   3.05897217669667e-15   9.71165811665814
1.32308132132132   3.68177899926808   2.71987173040242   3.27800296364871e-15   9.67465639085131
1.33310466466467   3.67193967685768   2.72495294652846   3.0524942569424e-15   9.6388460350171
1.34312800800801   3.66248058961961   2.72983928645845   3.07704085724711e-15   9.60452311587394
1.35315135135135   3.65347865992356   2.73449029157033   3.24771261605112e-15   9.57195747763248
1.3631746946947   3.64500228167814   2.73886983660987   3.6141947890405e-15   9.54138595139107
1.37319803803804   3.63710949887527   2.74294713916071   4.07129605313749e-15   9.51300619520346
1.38322138138138   3.62984643394872   2.74669764053661   4.10646386471525e-15   9.48697150330973
1.39324472472473   3.62324606766825   2.75010369854113   4.6453690914059e-15   9.46338693000445
1.40326806806807   3.61732746530705   2.75315503658183   5.01876665581046e-15   9.44230704408958
1.41329141141141   3.61209552487033   2.75584890477369   5.3315401883157e-15   9.42373555867334
1.42331475475476   3.60754129245243   2.75818992670698   5.70511810125459e-15   9.40762696953248
1.4333380980981   3.60364284965708   2.7601896289753   6.13660540267387e-15   9.39389019225768
1.44336144144144   3.6003667328832   2.76186567665132   6.32316973759692e-15   9.38239402994485
1.45338478478479   3.59766979998157   2.76324086316554   6.63417538634896e-15   9.37297415004499
1.46340812812813   3.59550142252862   2.76434192386376   7.34930806186617e-15   9.36544112287235
1.47343147147147   3.59380585708154   2.76519825588322   7.71412192410934e-15   9.35958899353529
1.48345481481482   3.59252463966249   2.76584063112011   8.21609586325825e-15   9.35520383486283
1.49347815815816   3.59159885515836   2.76629998375263   9.06337169010634e-15   9.3520717630873
1.50350150150151   3.59097115545961   2.76660634035445   9.43083900213404e-15   9.34998598310041
1.51352484484485   3.590587433015   2.76678794155727   9.7373414170014e-15   9.3487525512045
1.52354818818819   3.59039809486975   2.76687058254851   9.72611017596914e-15   9.34819468168839
1.53357153153154   3.59035892085313   2.76687717842787   9.24255046543514e-15   9.34815556036993
1.54359487487488   3.59043152382865   2.76682754205244   8.90990057586728e-15   9.34849974763621
1.55361821821822   3.59058345663102   2.76673834807961   8.40472939118132e-15   9.34911334477624
1.56364156156157   3.59078802791322   2.76662324814926   7.79573770539003e-15   9.34990315565106
1.57366490490491   3.59102389753514   2.76649309838725   7.40419260139103e-15   9.35079510140781
1.58368824824825   3.5912745224213   2.76635626091982   6.9940580695065e-15   9.35173214344951
1.5937115915916   3.59152751779303   2.76621894478412   6.51650227153565e-15   9.35267194603611
1.60373493493494   3.59177398840171   2.76608555732822   5.91968525317655e-15   9.35358447234273
1.61375827827828   3.5920078718357   2.76595904382675   5.66569671782974e-15   9.35444966373304
1.62378162162163   3.5922253227941   2.76584119971043   5.24894030208408e-15   9.35525530737718
1.63380496496497   3.59242415462626   2.76573294588456   4.9163976706845e-15   9.35599515648402
1.64382830830831   3.5926033431733   2.76563456271045   4.74798877489855e-15   9.35666733299677
1.65385165165166   3.59276258836113   2.76554588217698   4.82578215801617e-15   9.35727301582226
1.663874994995   3.59290192112882   2.76546644059859   5.13278223850581e-15   9.35781539859164
1.67389833833834   3.59302133699578   2.76539559595172   5.89193583070641e-15   9.35829888886362
1.68392168168169   3.59312043268635   2.76533261488119   6.31630118436391e-15   9.35872851441499
1.69394502502503   3.59319801860363   2.76527673466957   6.63761838830755e-15   9.35910950047351
1.70396836836837   3.59325167757728   2.76522720526128   6.61249122958025e-15   9.35944698312066
1.71399171171172   3.59327723940356   2.76518331593923   7.07476188561121e-15   9.35974582746041
1.72401505505506   3.59326814166628   2.76514441060535   7.18381410713776e-15   9.3600105235676
1.7340383983984   3.59321465078833   2.76510989491984   7.17566754793363e-15   9.3602451379846
1.74406174174175   3.59310292395861   2.76507923788097   7.22494008311845e-15   9.36045330313617
1.75408508508509   3.59291390326223   2.76505196982008   7.02316570264495e-15   9.36063823117979
1.76410842842843   3.59262204861919   2.76502767826835   6.59653691416286e-15   9.36080274234882
1.77413177177178   3.59219393627245   2.76500600272923   6.08399886782323e-15   9.36094930073554
1.78415511511512   3.59158677427165   2.76498662905848   5.34072618370302e-15   9.36108005272669
1.79417845845846   3.59074691464825   2.76496928390358   4.77997055700143e-15   9.36119686501527
1.80420180180181   3.58960847187298   2.76495372947168   3.86957022611986e-15   9.36130136035757
1.81422514514515   3.58809218591939   2.76493975876805   2.42354516884105e-15   9.36139495011438
1.82424848848849   3.58610469221548   2.76492719136139   1.00229091024321e-15   9.36147886319798
1.83427183183184   3.58353837578551   2.76491586967855   -2.25911340957329e-16   9.36155417141431
1.84429517517518   3.58027198868066   2.76490565579918   -1.39792867008452e-15   9.36162181140543
1.85431851851853   3.5761721945261   2.76489642870479   -2.75041455537057e-15   9.36168260350818
1.86434186186187   3.57109616891792   2.7648880819297   -3.70995132999543e-15   9.3617372678875
1.87436520520521   3.56489532847139   2.76488052156151   -4.24193962002006e-15   9.36178643830336
1.88438854854856   3.55742018582403   2.76487366454142   -4.75651587482793e-15   9.36183067384621
1.8944118918919   3.5485262367184   2.76486743722007   -4.850078744809e-15   9.36187046894165
1.90443523523524   3.53808068495947   2.76486177412943   -4.82454442932604e-15   9.361906261885
1.91445857857859   3.52596971036788   2.76485661693711   -4.47129039671312e-15   9.36193844212917
1.92448192192193   3.5121058941951   2.76485191355424   -4.13478211576216e-15   9.36196735651405
1.93450526526527   3.49643534665888   2.76484761737232   -3.88400871388435e-15   9.36199331459562
1.94452860860862   3.47894404230431   2.76484368660835   -3.49244659220918e-15   9.36201659320716
1.95455195195196   3.45966286861984   2.76484008374095   -3.06116812966033e-15   9.3620374403642
1.9645752952953   3.43867093614818   2.76483677502243   -2.3307507705907e-15   9.36205607860732
1.97459863863865   3.41609678433517   2.76483373005475   -2.02822798863902e-15   9.36207270786353
1.98462198198199   3.39211724193976   2.76483092141877   -1.27415475757711e-15   9.36208750789509
1.99464532532533   3.3669538548341   2.7648283243482   -7.36903839359679e-16   9.36210064039603
2.00466866866868   3.3408669645533   2.76482591644109   -1.30371573239745e-16   9.36211225078874
2.01469201201202   3.31414769266825   2.76482367740283   2.98748862704881e-16   9.36212246976635
2.02471535535536   3.28710824286829   2.76482158881596   2.17706538424842e-16   9.36213141462105
2.03473869869871   3.26007105955729   2.76481963393263   -3.54551527697748e-17   9.36213919039334
2.04476204204205   3.23335746662688   2.76481779748668   -1.34231036254832e-16   9.362145890872
2.05478538538539   3.20727644495533   2.76481606552252   -1.07738992006322e-16   9.36215159947026
2.06480872872874   3.18211418929478   2.7648144252387   -9.16618272914627e-17   9.36215638999871
2.07483207207208   3.15812501712491   2.7648128648441   -4.33116077232019e-16   9.36216032735073
2.08485541541542   3.1355240912926   2.76481137342486   -6.63071086694535e-16   9.36216346811104
2.09487875875877   3.11448227630479   2.76480994081988   -9.62764235495008e-16   9.36216586109116
2.10490210210211   3.095123289   2.76480855750203   -1.10137890434579e-15   9.36216754778679
2.11492544544545   3.07752314287199   2.76480721446086   -1.34190208933049e-15   9.36216856273788
2.1249487887888   3.06171173565519   2.76480590307941   -1.47205392963516e-15   9.36216893374831
2.13497213213214   3.04767630378286   2.76480461499232   -1.44619925918832e-15   9.36216868187864
2.14499547547548   3.03536637358506   2.76480334190121   -1.69554347956605e-15   9.3621678210442
2.15501881881883   3.02469978230982   2.76480207530244   -2.0735741046036e-15   9.36216635689741
2.16504216216217   3.01556932296152   2.76480080604181   -2.08684797619195e-15   9.36216428438114
2.17506550550551   3.00784958267371   2.76479952353415   -1.87675517737425e-15   9.36216158278102
2.18508884884886   3.00140358909695   2.76479821433788   -1.66024798006224e-15   9.36215820603831
2.1951121921922   2.99608894534689   2.76479685949349   -1.78934854975651e-15   9.36215406404594
2.20513553553555   2.99176321272308   2.76479542949698   -1.6888951013881e-15   9.36214898675621
2.21515887887889   2.98828838290428   2.76479387475182   -1.40193041698225e-15   9.36214265549199
2.22518222222223   2.98553435948551   2.76479210738261   -9.39721273409628e-16   9.36213447165596
2.23520556556558   2.98338143527601   2.7647899665502   -8.96718378984468e-16   9.36212330593602
2.24522890890892   2.98172180011605   2.76478715226557   -1.05984539700949e-15   9.36210701939684
2.25525225225226   2.98046013715648   2.76478309907139   -1.18357370864518e-15   9.36208154919369
2.26527559559561   2.97951335412859   2.76477673495857   -1.07707085274973e-15   9.36203916344084
2.27529893893895   2.978809433982   2.76476602128384   -1.44256951357391e-15   9.36196513078019
2.28532228228229   2.97828524579484   2.76474707483558   -2.62697533901249e-15   9.36183136555404
2.29534562562564   2.97788287253783   2.76471249271559   -3.66372680804041e-15   9.36158430408765
2.30536896896898   2.97754347154169   2.76464815646991   -4.4499555404467e-15   9.36112177964024
2.31539231231232   2.97719666385183   2.76452713539665   -4.99342858824216e-15   9.36024892549849
2.32541565565567   2.97674152511778   2.7642980571124   -5.39435432101938e-15   9.3585941256456
2.33543899899901   2.9760116188119   2.76386292712974   -5.99265105153632e-15   9.35544894681161
2.34546234234235   2.97470966786712   2.76303483291946   -6.62590180268594e-15   9.34946376132943
2.3554856856857   2.97228464877346   2.76145731639907   -7.27385903894699e-15   9.33807063048802
2.36550902902904   2.96770048148779   2.7584507710321   -7.98253657012702e-15   9.31639510490653
2.37553237237238   2.95900338887261   2.75272016150948   -8.42513822440065e-15   9.27522622231002
2.38555571571573   2.9425251743475   2.74180016606776   -8.57197090598135e-15   9.19730859600912
2.39557905905907   2.91146344687429   2.72100687931408   -8.68979496001852e-15   9.05085306404133
2.40560240240241   2.85352315125677   2.68147760759518   -8.56971693575423e-15   8.77918448955066
2.41562574574576   2.74760653214509   2.60659351152793   -8.28655038722897e-15   8.28773201070782
2.4256490890891   2.56128752210567   2.46586457929952   -7.75467077733574e-15   7.43975412546838
2.43567243243244   2.25650859363428   2.2065867585199   -6.49460308145052e-15   6.10030703415627
2.44569577577579   1.82125834070157   1.75377015349732   -4.82405209244521e-15   4.30212714067265
2.45571911911913   1.33563561680846   1.07390877091063   -2.57618738045377e-15   2.50116430952775
2.46574246246247   0.979173885317128   0.390263010241221   -5.73743730016325e-16   1.40307850089583
2.47576580580582   0.835464404745413   0.0743871880617067   -2.52308335109526e-17   1.06601750551042
2.48578914914916   0.805004036374971   0.0102934773351657   -1.45774985606753e-20   1.00882488019567
2.4958124924925   0.800648938046586   0.00133363954067205   -1.5381996470593e-24   1.00113671224969
2.50583583583585   0.800083282763573   0.000171151767748184   -1.26407086658863e-29   1.00014576232325
2.51585917917919   0.800010674690168   2.19371962204165e-05   -7.93906348864138e-36   1.00001868099478
2.52588252252253   0.800001367995885   2.81132215062213e-06   -3.51599607338928e-43   1.00000239399751
2.53590586586588   0.80000017530924   3.60272120819565e-07   -1.53617820814565e-51   1.00000030679125
2.54592920920922   0.800000022465864   4.61688446484905e-08   -7.55829807226069e-61   1.00000003931526
2.55595255255257   0.800000002878993   5.91652356239275e-09   -3.38330366324098e-71   1.00000000503824
2.56597589589591   0.800000000368942   7.58199208096681e-10   -1.3923300013796e-82   1.00000000064565
2.57599923923925   0.80000000004728   9.71621641537897e-11   -5.35425722248344e-95   1.00000000008274
2.5860225825826   0.800000000006058   1.24506663205028e-11   -1.91229289438908e-108   1.0000000000106
2.59604592592594   0.800000000000776   1.59497167250708e-12   -6.20310742345066e-123   1.00000000000136
2.60606926926928   0.800000000000099   2.04013517900476e-13   -1.75792931675778e-138   1.00000000000017
2.61609261261263   0.800000000000012   2.59117475388835e-14   -4.18890898021485e-155   1.00000000000002
2.62611595595597   0.800000000000002   3.16189688499425e-15   -7.96736142419463e-173   1
2.63613929929931   0.8   3.08284892235761e-16   -9.75459124896559e-192   1
2.64616264264266   0.8   1.58094690735156e-17   -2.78999354046609e-212   1
2.656185985986   0.8   0   0   1
2.66620932932934   0.8   0   0   1
2.67623267267269   0.8   0   0   1
2.68625601601603   0.8   0   0   1
2.69627935935937   0.8   0   0   1
2.70630270270272   0.8   0   0   1
2.71632604604606   0.8   0   0   1
2.7263493893894   0.8   0   0   1
2.73637273273275   0.8   0   0   1
2.74639607607609   0.8   0   0   1
2.75641941941943   0.8   0   0   1
2.76644276276278   0.8   0   0   1
2.77646610610612   0.8   0   0   1
2.78648944944946   0.8   0   0   1
2.79651279279281   0.8   0   0   1
2.80653613613615   0.8   0   0   1
2.81655947947949   0.8   0   0   1
2.82658282282284   0.8   0   0   1
2.83660616616618   0.8   0   0   1
2.84662950950952   0.8   0   0   1
2.85665285285287   0.8   0   0   1
2.86667619619621   0.8   0   0   1
2.87669953953955   0.8   0   0   1
2.8867228828829   0.8   0   0   1
2.89674622622624   0.8   0   0   1
2.90676956956958   0.8   0   0   1
2.91679291291293   0.8   0   0   1
2.92681625625627   0.8   0   0   1
2.93683959959962   0.8   0   0   1
2.94686294294296   0.8   0   0   1
2.9568862862863   0.8   0   0   1
2.96690962962965   0.8   0   0   1
2.97693297297299   0.8   0   0   1
2.98695631631633   0.8   0   0   1
2.99697965965968   0.8   0   0   1
3.00700300300302   0.8   0   0   1
3.01702634634636   0.8   0   0   1
3.02704968968971   0.8   0   0   1
3.03707303303305   0.8   0   0   1
3.04709637637639   0.8   0   0   1
3.05711971971974   0.8   0   0   1
3.06714306306308   0.8   0   0   1
3.07716640640642   0.8   0   0   1
3.08718974974977   0.8   0   0   1
3.09721309309311   0.8   0   0   1
3.10723643643645   0.8   0   0   1
3.1172597797798   0.8   0   0   1
3.12728312312314   0.8   0   0   1
3.13730646646648   0.8   0   0   1
3.14732980980983   0.8   0   0   1
3.15735315315317   0.8   0   0   1
3.16737649649651   0.8   0   0   1
3.17739983983986   0.8   0   0   1
3.1874231831832   0.8   0   0   1
3.19744652652654   0.8   0   0   1
3.20746986986989   0.8   0   0   1
3.21749321321323   0.8   0   0   1
3.22751655655657   0.8   0   0   1
3.23753989989992   0.8   0   0   1
3.24756324324326   0.8   0   0   1
3.2575865865866   0.8   0   0   1
3.26760992992995   0.8   0   0   1
3.27763327327329   0.8   0   0   1
3.28765661661664   0.8   0   0   1
3.29767995995998   0.8   0   0   1
3.30770330330332   0.8   0   0   1
3.31772664664667   0.8   0   0   1
3.32774998999001   0.8   0   0   1
3.33777333333335   0.8   0   0   1
3.3477966766767   0.8   0   0   1
3.35782002002004   0.8   0   0   1
3.36784336336338   0.8   0   0   1
3.37786670670673   0.8   0   0   1
3.38789005005007   0.8   0   0   1
3.39791339339341   0.8   0   0   1
3.40793673673676   0.8   0   0   1
3.4179600800801   0.8   0   0   1
3.42798342342344   0.8   0   0   1
3.43800676676679   0.8   0   0   1
3.44803011011013   0.8   0   0   1
3.45805345345347   0.8   0   0   1
3.46807679679682   0.8   0   0   1
3.47810014014016   0.8   0   0   1
3.4881234834835   0.8   0   0   1
3.49814682682685   0.8   0   0   1
3.50817017017019   0.8   0   0   1
3.51819351351353   0.8   0   0   1
3.52821685685688   0.8   0   0   1
3.53824020020022   0.8   0   0   1
3.54826354354356   0.8   0   0   1
3.55828688688691   0.8   0   0   1
3.56831023023025   0.8   0   0   1
3.57833357357359   0.8   0   0   1
3.58835691691694   0.8   0   0   1
3.59838026026028   0.8   0   0   1
3.60840360360362   0.8   0   0   1
3.61842694694697   0.8   0   0   1
3.62845029029031   0.8   0   0   1
3.63847363363366   0.8   0   0   1
3.648496976977   0.8   0   0   1
3.65852032032034   0.8   0   0   1
3.66854366366369   0.8   0   0   1
3.67856700700703   0.8   0   0   1
3.68859035035037   0.8   0   0   1
3.69861369369372   0.8   0   0   1
3.70863703703706   0.8   0   0   1
3.7186603803804   0.8   0   0   1
3.72868372372375   0.8   0   0   1
3.73870706706709   0.8   0   0   1
3.74873041041043   0.8   0   0   1
3.75875375375378   0.8   0   0   1
3.76877709709712   0.8   0   0   1
3.77880044044046   0.8   0   0   1
3.78882378378381   0.8   0   0   1
3.79884712712715   0.8   0   0   1
3.80887047047049   0.8   0   0   1
3.81889381381384   0.8   0   0   1
3.82891715715718   0.8   0   0   1
3.83894050050052   0.8   0   0   1
3.84896384384387   0.8   0   0   1
3.85898718718721   0.8   0   0   1
3.86901053053055   0.8   0   0   1
3.8790338738739   0.8   0   0   1
3.88905721721724   0.8   0   0   1
3.89908056056058   0.8   0   0   1
3.90910390390393   0.8   0   0   1
3.91912724724727   0.8   0   0   1
3.92915059059061   0.8   0   0   1
3.93917393393396   0.8   0   0   1
3.9491972772773   0.8   0   0   1
3.95922062062064   0.8   0   0   1
3.96924396396399   0.8   0   0   1
3.97926730730733   0.8   0   0   1
3.98929065065068   0.8   0   0   1
3.99931399399402   0.8   0   0   1
4.00933733733736   0.8   0   0   1
4.01936068068071   0.8   0   0   1
4.02938402402405   0.8   0   0   1
4.03940736736739   0.8   0   0   1
4.04943071071074   0.8   0   0   1
4.05945405405408   0.8   0   0   1
4.06947739739742   0.8   0   0   1
4.07950074074077   0.8   0   0   1
4.08952408408411   0.8   0   0   1
4.09954742742745   0.8   0   0   1
4.1095707707708   0.8   0   0   1
4.11959411411414   0.8   0   0   1
4.12961745745748   0.8   0   0   1
4.13964080080083   0.8   0   0   1
4.14966414414417   0.8   0   0   1
4.15968748748751   0.8   0   0   1
4.16971083083086   0.8   0   0   1
4.1797341741742   0.8   0   0   1
4.18975751751754   0.8   0   0   1
4.19978086086089   0.8   0   0   1
4.20980420420423   0.8   0   0   1
4.21982754754757   0.8   0   0   1
4.22985089089092   0.8   0   0   1
4.23987423423426   0.8   0   0   1
4.2498975775776   0.8   0   0   1
4.25992092092095   0.8   0   0   1
4.26994426426429   0.8   0   0   1
4.27996760760763   0.8   0   0   1
4.28999095095098   0.8   0   0   1
4.30001429429432   0.8   0   0   1
4.31003763763766   0.8   0   0   1
4.32006098098101   0.8   0   0   1
4.33008432432435   0.8   0   0   1
4.3401076676677   0.8   0   0   1
4.35013101101104   0.8   0   0   1
4.36015435435438   0.8   0   0   1
4.37017769769773   0.8   0   0   1
4.38020104104107   0.8   0   0   1
4.39022438438441   0.8   0   0   1
4.40024772772776   0.8   0   0   1
4.4102710710711   0.8   0   0   1
4.42029441441444   0.8   0   0   1
4.43031775775779   0.8   0   0   1
4.44034110110113   0.8   0   0   1
4.45036444444447   0.8   0   0   1
4.46038778778782   0.8   0   0   1
4.47041113113116   0.8   0   0   1
4.4804344744745   0.8   0   0   1
4.49045781781785   0.8   0   0   1
4.50048116116119   0.8   0   0   1
4.51050450450453   0.8   0   0   1
4.52052784784788   0.8   0   0   1
4.53055119119122   0.8   0   0   1
4.54057453453456   0.8   0   0   1
4.55059787787791   0.8   0   0   1
4.56062122122125   0.8   0   0   1
4.57064456456459   0.8   0   0   1
4.58066790790794   0.8   0   0   1
4.59069125125128   0.8   0   0   1
4.60071459459462   0.8   0   0   1
4.61073793793797   0.8   0   0   1
4.62076128128131   0.8   0   0   1
4.63078462462465   0.8   0   0   1
4.640807967968   0.8   0   0   1
4.65083131131134   0.8   0   0   1
4.66085465465468   0.8   0   0   1
4.67087799799803   0.8   0   0   1
4.68090134134137   0.8   0   0   1
4.69092468468472   0.8   0   0   1
4.70094802802806   0.8   0   0   1
4.7109713713714   0.8   0   0   1
4.72099471471475   0.8   0   0   1
4.73101805805809   0.8   0   0   1
4.74104140140143   0.8   0   0   1
4.75106474474478   0.8   0   0   1
4.76108808808812   0.8   0   0   1
4.77111143143146   0.8   0   0   1
4.78113477477481   0.8   0   0   1
4.79115811811815   0.8   0   0   1
4.80118146146149   0.8   0   0   1
4.81120480480484   0.8   0   0   1
4.82122814814818   0.8   0   0   1
4.83125149149152   0.8   0   0   1
4.84127483483487   0.8   0   0   1
4.85129817817821   0.8   0   0   1
4.86132152152155   0.8   0   0   1
4.8713448648649   0.8   0   0   1
4.88136820820824   0.8   0   0   1
4.89139155155158   0.8   0   0   1
4.90141489489493   0.8   0   0   1
4.91143823823827   0.8   0   0   1
4.92146158158161   0.8   0   0   1
4.93148492492496   0.8   0   0   1
4.9415082682683   0.8   0   0   1
4.95153161161164   0.8   0   0   1
4.96155495495499   0.8   0   0   1
4.97157829829833   0.8   0   0   1
4.98160164164167   0.8   0   0   1
4.99162498498502   0.8   0   0   1
5.00164832832836   0.8   0   0   1
5.0116716716717   0.8   0   0   1
5.02169501501505   0.8   0   0   1
5.03171835835839   0.8   0   0   1
5.04174170170173   0.8   0   0   1
5.05176504504508   0.8   0   0   1
5.06178838838842   0.8   0   0   1
5.07181173173177   0.8   0   0   1
5.08183507507511   0.8   0   0   1
5.09185841841845   0.8   0   0   1
5.1018817617618   0.8   0   0   1
5.11190510510514   0.8   0   0   1
5.12192844844848   0.8   0   0   1
5.13195179179183   0.8   0   0   1
5.14197513513517   0.8   0   0   1
5.15199847847851   0.8   0   0   1
5.16202182182186   0.8   0   0   1
5.1720451651652   0.8   0   0   1
5.18206850850854   0.8   0   0   1
5.19209185185189   0.8   0   0   1
5.20211519519523   0.8   0   0   1
5.21213853853857   0.8   0   0   1
5.22216188188192   0.8   0   0   1
5.23218522522526   0.8   0   0   1
5.2422085685686   0.8   0   0   1
5.25223191191195   0.8   0   0   1
5.26225525525529   0.8   0   0   1
5.27227859859863   0.8   0   0   1
5.28230194194198   0.8   0   0   1
5.29232528528532   0.8   0   0   1
5.30234862862866   0.8   0   0   1
5.31237197197201   0.8   0   0   1
5.32239531531535   0.8   0   0   1
5.33241865865869   0.8   0   0   1
5.34244200200204   0.8   0   0   1
5.35246534534538   0.8   0   0   1
5.36248868868872   0.8   0   0   1
5.37251203203207   0.8   0   0   1
5.38253537537541   0.8   0   0   1
5.39255871871875   0.8   0   0   1
5.4025820620621   0.8   0   0   1
5.41260540540544   0.8   0   0   1
5.42262874874879   0.8   0   0   1
5.43265209209213   0.8   0   0   1
5.44267543543547   0.8   0   0   1
5.45269877877882   0.8   0   0   1
5.46272212212216   0.8   0   0   1
5.4727454654655   0.8   0   0   1
5.48276880880885   0.8   0   0   1
5.49279215215219   0.8   0   0   1
5.50281549549553   0.8   0   0   1
5.51283883883888   0.8   0   0   1
5.52286218218222   0.8   0   0   1
5.53288552552556   0.8   0   0   1
5.54290886886891   0.8   0   0   1
5.55293221221225   0.8   0   0   1
5.56295555555559   0.8   0   0   1
5.57297889889894   0.8   0   0   1
5.58300224224228   0.8   0   0   1
5.59302558558562   0.8   0   0   1
5.60304892892897   0.8   0   0   1
5.61307227227231   0.8   0   0   1
5.62309561561565   0.8   0   0   1
5.633118958959   0.8   0   0   1
5.64314230230234   0.8   0   0   1
5.65316564564568   0.8   0   0   1
5.66318898898903   0.8   0   0   1
5.67321233233237   0.8   0   0   1
5.68323567567571   0.8   0   0   1
5.69325901901906   0.8   0   0   1
5.7032823623624   0.8   0   0   1
5.71330570570574   0.8   0   0   1
5.72332904904909   0.8   0   0   1
5.73335239239243   0.8   0   0   1
5.74337573573577   0.8   0   0   1
5.75339907907912   0.8   0   0   1
5.76342242242246   0.8   0   0   1
5.77344576576581   0.8   0   0   1
5.78346910910915   0.8   0   0   1
5.79349245245249   0.8   0   0   1
5.80351579579584   0.8   0   0   1
5.81353913913918   0.8   0   0   1
5.82356248248252   0.8   0   0   1
5.83358582582587   0.8   0   0   1
5.84360916916921   0.8   0   0   1
5.85363251251255   0.8   0   0   1
5.8636558558559   0.8   0   0   1
5.87367919919924   0.8   0   0   1
5.88370254254258   0.8   0   0   1
5.89372588588593   0.8   0   0   1
5.90374922922927   0.8   0   0   1
5.91377257257261   0.8   0   0   1
5.92379591591596   0.8   0   0   1
5.9338192592593   0.8   0   0   1
5.94384260260264   0.8   0   0   1
5.95386594594599   0.8   0   0   1
5.96388928928933   0.8   0   0   1
5.97391263263267   0.8   0   0   1
5.98393597597602   0.8   0   0   1
5.99395931931936   0.8   0   0   1
6.0039826626627   0.8   0   0   1
6.01400600600605   0.8   0   0   1
6.02402934934939   0.8   0   0   1
6.03405269269273   0.8   0   0   1
6.04407603603608   0.8   0   0   1
6.05409937937942   0.8   0   0   1
6.06412272272276   0.8   0   0   1
6.07414606606611   0.8   0   0   1
6.08416940940945   0.8   0   0   1
6.09419275275279   0.8   0   0   1
6.10421609609614   0.8   0   0   1
6.11423943943948   0.8   0   0   1
6.12426278278283   0.8   0   0   1
6.13428612612617   0.8   0   0   1
6.14430946946951   0.8   0   0   1
6.15433281281286   0.8   0   0   1
6.1643561561562   0.8   0   0   1
6.17437949949954   0.8   0   0   1
6.18440284284289   0.8   0   0   1
6.19442618618623   0.8   0   0   1
6.20444952952957   0.8   0   0   1
6.21447287287292   0.8   0   0   1
6.22449621621626   0.8   0   0   1
6.2345195595596   0.8   0   0   1
6.24454290290295   0.8   0   0   1
6.25456624624629   0.8   0   0   1
6.26458958958963   0.8   0   0   1
6.27461293293298   0.8   0   0   1
6.28463627627632   0.8   0   0   1
6.29465961961966   0.8   0   0   1
6.30468296296301   0.8   0   0   1
6.31470630630635   0.8   0   0   1
6.32472964964969   0.8   0   0   1
6.33475299299304   0.8   0   0   1
6.34477633633638   0.8   0   0   1
6.35479967967972   0.8   0   0   1
6.36482302302307   0.8   0   0   1
6.37484636636641   0.8   0   0   1
6.38486970970975   0.8   0   0   1
6.3948930530531   0.8   0   0   1
6.40491639639644   0.8   0   0   1
6.41493973973978   0.8   0   0   1
6.42496308308313   0.8   0   0   1
6.43498642642647   0.8   0   0   1
6.44500976976981   0.8   0   0   1
6.45503311311316   0.8   0   0   1
6.4650564564565   0.8   0   0   1
6.47507979979985   0.8   0   0   1
6.48510314314319   0.8   0   0   1
6.49512648648653   0.8   0   0   1
6.50514982982988   0.8   0   0   1
6.51517317317322   0.8   0   0   1
6.52519651651656   0.8   0   0   1
6.53521985985991   0.8   0   0   1
6.54524320320325   0.8   0   0   1
6.55526654654659   0.8   0   0   1
6.56528988988994   0.8   0   0   1
6.57531323323328   0.8   0   0   1
6.58533657657662   0.8   0   0   1
6.59535991991997   0.8   0   0   1
6.60538326326331   0.8   0   0   1
6.61540660660665   0.8   0   0   1
6.62542994995   0.8   0   0   1
6.63545329329334   0.8   0   0   1
6.64547663663668   0.8   0   0   1
6.65549997998003   0.8   0   0   1
6.66552332332337   0.8   0   0   1
6.67554666666671   0.8   0   0   1
6.68557001001006   0.8   0   0   1
6.6955933533534   0.8   0   0   1
6.70561669669674   0.8   0   0   1
6.71564004004009   0.8   0   0   1
6.72566338338343   0.8   0   0   1
6.73568672672677   0.8   0   0   1
6.74571007007012   0.8   0   0   1
6.75573341341346   0.8   0   0   1
6.7657567567568   0.8   0   0   1
6.77578010010015   0.8   0   0   1
6.78580344344349   0.8   0   0   1
6.79582678678683   0.8   0   0   1
6.80585013013018   0.8   0   0   1
6.81587347347352   0.8   0   0   1
6.82589681681686   0.8   0   0   1
6.83592016016021   0.8   0   0   1
6.84594350350355   0.8   0   0   1
6.8559668468469   0.8   0   0   1
6.86599019019024   0.8   0   0   1
6.87601353353358   0.8   0   0   1
6.88603687687693   0.8   0   0   1
6.89606022022027   0.8   0   0   1
6.90608356356361   0.8   0   0   1
6.91610690690696   0.8   0   0   1
6.9261302502503   0.8   0   0   1
6.93615359359364   0.8   0   0   1
6.94617693693699   0.8   0   0   1
6.95620028028033   0.8   0   0   1
6.96622362362367   0.8   0   0   1
6.97624696696702   0.8   0   0   1
6.98627031031036   0.8   0   0   1
6.9962936536537   0.8   0   0   1
7.00631699699705   0.8   0   0   1
7.01634034034039   0.8   0   0   1
7.02636368368373   0.8   0   0   1
7.03638702702708   0.8   0   0   1
7.04641037037042   0.8   0   0   1
7.05643371371376   0.8   0   0   1
7.06645705705711   0.8   0   0   1
7.07648040040045   0.8   0   0   1
7.08650374374379   0.8   0   0   1
7.09652708708714   0.8   0   0   1
7.10655043043048   0.8   0   0   1
7.11657377377382   0.8   0   0   1
7.12659711711717   0.8   0   0   1
7.13662046046051   0.8   0   0   1
7.14664380380385   0.8   0   0   1
7.1566671471472   0.8   0   0   1
7.16669049049054   0.8   0   0   1
7.17671383383388   0.8   0   0   1
7.18673717717723   0.8   0   0   1
7.19676052052057   0.8   0   0   1
7.20678386386392   0.8   0   0   1
7.21680720720726   0.8   0   0   1
7.2268305505506   0.8   0   0   1
7.23685389389395   0.8   0   0   1
7.24687723723729   0.8   0   0   1
7.25690058058063   0.8   0   0   1
7.26692392392398   0.8   0   0   1
7.27694726726732   0.8   0   0   1
7.28697061061066   0.8   0   0   1
7.29699395395401   0.8   0   0   1
7.30701729729735   0.8   0   0   1
7.31704064064069   0.8   0   0   1
7.32706398398404   0.8   0   0   1
7.33708732732738   0.8   0   0   1
7.34711067067072   0.8   0   0   1
7.35713401401407   0.8   0   0   1
7.36715735735741   0.8   0   0   1
7.37718070070075   0.8   0   0   1
7.3872040440441   0.8   0   0   1
7.39722738738744   0.8   0   0   1
7.40725073073078   0.8   0   0   1
7.41727407407413   0.8   0   0   1
7.42729741741747   0.8   0   0   1
7.43732076076081   0.8   0   0   1
7.44734410410416   0.8   0   0   1
7.4573674474475   0.8   0   0   1
7.46739079079084   0.8   0   0   1
7.47741413413419   0.8   0   0   1
7.48743747747753   0.8   0   0   1
7.49746082082087   0.8   0   0   1
7.50748416416422   0.8   0   0   1
7.51750750750756   0.8   0   0   1
7.5275308508509   0.8   0   0   1
7.53755419419425   0.8   0   0   1
7.54757753753759   0.8   0   0   1
7.55760088088094   0.8   0   0   1
7.56762422422428   0.8   0   0   1
7.57764756756762   0.8   0   0   1
7.58767091091097   0.8   0   0   1
7.59769425425431   0.8   0   0   1
7.60771759759765   0.8   0   0   1
7.617740940941   0.8   0   0   1
7.62776428428434   0.8   0   0   1
7.63778762762768   0.8   0   0   1
7.64781097097103   0.8   0   0   1
7.65783431431437   0.8   0   0   1
7.66785765765771   0.8   0   0   1
7.67788100100106   0.8   0   0   1
7.6879043443444   0.8   0   0   1
7.69792768768774   0.8   0   0   1
7.70795103103109   0.8   0   0   1
7.71797437437443   0.8   0   0   1
7.72799771771777   0.8   0   0   1
7.73802106106112   0.8   0   0   1
7.74804440440446   0.8   0   0   1
7.7580677477478   0.8   0   0   1
7.76809109109115   0.8   0   0   1
7.77811443443449   0.8   0   0   1
7.78813777777783   0.8   0   0   1
7.79816112112118   0.8   0   0   1
7.80818446446452   0.8   0   0   1
7.81820780780786   0.8   0   0   1
7.82823115115121   0.8   0   0   1
7.83825449449455   0.8   0   0   1
7.84827783783789   0.8   0   0   1
7.85830118118124   0.8   0   0   1
7.86832452452458   0.8   0   0   1
7.87834786786792   0.8   0   0   1
7.88837121121127   0.8   0   0   1
7.89839455455461   0.8   0   0   1
7.90841789789796   0.8   0   0   1
7.9184412412413   0.8   0   0   1
7.92846458458464   0.8   0   0   1
7.93848792792799   0.8   0   0   1
7.94851127127133   0.8   0   0   1
7.95853461461467   0.8   0   0   1
7.96855795795802   0.8   0   0   1
7.97858130130136   0.8   0   0   1
7.9886046446447   0.8   0   0   1
7.99862798798805   0.8   0   0   1
8.00865133133139   0.8   0   0   1
8.01867467467473   0.8   0   0   1
8.02869801801808   0.8   0   0   1
8.03872136136142   0.8   0   0   1
8.04874470470476   0.8   0   0   1
8.05876804804811   0.8   0   0   1
8.06879139139145   0.8   0   0   1
8.07881473473479   0.8   0   0   1
8.08883807807814   0.8   0   0   1
8.09886142142148   0.8   0   0   1
8.10888476476482   0.8   0   0   1
8.11890810810817   0.8   0   0   1
8.12893145145151   0.8   0   0   1
8.13895479479485   0.8   0   0   1
8.1489781381382   0.8   0   0   1
8.15900148148154   0.8   0   0   1
8.16902482482488   0.8   0   0   1
8.17904816816823   0.8   0   0   1
8.18907151151157   0.8   0   0   1
8.19909485485491   0.8   0   0   1
8.20911819819826   0.8   0   0   1
8.2191415415416   0.8   0   0   1
8.22916488488494   0.8   0   0   1
8.23918822822829   0.8   0   0   1
8.24921157157163   0.8   0   0   1
8.25923491491498   0.8   0   0   1
8.26925825825832   0.8   0   0   1
8.27928160160166   0.8   0   0   1
8.28930494494501   0.8   0   0   1
8.29932828828835   0.8   0   0   1
8.30935163163169   0.8   0   0   1
8.31937497497504   0.8   0   0   1
8.32939831831838   0.8   0   0   1
8.33942166166172   0.8   0   0   1
8.34944500500507   0.8   0   0   1
8.35946834834841   0.8   0   0   1
8.36949169169175   0.8   0   0   1
8.3795150350351   0.8   0   0   1
8.38953837837844   0.8   0   0   1
8.39956172172178   0.8   0   0   1
8.40958506506513   0.8   0   0   1
8.41960840840847   0.8   0   0   1
8.42963175175181   0.8   0   0   1
8.43965509509516   0.8   0   0   1
8.4496784384385   0.8   0   0   1
8.45970178178184   0.8   0   0   1
8.46972512512519   0.8   0   0   1
8.47974846846853   0.8   0   0   1
8.48977181181187   0.8   0   0   1
8.49979515515522   0.8   0   0   1
8.50981849849856   0.8   0   0   1
8.5198418418419   0.8   0   0   1
8.52986518518525   0.8   0   0   1
8.53988852852859   0.8   0   0   1
8.54991187187193   0.8   0   0   1
8.55993521521528   0.8   0   0   1
8.56995855855862   0.8   0   0   1
8.57998190190196   0.8   0   0   1
8.59000524524531   0.8   0   0   1
8.60002858858865   0.8   0   0   1
8.610051931932   0.8   0   0   1
8.62007527527534   0.8   0   0   1
8.63009861861868   0.8   0   0   1
8.64012196196203   0.8   0   0   1
8.65014530530537   0.8   0   0   1
8.66016864864871   0.8   0   0   1
8.67019199199206   0.8   0   0   1
8.6802153353354   0.8   0   0   1
8.69023867867874   0.8   0   0   1
8.70026202202209   0.8   0   0   1
8.71028536536543   0.8   0   0   1
8.72030870870877   0.8   0   0   1
8.73033205205212   0.8   0   0   1
8.74035539539546   0.8   0   0   1
8.7503787387388   0.8   0   0   1
8.76040208208215   0.8   0   0   1
8.77042542542549   0.8   0   0   1
8.78044876876883   0.8   0   0   1
8.79047211211218   0.8   0   0   1
8.80049545545552   0.8   0   0   1
8.81051879879886   0.8   0   0   1
8.82054214214221   0.8   0   0   1
8.83056548548555   0.8   0   0   1
8.84058882882889   0.8   0   0   1
8.85061217217224   0.8   0   0   1
8.86063551551558   0.8   0   0   1
8.87065885885892   0.8   0   0   1
8.88068220220227   0.8   0   0   1
8.89070554554561   0.8   0   0   1
8.90072888888895   0.8   0   0   1
8.9107522322323   0.8   0   0   1
8.92077557557564   0.8   0   0   1
8.93079891891898   0.8   0   0   1
8.94082226226233   0.8   0   0   1
8.95084560560567   0.8   0   0   1
8.96086894894901   0.8   0   0   1
8.97089229229236   0.8   0   0   1
8.9809156356357   0.8   0   0   1
8.99093897897905   0.8   0   0   1
9.00096232232239   0.8   0   0   1
9.01098566566573   0.8   0   0   1
9.02100900900908   0.8   0   0   1
9.03103235235242   0.8   0   0   1
9.04105569569576   0.8   0   0   1
9.05107903903911   0.8   0   0   1
9.06110238238245   0.8   0   0   1
9.07112572572579   0.8   0   0   1
9.08114906906914   0.8   0   0   1
9.09117241241248   0.8   0   0   1
9.10119575575582   0.8   0   0   1
9.11121909909917   0.8   0   0   1
9.12124244244251   0.8   0   0   1
9.13126578578585   0.8   0   0   1
9.1412891291292   0.8   0   0   1
9.15131247247254   0.8   0   0   1
9.16133581581588   0.8   0   0   1
9.17135915915923   0.8   0   0   1
9.18138250250257   0.8   0   0   1
9.19140584584591   0.8   0   0   1
9.20142918918926   0.8   0   0   1
9.2114525325326   0.8   0   0   1
9.22147587587594   0.8   0   0   1
9.23149921921929   0.8   0   0   1
9.24152256256263   0.8   0   0   1
9.25154590590597   0.8   0   0   1
9.26156924924932   0.8   0   0   1
9.27159259259266   0.8   0   0   1
9.281615935936   0.8   0   0   1
9.29163927927935   0.8   0   0   1
9.30166262262269   0.8   0   0   1
9.31168596596603   0.8   0   0   1
9.32170930930938   0.8   0   0   1
9.33173265265272   0.8   0   0   1
9.34175599599607   0.8   0   0   1
9.35177933933941   0.8   0   0   1
9.36180268268275   0.8   0   0   1
9.3718260260261   0.8   0   0   1
9.38184936936944   0.8   0   0   1
9.39187271271278   0.8   0   0   1
9.40189605605613   0.8   0   0   1
9.41191939939947   0.8   0   0   1
9.42194274274281   0.8   0   0   1
9.43196608608616   0.8   0   0   1
9.4419894294295   0.8   0   0   1
9.45201277277284   0.8   0   0   1
9.46203611611619   0.8   0   0   1
9.47205945945953   0.8   0   0   1
9.48208280280287   0.8   0   0   1
9.49210614614622   0.8   0   0   1
9.50212948948956   0.8   0   0   1
9.5121528328329   0.8   0   0   1
9.52217617617625   0.8   0   0   1
9.53219951951959   0.8   0   0   1
9.54222286286293   0.8   0   0   1
9.55224620620628   0.8   0   0   1
9.56226954954962   0.8   0   0   1
9.57229289289296   0.8   0   0   1
9.58231623623631   0.8   0   0   1
9.59233957957965   0.8   0   0   1
9.60236292292299   0.8   0   0   1
9.61238626626634   0.8   0   0   1
9.62240960960968   0.8   0   0   1
9.63243295295302   0.8   0   0   1
9.64245629629637   0.8   0   0   1
9.65247963963971   0.8   0   0   1
9.66250298298305   0.8   0   0   1
9.6725263263264   0.8   0   0   1
9.68254966966974   0.8   0   0   1
9.69257301301309   0.8   0   0   1
9.70259635635643   0.8   0   0   1
9.71261969969977   0.8   0   0   1
9.72264304304312   0.8   0   0   1
9.73266638638646   0.8   0   0   1
9.7426897297298   0.8   0   0   1
9.75271307307315   0.8   0   0   1
9.76273641641649   0.8   0   0   1
9.77275975975983   0.8   0   0   1
9.78278310310318   0.8   0   0   1
9.79280644644652   0.8   0   0   1
9.80282978978986   0.8   0   0   1
9.81285313313321   0.8   0   0   1
9.82287647647655   0.8   0   0   1
9.83289981981989   0.8   0   0   1
9.84292316316324   0.8   0   0   1
9.85294650650658   0.8   0   0   1
9.86296984984992   0.8   0   0   1
9.87299319319327   0.8   0   0   1
9.88301653653661   0.8   0   0   1
9.89303987987995   0.8   0   0   1
9.9030632232233   0.8   0   0   1
9.91308656656664   0.8   0   0   1
9.92310990990998   0.8   0   0   1
9.93313325325333   0.8   0   0   1
9.94315659659667   0.8   0   0   1
9.95317993994001   0.8   0   0   1
9.96320328328336   0.8   0   0   1
9.9732266266267   0.8   0   0   1
9.98324996997004   0.8   0   0   1
9.99327331331339   0.8   0   0   1
10.0032966566567   0.8   0   0   1
10.0133200000001   0.8   0   0   1
