variables = x,rho,u,v,p
0   3.8571   2.6293   0   10.3333
0.0100233433433433   3.8571   2.6293   0   10.3333
0.0200466866866867   3.8571   2.6293   0   10.3333
0.03007003003003   3.8571   2.6293   0   10.3333
0.0400933733733734   3.8571   2.6293   0   10.3333
0.0501167167167167   3.8571   2.6293   0   10.3333
0.0601400600600601   3.8571   2.6293   0   10.3333
0.0701634034034034   3.8571   2.6293   0   10.3333
0.0801867467467468   3.8571   2.6293   0   10.3333
0.0902100900900901   3.8571   2.6293   0   10.3333
0.100233433433433   3.8571   2.6293   0   10.3333
0.110256776776777   3.8571   2.6293   0   10.3333
0.12028012012012   3.8571   2.6293   0   10.3333
0.130303463463463   3.8571   2.6293   0   10.3333
0.140326806806807   3.8571   2.6293   0   10.3333
0.15035015015015   3.8571   2.6293   0   10.3333
0.160373493493494   3.8571   2.6293   0   10.3333
0.170396836836837   3.8571   2.6293   0   10.3333
0.18042018018018   3.8571   2.6293   0   10.3333
0.190443523523524   3.8571   2.6293   0   10.3333
0.200466866866867   3.8571   2.6293   0   10.3333
0.21049021021021   3.8571   2.6293   0   10.3333
0.220513553553554   3.8571   2.6293   0   10.3333
0.230536896896897   3.8571   2.6293   0   10.3333
0.24056024024024   3.8571   2.6293   0   10.3333
0.250583583583584   3.8571   2.6293   0   10.3333
0.260606926926927   3.8571   2.6293   0   10.3333
0.27063027027027   3.8571   2.6293   0   10.3333
0.280653613613614   3.8571   2.6293   0   10.3333
0.290676956956957   3.8571   2.6293   0   10.3333
0.3007003003003   3.8571   2.6293   0   10.3333
0.310723643643644   3.8571   2.6293   0   10.3333
0.320746986986987   3.8571   2.6293   0   10.3333
0.330770330330331   3.8571   2.6293   0   10.3333
0.340793673673674   3.8571   2.6293   0   10.3333
0.350817017017017   3.8571   2.6293   0   10.3333
0.360840360360361   3.8571   2.6293   0   10.3333
0.370863703703704   3.8571   2.6293   0   10.3333
0.380887047047047   3.8571   2.6293   0   10.3333
0.390910390390391   3.8571   2.6293   0   10.3333
0.400933733733734   3.8571   2.6293   0   10.3333
0.410957077077078   3.8571   2.6293   0   10.3333
0.420980420420421   3.8571   2.6293   0   10.3333
0.431003763763764   3.8571   2.6293   0   10.3333
0.441027107107108   3.8571   2.6293   0   10.3333
0.451050450450451   3.8571   2.6293   0   10.3333
0.461073793793794   3.8571   2.6293   0   10.3333
0.471097137137138   3.8571   2.6293   0   10.3333
0.481120480480481   3.8571   2.6293   0   10.3333
0.491143823823825   3.8571   2.6293   0   10.3333
0.501167167167168   3.8571   2.6293   0   10.3333
0.511190510510511   3.8571   2.6293   0   10.3333
0.521213853853855   3.8571   2.6293   0   10.3333
0.531237197197198   3.8571   2.6293   0   10.3333
0.541260540540541   3.8571   2.6293   -2.51143248078639e-16   10.3333
0.551283883883884   3.85709999999999   2.6293   -4.31916789351334e-16   10.3333
0.561307227227228   3.85709999999997   2.62930000000002   -6.32735129508323e-17   10.3332999999999
0.571330570570571   3.85709999999992   2.62930000000005   -3.36953896981778e-16   10.3332999999996
0.581353913913914   3.85709999999981   2.62930000000011   7.37264178354365e-17   10.3332999999992
0.591377257257258   3.8570999999996   2.62930000000023   4.83696493543394e-16   10.3332999999982
0.601400600600601   3.85709999999921   2.62930000000046   4.55964415115443e-16   10.3332999999965
0.611423943943944   3.85709999999845   2.62930000000092   3.88796172694259e-16   10.3332999999931
0.621447287287288   3.85709999999698   2.62930000000178   2.73282977318118e-16   10.3332999999866
0.631470630630631   3.85709999999418   2.62930000000342   3.77516168087981e-16   10.3332999999742
0.641493973973974   3.85709999998889   2.6293000000065   5.32145080266439e-16   10.3332999999509
0.651517317317318   3.85709999997902   2.62930000001226   2.66921116277889e-16   10.3332999999075
0.661540660660661   3.85709999996071   2.62930000002291   -2.99363467330253e-17   10.3332999998272
0.671564004004004   3.8570999999271   2.62930000004241   -1.79373574090948e-16   10.3332999996802
0.681587347347348   3.85709999986597   2.62930000007781   -3.45462421396809e-16   10.3332999994135
0.691610690690691   3.85709999975578   2.62930000014145   -3.73839829012335e-16   10.3332999989339
0.701634034034034   3.85709999955899   2.62930000025485   -4.77423222123635e-17   10.3332999980796
0.711657377377378   3.85709999921082   2.62930000045502   1.59861010497604e-16   10.3332999965717
0.721680720720721   3.8570999986005   2.62930000080508   5.00585114939447e-16   10.3332999939352
0.731704064064064   3.85709999754057   2.62930000141162   5.39094365995977e-16   10.3332999893676
0.741727407407408   3.85709999571693   2.62930000245277   5.22754408608527e-16   10.3332999815284
0.751750750750751   3.85709999260849   2.6293000042233   6.91430987987974e-16   10.3332999681995
0.761774094094094   3.8570999873595   2.6293000072061   6.09638784798862e-16   10.333299945748
0.771797437437437   3.85709997857869   2.62930001218423   7.26768579089533e-16   10.3332999082832
0.781820780780781   3.85709996402714   2.62930002041472   8.52417710591881e-16   10.3332998463513
0.791844124124124   3.85709994013841   2.62930003389479   7.52798974803914e-16   10.3332997449334
0.801867467467467   3.85709990128945   2.62930005576537   6.30378669528731e-16   10.3332995804145
0.811890810810811   3.8570998387058   2.62930009091518   7.49370079694449e-16   10.3332993160445
0.821914154154154   3.85709973883671   2.62930014687462   1.10950242825397e-15   10.3332988952249
0.831937497497497   3.85709958097271   2.62930023512261   1.16047572987703e-15   10.3332982316941
0.841960840840841   3.85709933379447   2.62930037297388   1.1721016336273e-15   10.3332971953576
0.851984184184184   3.85709895043522   2.62930058627084   1.16712842457536e-15   10.3332955920806
0.862007527527527   3.85709836150514   2.6293009131747   1.20442232366787e-15   10.3332931352346
0.872030870870871   3.85709746536246   2.62930140943621   1.23381272032965e-15   10.3332894061469
0.882054214214214   3.85709611472166   2.62930215562719   1.17579163743678e-15   10.3332837998489
0.892077557557557   3.85709409846625   2.62930326692901   1.22663266294867e-15   10.3332754516557
0.902100900900901   3.85709111728759   2.62930490619927   1.37467383183611e-15   10.3332631391816
0.912124244244244   3.85708675151498   2.62930730116633   1.285485436864e-15   10.3332451534282
0.922147587587587   3.8570804192532   2.62931076672357   1.06938751445887e-15   10.333219131683
0.932170930930931   3.85707132273094   2.62931573339457   8.72411318018661e-16   10.3331818442191
0.942194274274274   3.85705838062308   2.62932278309979   6.26052195040656e-16   10.3331289263615
0.952217617617617   3.85704014408792   2.6293326933477   6.44329143444728e-16   10.3330545475502
0.96224096096096   3.85701469441229   2.62934649087343   8.17788922269517e-16   10.3329510098048
0.972264304304304   3.85697952054147   2.62936551552392   9.68865258267325e-16   10.3328082696939
0.982287647647647   3.85693137544654   2.62939149481311   1.33826055639703e-15   10.3326133807674
0.99231099099099   3.8568661113005   2.62942662901887   1.87044146202532e-15   10.3323498575886
1.00233433433433   3.85677849482951   2.62947368595227   2.08117993655364e-15   10.3319969681173
1.01235767767768   3.85666200598201   2.62953610360207   2.23970511208108e-15   10.331528968234
1.02238102102102   3.8565086251808   2.62961809776591   2.74435280188642e-15   10.3309143004757
1.03240436436436   3.85630861680436   2.6297247705763   3.35608819350616e-15   10.330114788202
1.04242770770771   3.85605031904102   2.62986221459304   3.90589286041838e-15   10.3290848658385
1.05245105105105   3.85571995266961   2.63003760597152   4.31737934152038e-15   10.3277708947244
1.06247439439439   3.85530146339337   2.63025927925948   4.7157825977477e-15   10.3261106214463
1.07249773773774   3.85477641380525   2.63053677576439   5.40505043358429e-15   10.3240328402746
1.08252108108108   3.85412394160711   2.63088085730886   6.04165678168036e-15   10.3214573223529
1.09254442442442   3.85332080009077   2.63130347766725   6.51790526292682e-15   10.3182950707168
1.10256776776777   3.85234149493725   2.63181770512368   6.56642949141141e-15   10.3144489514421
1.11259111111111   3.85115852804112   2.6324375914199   6.96256153065337e-15   10.3098147371142
1.12261445445445   3.84974275440127   2.63317798480308   7.12200515344315e-15   10.304282579825
1.1326377977978   3.848063852379   2.63405428779586   7.31835918102815e-15   10.2977389080935
1.14266114114114   3.84609090120049   2.63508216347769   7.40090678997197e-15   10.2900687170977
1.15268448448449   3.84379305298074   2.63627719722687   7.34873436023133e-15   10.2811581964279
1.16270782782783   3.84114028034211   2.637654523743   7.15161512375434e-15   10.2708976164622
1.17273117117117   3.83810417545732   2.63922843148557   7.10776145176967e-15   10.2591843755682
1.18275451451452   3.83465877255072   2.64101195821373   6.94313857658536e-15   10.2459260974429
1.19277785785786   3.83078136388835   2.64301649196167   6.75388759932727e-15   10.2310436622095
1.2028012012012   3.82645327923087   2.64525139149945   6.40824622685396e-15   10.214474056822
1.21282454454455   3.82166060056625   2.64772363917634   6.13702010675758e-15   10.1961729395269
1.22284788788789   3.81639478743472   2.65043753717571   6.07914121100812e-15   10.1761168284762
1.23287123123123   3.81065319290608   2.65339445584895   5.76281791584139e-15   10.1543048444017
1.24289457457458   3.80443945576534   2.65659264019222   5.57353651190581e-15   10.1307599595222
1.25291791791792   3.79776376016948   2.66002707794415   5.39403241971558e-15   10.1055297274568
1.26294126126126   3.7906429594461   2.663689430441   5.45100339180034e-15   10.0786864899218
1.27296460460461   3.78310056538774   2.66756802545234   5.69352180144999e-15   10.050327073815
1.28298794794795   3.77516660804889   2.67164790984717   5.79698441083302e-15   10.0205720058724
1.29301129129129   3.76687737351242   2.6759109591573   6.00077757290655e-15   9.98956428088188
1.30303463463464   3.75827502833897   2.68033604088721   6.47193134816835e-15   9.95746772351254
1.31305797797798   3.74940713956472   2.68489922868547   6.60853396475266e-15   9.92446498368546
1.32308132132132   3.74032609839916   2.68957406510682   7.04489954346075e-15   9.89075520203572
1.33310466466467   3.73108845451885   2.69433187148094   7.04660162543631e-15   9.85655137664641
1.34312800800801   3.72175416643851   2.69914210416154   6.94255411700014e-15   9.82207745633563
1.35315135135135   3.71238577228632   2.70397275693902   6.65179608915848e-15   9.78756518088979
1.3631746946947   3.70304748483497   2.70879080944395   6.5748847322846e-15   9.75325068627754
1.37319803803804   3.69380421523185   2.71356272074531   6.30085883155498e-15   9.71937089441157
1.38322138138138   3.68472053184285   2.71825496589641   5.59348745294808e-15   9.68615971351894
1.39324472472473   3.67585956416662   2.72283461080795   4.96458890000474e-15   9.65384408724209
1.40326806806807   3.6672818669041   2.72726991753854   4.89427628937861e-15   9.62263994819588
1.41329141141141   3.65904426577223   2.73153096802216   4.88745323801308e-15   9.59274815401284
1.42331475475476   3.65119871404934   2.73559028969398   4.81137776313598e-15   9.56435050914176
1.4333380980981   3.64379119637165   2.73942346188468   4.84818705842212e-15   9.53760600107136
1.44336144144144   3.63686072294897   2.74300967783499   5.02774388313296e-15   9.51264740162045
1.45338478478479   3.63043846194859   2.7463322344336   5.70415982314464e-15   9.4895783983149
1.46340812812813   3.62454705910758   2.74937892100597   6.23191597759533e-15   9.46847142350119
1.47343147147147   3.61920019065439   2.75214228026266   6.7159213478611e-15   9.44936633626878
1.48345481481482   3.61440238773833   2.75461971918697   7.35930390670169e-15   9.43227008249954
1.49347815815816   3.61014915777628   2.75681345516522   7.77178372735321e-15   9.4171574116425
1.50350150150151   3.60642741115857   2.75873029256632   7.96991597414904e-15   9.40397266792767
1.51352484484485   3.60321618207353   2.760381236359   7.82515590472076e-15   9.39263260403627
1.52354818818819   3.60048761185361   2.76178096099011   7.60506957435282e-15   9.38303009407049
1.53357153153154   3.59820814455193   2.76294716326738   7.75929331438019e-15   9.37503855828036
1.54359487487488   3.59633986967585   2.76389983610885   8.02624162739394e-15   9.36851686225926
1.55361821821822   3.59484193791859   2.76466050476251   8.58825383064914e-15   9.36331442430258
1.56364156156157   3.59367197335204   2.76525146796111   9.03541516409564e-15   9.35927625960739
1.57366490490491   3.59278740995891   2.76569508350524   9.03541741626263e-15   9.35624770892249
1.58368824824825   3.59214669076646   2.76601313152346   9.07115830495794e-15   9.35407863889172
1.5937115915916   3.59171028265688   2.7662262800899   8.97282188766432e-15   9.35262695593612
1.60373493493494   3.59144147720583   2.76635366813625   8.70003067301184e-15   9.35176133797587
1.61375827827828   3.59130696559397   2.76641261083248   8.12451240784957e-15   9.35136315130284
1.62378162162163   3.59127719192043   2.76641842381798   7.55413354409904e-15   9.351327577092
1.63380496496497   3.59132650273992   2.76638435555746   7.26807054786503e-15   9.35156401865139
1.64382830830831   3.59143312051727   2.76632161206311   7.48378761544796e-15   9.35199589384753
1.65385165165166   3.59157897467377   2.76623945534865   7.51531204939658e-15   9.35255993648229
1.663874994995   3.59174942619503   2.76614535608976   7.95760855472173e-15   9.35320513669086
1.67389833833834   3.59193292093305   2.76604518171416   8.18094465447921e-15   9.35389144581244
1.68392168168169   3.59212060351734   2.76594340310039   8.07088259625026e-15   9.35458835843743
1.69394502502503   3.59230591900593   2.76584330577658   8.12829191185002e-15   9.35527346640296
1.70396836836837   3.59248422382341   2.76574719456982   8.36060950151991e-15   9.35593105912275
1.71399171171172   3.59265242179806   2.76565658372578   8.12440751238595e-15   9.3565508240679
1.72401505505506   3.59280863571337   2.76557236734931   7.93705019013586e-15   9.3571266821553
1.7340383983984   3.59295192005416   2.76549496745296   7.87482144738423e-15   9.35765577634755
1.74406174174175   3.59308201672522   2.76542445886061   7.62466665211334e-15   9.35813761848564
1.75408508508509   3.59319915249313   2.76536067168418   7.59922598714885e-15   9.35857338939117
1.76410842842843   3.59330387469616   2.76530327310275   7.41170561939699e-15   9.35896538039853
1.77413177177178   3.59339692026524   2.76525183078456   7.41321882658618e-15   9.35931656031214
1.78415511511512   3.59347911214519   2.76520586057874   7.20241968568853e-15   9.3596302498345
1.79417845845846   3.5935512766329   2.76516486114257   7.20660794593863e-15   9.359909885246
1.80420180180181   3.59361417479422   2.76512833803443   7.19946875544896e-15   9.36015885404291
1.81422514514515   3.5936684408389   2.7650958195573   6.97831750761855e-15   9.36038038691956
1.82424848848849   3.59371452000815   2.765066866333   6.68687252964409e-15   9.36057749256013
1.83427183183184   3.59375259807926   2.76504107626467   6.58588075201189e-15   9.36075292391577
1.84429517517518   3.59378251398082   2.76501808623008   6.03960492325841e-15   9.36090916679114
1.85431851851853   3.59380364624928   2.76499757156147   5.80464731551181e-15   9.36104844353085
1.86434186186187   3.59381476321028   2.76497924411608   5.28364251149201e-15   9.36117272631094
1.87436520520521   3.5938138259603   2.76496284953175   4.56112268017581e-15   9.36128375597875
1.88438854854856   3.59379773264512   2.76494816409078   3.80978056823913e-15   9.36138306355033
1.8944118918919   3.59376199242848   2.76493499148214   3.17867191741004e-15   9.36147199238791
1.90443523523524   3.59370031821915   2.76492315964994   2.26133241037083e-15   9.36155171977502
1.91445857857859   3.59360412901304   2.76491251784134   1.45309174908049e-15   9.36162327711781
1.92448192192193   3.59346195595175   2.764902933914   4.0539055132536e-16   9.36168756836513
1.93450526526527   3.59325875120951   2.76489429192658   -6.36493334162316e-16   9.3617453864881
1.94452860860862   3.5929751058221   2.76488649001193   -1.67088904677534e-15   9.36179742802199
1.95455195195196   3.59258639164558   2.7648794385187   -2.63944450870925e-15   9.36184430577164
1.9645752952953   3.59206185365689   2.76487305839856   -3.31350178036847e-15   9.36188655983528
1.97459863863865   3.59136369139935   2.76486727981326   -3.35902200430533e-15   9.36192466712553
1.98462198198199   3.59044618184903   2.76486204093497   -3.31579834702304e-15   9.36195904956963
1.99464532532533   3.58925490933418   2.76485728691447   -3.23771173004594e-15   9.36199008116386
2.00466866866868   3.58772618008417   2.76485296899387   -2.79354477052824e-15   9.36201809404172
2.01469201201202   3.58578670799658   2.76484904374333   -2.14526961473731e-15   9.3620433836987
2.02471535535536   3.58335366265232   2.76484547240339   -9.89435829360525e-16   9.36206621349792
2.03473869869871   3.58033516888365   2.76484222031746   9.14749497611284e-17   9.36208681856371
2.04476204204205   3.5766313379456   2.76483925644115   1.20007061620711e-15   9.36210540915446
2.05478538538539   3.57213589263529   2.76483655291715   2.23749027534947e-15   9.36212217359116
2.06480872872874   3.56673842226739   2.76483408470603   2.93987935872355e-15   9.3621372808068
2.07483207207208   3.56032726877706   2.7648318292651   3.93187193500366e-15   9.36215088257047
2.08485541541542   3.55279300382606   2.76482976626843   4.64159738307488e-15   9.36216311543131
2.09487875875877   3.54403241099972   2.7648278773622   5.148533049055e-15   9.36217410242049
2.10490210210211   3.53395284020032   2.7648261459507   5.31391442561204e-15   9.36218395454286
2.11492544544545   3.52247675699006   2.76482455700862   5.33219040766961e-15   9.36219277208496
2.1249487887888   3.50954627205387   2.7648230969161   5.24109355008566e-15   9.36220064576251
2.13497213213214   3.49512740920416   2.76482175331353   4.87287338554603e-15   9.36220765772654
2.14499547547548   3.47921385799896   2.76482051497325   4.39908364818754e-15   9.3622138824452
2.15501881881883   3.46182996172103   2.76481937168602   3.77648855096e-15   9.36221938747611
2.16504216216217   3.44303271450632   2.76481831416009   2.94879187814226e-15   9.3622242341422
2.17506550550551   3.42291258259606   2.76481733393123   2.17540982820382e-15   9.36222847812272
2.18508884884886   3.40159302214218   2.76481642328217   1.34273281634284e-15   9.36223216997013
2.1951121921922   3.37922863624634   2.76481557517008   6.04712641828706e-16   9.3622353555621
2.20513553553555   3.35600199213611   2.76481478316119   -1.47509366435919e-16   9.36223807649751
2.21515887887889   3.33211919980455   2.76481404137136   -8.13554306639413e-16   9.36224037044416
2.22518222222223   3.30780442986024   2.764813344412   -1.35426604577726e-15   9.36224227144514
2.23520556556558   3.28329361471121   2.76481268734058   -1.734217388538e-15   9.36224381019024
2.24522890890892   3.25882762823295   2.76481206561522   -2.05308766189496e-15   9.36224501425772
2.25525225225226   3.23464527070034   2.76481147505286   -2.28435620568699e-15   9.36224590833141
2.26527559559561   3.21097639558797   2.7648109117907   -2.44814302872705e-15   9.36224651439693
2.27529893893895   3.18803550231776   2.76481037225051   -2.75303182550652e-15   9.36224685192043
2.28532228228229   3.16601608549511   2.7648098531055   -2.77259059583166e-15   9.3622469380124
2.29534562562564   3.14508597968155   2.76480935124965   -2.86139834667972e-15   9.36224678757861
2.30536896896898   3.12538387374394   2.76480886376913   -2.68310844382985e-15   9.36224641345931
2.31539231231232   3.10701709565905   2.76480838791556   -2.80692039364336e-15   9.36224582655767
2.32541565565567   3.09006069309442   2.76480792108113   -2.68559451261878e-15   9.36224503595765
2.33543899899901   3.07455776273805   2.76480746077502   -2.76803076795458e-15   9.36224404903103
2.34546234234235   3.0605209171813   2.76480700460107   -2.35321836343807e-15   9.36224287153268
2.3554856856857   3.04793472610852   2.76480655023633   -2.67774999999921e-15   9.36224150768251
2.36550902902904   3.03675893125707   2.76480609540981   -3.34977287001863e-15   9.362239960231
2.37553237237238   3.02693221331793   2.7648056378808   -3.80128354301007e-15   9.36223823050319
2.38555571571573   3.01837628350509   2.76480517541513   -3.9403476679893e-15   9.36223631841134
2.39557905905907   3.01100008156778   2.76480470575703   -4.08457450149843e-15   9.36223422241878
2.40560240240241   3.0047038832223   2.76480422659167   -4.15706370973339e-15   9.36223193942125
2.41562574574576   2.9993831503593   2.7648037354896   -4.44839950052716e-15   9.36222946448279
2.4256490890891   2.99493199364157   2.76480322981635   -4.83516705493729e-15   9.36222679030561
2.43567243243244   2.99124615595428   2.76480270657524   -5.33190314293685e-15   9.36222390620429
2.44569577577579   2.98822546358704   2.76480216212284   -5.76722786750613e-15   9.36222079614642
2.45571911911913   2.98577572747935   2.76480159164132   -6.22719762571736e-15   9.36221743502306
2.46574246246247   2.98381010741253   2.76480098814707   -6.62406998303729e-15   9.36221378155298
2.47576580580582   2.98224997639158   2.76480034061456   -7.32809585428733e-15   9.36220976477341
2.48578914914916   2.98102533993279   2.76479963041215   -7.77411466684124e-15   9.36220525830281
2.4958124924925   2.98007487532963   2.76479882451691   -7.96655532266464e-15   9.36220003127903
2.50583583583585   2.97934565923121   2.76479786258372   -8.32192892801167e-15   9.36219365480055
2.51585917917919   2.97879264796307   2.76479663228843   -8.67108844562782e-15   9.36218532347496
2.52588252252253   2.97837796325587   2.76479492229909   -8.78462765107726e-15   9.36217351500741
2.53590586586588   2.9780700142242   2.7647923325654   -8.96693596430283e-15   9.36215534080809
2.54592920920922   2.97784244930126   2.76478810318226   -8.826365862673e-15   9.36212530716155
2.55595255255257   2.97767286825169   2.76478078791875   -8.44067172353742e-15   9.36207295198686
2.56597589589591   2.97754111204359   2.76476763142866   -8.28417819220672e-15   9.36197833680801
2.57599923923925   2.97742674378055   2.76474338121549   -8.27530904431062e-15   9.36180344792197
2.5860225825826   2.97730495343581   2.76469802139029   -8.34961238475053e-15   9.36147579616988
2.59604592592594   2.97713940299619   2.76461244982564   -8.51312363669645e-15   9.36085714263431
2.60606926926928   2.97686917283028   2.76445023270976   -8.4476597739973e-15   9.35968387841035
2.61609261261263   2.97638439904765   2.76414187819468   -8.22859228026905e-15   9.35745343097378
2.62611595595597   2.97548032357065   2.76355484558359   -8.28447725095549e-15   9.35320806720612
2.63613929929931   2.97377030929219   2.76243636461896   -8.420652192679e-15   9.34512425487798
2.64616264264266   2.97052129297088   2.76030446131665   -8.62760504814575e-15   9.32973574759656
2.656185985986   2.96434404667819   2.75624044888276   -8.74615340934392e-15   9.30047470982415
2.66620932932934   2.95261660399922   2.74849442891001   -8.75068302023774e-15   9.24497215419011
2.67623267267269   2.93043509506829   2.73373774013946   -8.71138352251256e-15   9.14020618715825
2.68625601601603   2.88879187627446   2.70565599297284   -8.42793519234594e-15   8.94429514680792
2.69627935935937   2.81172275397572   2.65234097538337   -8.15390696835955e-15   8.58442139226993
2.70630270270272   2.67293096442688   2.55163549490183   -7.78257693131273e-15   7.94530694746439
2.71632604604606   2.43560190486282   2.36370207987217   -6.97596229238976e-15   6.8800208029063
2.7263493893894   2.06749430146409   2.02376421524936   -5.50713747729272e-15   5.30161120169033
2.73637273273275   1.59076842006458   1.46002993536464   -3.39092076164062e-15   3.41505182017405
2.74639607607609   1.14260865356141   0.726753673612714   -1.18298378219088e-15   1.87298328867675
2.75641941941943   0.889346569776717   0.192448082705085   -1.16091827642842e-16   1.18105296715805
2.76644276276278   0.814527404365797   0.0300354446680619   -1.61319685493271e-17   1.02604585058895
2.77646610610612   0.801932500898909   0.00397204076941473   -2.82815045759065e-20   1.00339156013055
2.78648944944946   0.800248748428578   0.000511196539516252   -1.58812222317599e-24   1.00043546612767
2.79651279279281   0.800031895280821   6.55468849533103e-05   1.17528082460623e-29   1.00005581930435
2.80653613613615   0.800004087731789   8.40055297789286e-06   3.00660806388354e-35   1.00000715357271
2.81655947947949   0.800000523855431   1.07655672680636e-06   2.93506708715748e-42   1.00000091674769
2.82658282282284   0.800000067133148   1.37962952167362e-07   1.83863524349453e-50   1.00000011748302
2.83660616616618   0.80000000860324   1.76802139786531e-08   8.59952834320589e-60   1.00000001505567
2.84662950950952   0.800000001102521   2.26575164223438e-09   3.44983706162967e-70   1.00000000192941
2.85665285285287   0.80000000014129   2.90359685069674e-10   1.18198937210913e-81   1.00000000024726
2.86667619619621   0.800000000018106   3.72097456962239e-11   3.41029786664182e-94   1.00000000003168
2.87669953953955   0.800000000002321   4.76804485863825e-12   8.05585779261431e-108   1.00000000000406
2.8867228828829   0.800000000000297   6.10557559061619e-13   1.47776679056551e-122   1.00000000000052
2.89674622622624   0.800000000000038   7.79529357651636e-14   1.89075076218612e-138   1.00000000000007
2.90676956956958   0.800000000000005   9.7539972315175e-15   1.27062131342671e-155   1.00000000000001
2.91679291291293   0.800000000000001   1.13032539615252e-15   -4.24890114054818e-184   1
2.92681625625627   0.8   1.02756840299878e-16   -4.58841628639061e-205   1
2.93683959959962   0.8   0   0   1
2.94686294294296   0.8   0   0   1
2.9568862862863   0.8   0   0   1
2.96690962962965   0.8   0   0   1
2.97693297297299   0.8   0   0   1
2.98695631631633   0.8   0   0   1
2.99697965965968   0.8   0   0   1
3.00700300300302   0.8   0   0   1
3.01702634634636   0.8   0   0   1
3.02704968968971   0.8   0   0   1
3.03707303303305   0.8   0   0   1
3.04709637637639   0.8   0   0   1
3.05711971971974   0.8   0   0   1
3.06714306306308   0.8   0   0   1
3.07716640640642   0.8   0   0   1
3.08718974974977   0.8   0   0   1
3.09721309309311   0.8   0   0   1
3.10723643643645   0.8   0   0   1
3.1172597797798   0.8   0   0   1
3.12728312312314   0.8   0   0   1
3.13730646646648   0.8   0   0   1
3.14732980980983   0.8   0   0   1
3.15735315315317   0.8   0   0   1
3.16737649649651   0.8   0   0   1
3.17739983983986   0.8   0   0   1
3.1874231831832   0.8   0   0   1
3.19744652652654   0.8   0   0   1
3.20746986986989   0.8   0   0   1
3.21749321321323   0.8   0   0   1
3.22751655655657   0.8   0   0   1
3.23753989989992   0.8   0   0   1
3.24756324324326   0.8   0   0   1
3.2575865865866   0.8   0   0   1
3.26760992992995   0.8   0   0   1
3.27763327327329   0.8   0   0   1
3.28765661661664   0.8   0   0   1
3.29767995995998   0.8   0   0   1
3.30770330330332   0.8   0   0   1
3.31772664664667   0.8   0   0   1
3.32774998999001   0.8   0   0   1
3.33777333333335   0.8   0   0   1
3.3477966766767   0.8   0   0   1
3.35782002002004   0.8   0   0   1
3.36784336336338   0.8   0   0   1
3.37786670670673   0.8   0   0   1
3.38789005005007   0.8   0   0   1
3.39791339339341   0.8   0   0   1
3.40793673673676   0.8   0   0   1
3.4179600800801   0.8   0   0   1
3.42798342342344   0.8   0   0   1
3.43800676676679   0.8   0   0   1
3.44803011011013   0.8   0   0   1
3.45805345345347   0.8   0   0   1
3.46807679679682   0.8   0   0   1
3.47810014014016   0.8   0   0   1
3.4881234834835   0.8   0   0   1
3.49814682682685   0.8   0   0   1
3.50817017017019   0.8   0   0   1
3.51819351351353   0.8   0   0   1
3.52821685685688   0.8   0   0   1
3.53824020020022   0.8   0   0   1
3.54826354354356   0.8   0   0   1
3.55828688688691   0.8   0   0   1
3.56831023023025   0.8   0   0   1
3.57833357357359   0.8   0   0   1
3.58835691691694   0.8   0   0   1
3.59838026026028   0.8   0   0   1
3.60840360360362   0.8   0   0   1
3.61842694694697   0.8   0   0   1
3.62845029029031   0.8   0   0   1
3.63847363363366   0.8   0   0   1
3.648496976977   0.8   0   0   1
3.65852032032034   0.8   0   0   1
3.66854366366369   0.8   0   0   1
3.67856700700703   0.8   0   0   1
3.68859035035037   0.8   0   0   1
3.69861369369372   0.8   0   0   1
3.70863703703706   0.8   0   0   1
3.7186603803804   0.8   0   0   1
3.72868372372375   0.8   0   0   1
3.73870706706709   0.8   0   0   1
3.74873041041043   0.8   0   0   1
3.75875375375378   0.8   0   0   1
3.76877709709712   0.8   0   0   1
3.77880044044046   0.8   0   0   1
3.78882378378381   0.8   0   0   1
3.79884712712715   0.8   0   0   1
3.80887047047049   0.8   0   0   1
3.81889381381384   0.8   0   0   1
3.82891715715718   0.8   0   0   1
3.83894050050052   0.8   0   0   1
3.84896384384387   0.8   0   0   1
3.85898718718721   0.8   0   0   1
3.86901053053055   0.8   0   0   1
3.8790338738739   0.8   0   0   1
3.88905721721724   0.8   0   0   1
3.89908056056058   0.8   0   0   1
3.90910390390393   0.8   0   0   1
3.91912724724727   0.8   0   0   1
3.92915059059061   0.8   0   0   1
3.93917393393396   0.8   0   0   1
3.9491972772773   0.8   0   0   1
3.95922062062064   0.8   0   0   1
3.96924396396399   0.8   0   0   1
3.97926730730733   0.8   0   0   1
3.98929065065068   0.8   0   0   1
3.99931399399402   0.8   0   0   1
4.00933733733736   0.8   0   0   1
4.01936068068071   0.8   0   0   1
4.02938402402405   0.8   0   0   1
4.03940736736739   0.8   0   0   1
4.04943071071074   0.8   0   0   1
4.05945405405408   0.8   0   0   1
4.06947739739742   0.8   0   0   1
4.07950074074077   0.8   0   0   1
4.08952408408411   0.8   0   0   1
4.09954742742745   0.8   0   0   1
4.1095707707708   0.8   0   0   1
4.11959411411414   0.8   0   0   1
4.12961745745748   0.8   0   0   1
4.13964080080083   0.8   0   0   1
4.14966414414417   0.8   0   0   1
4.15968748748751   0.8   0   0   1
4.16971083083086   0.8   0   0   1
4.1797341741742   0.8   0   0   1
4.18975751751754   0.8   0   0   1
4.19978086086089   0.8   0   0   1
4.20980420420423   0.8   0   0   1
4.21982754754757   0.8   0   0   1
4.22985089089092   0.8   0   0   1
4.23987423423426   0.8   0   0   1
4.2498975775776   0.8   0   0   1
4.25992092092095   0.8   0   0   1
4.26994426426429   0.8   0   0   1
4.27996760760763   0.8   0   0   1
4.28999095095098   0.8   0   0   1
4.30001429429432   0.8   0   0   1
4.31003763763766   0.8   0   0   1
4.32006098098101   0.8   0   0   1
4.33008432432435   0.8   0   0   1
4.3401076676677   0.8   0   0   1
4.35013101101104   0.8   0   0   1
4.36015435435438   0.8   0   0   1
4.37017769769773   0.8   0   0   1
4.38020104104107   0.8   0   0   1
4.39022438438441   0.8   0   0   1
4.40024772772776   0.8   0   0   1
4.4102710710711   0.8   0   0   1
4.42029441441444   0.8   0   0   1
4.43031775775779   0.8   0   0   1
4.44034110110113   0.8   0   0   1
4.45036444444447   0.8   0   0   1
4.46038778778782   0.8   0   0   1
4.47041113113116   0.8   0   0   1
4.4804344744745   0.8   0   0   1
4.49045781781785   0.8   0   0   1
4.50048116116119   0.8   0   0   1
4.51050450450453   0.8   0   0   1
4.52052784784788   0.8   0   0   1
4.53055119119122   0.8   0   0   1
4.54057453453456   0.8   0   0   1
4.55059787787791   0.8   0   0   1
4.56062122122125   0.8   0   0   1
4.57064456456459   0.8   0   0   1
4.58066790790794   0.8   0   0   1
4.59069125125128   0.8   0   0   1
4.60071459459462   0.8   0   0   1
4.61073793793797   0.8   0   0   1
4.62076128128131   0.8   0   0   1
4.63078462462465   0.8   0   0   1
4.640807967968   0.8   0   0   1
4.65083131131134   0.8   0   0   1
4.66085465465468   0.8   0   0   1
4.67087799799803   0.8   0   0   1
4.68090134134137   0.8   0   0   1
4.69092468468472   0.8   0   0   1
4.70094802802806   0.8   0   0   1
4.7109713713714   0.8   0   0   1
4.72099471471475   0.8   0   0   1
4.73101805805809   0.8   0   0   1
4.74104140140143   0.8   0   0   1
4.75106474474478   0.8   0   0   1
4.76108808808812   0.8   0   0   1
4.77111143143146   0.8   0   0   1
4.78113477477481   0.8   0   0   1
4.79115811811815   0.8   0   0   1
4.80118146146149   0.8   0   0   1
4.81120480480484   0.8   0   0   1
4.82122814814818   0.8   0   0   1
4.83125149149152   0.8   0   0   1
4.84127483483487   0.8   0   0   1
4.85129817817821   0.8   0   0   1
4.86132152152155   0.8   0   0   1
4.8713448648649   0.8   0   0   1
4.88136820820824   0.8   0   0   1
4.89139155155158   0.8   0   0   1
4.90141489489493   0.8   0   0   1
4.91143823823827   0.8   0   0   1
4.92146158158161   0.8   0   0   1
4.93148492492496   0.8   0   0   1
4.9415082682683   0.8   0   0   1
4.95153161161164   0.8   0   0   1
4.96155495495499   0.8   0   0   1
4.97157829829833   0.8   0   0   1
4.98160164164167   0.8   0   0   1
4.99162498498502   0.8   0   0   1
5.00164832832836   0.8   0   0   1
5.0116716716717   0.8   0   0   1
5.02169501501505   0.8   0   0   1
5.03171835835839   0.8   0   0   1
5.04174170170173   0.8   0   0   1
5.05176504504508   0.8   0   0   1
5.06178838838842   0.8   0   0   1
5.07181173173177   0.8   0   0   1
5.08183507507511   0.8   0   0   1
5.09185841841845   0.8   0   0   1
5.1018817617618   0.8   0   0   1
5.11190510510514   0.8   0   0   1
5.12192844844848   0.8   0   0   1
5.13195179179183   0.8   0   0   1
5.14197513513517   0.8   0   0   1
5.15199847847851   0.8   0   0   1
5.16202182182186   0.8   0   0   1
5.1720451651652   0.8   0   0   1
5.18206850850854   0.8   0   0   1
5.19209185185189   0.8   0   0   1
5.20211519519523   0.8   0   0   1
5.21213853853857   0.8   0   0   1
5.22216188188192   0.8   0   0   1
5.23218522522526   0.8   0   0   1
5.2422085685686   0.8   0   0   1
5.25223191191195   0.8   0   0   1
5.26225525525529   0.8   0   0   1
5.27227859859863   0.8   0   0   1
5.28230194194198   0.8   0   0   1
5.29232528528532   0.8   0   0   1
5.30234862862866   0.8   0   0   1
5.31237197197201   0.8   0   0   1
5.32239531531535   0.8   0   0   1
5.33241865865869   0.8   0   0   1
5.34244200200204   0.8   0   0   1
5.35246534534538   0.8   0   0   1
5.36248868868872   0.8   0   0   1
5.37251203203207   0.8   0   0   1
5.38253537537541   0.8   0   0   1
5.39255871871875   0.8   0   0   1
5.4025820620621   0.8   0   0   1
5.41260540540544   0.8   0   0   1
5.42262874874879   0.8   0   0   1
5.43265209209213   0.8   0   0   1
5.44267543543547   0.8   0   0   1
5.45269877877882   0.8   0   0   1
5.46272212212216   0.8   0   0   1
5.4727454654655   0.8   0   0   1
5.48276880880885   0.8   0   0   1
5.49279215215219   0.8   0   0   1
5.50281549549553   0.8   0   0   1
5.51283883883888   0.8   0   0   1
5.52286218218222   0.8   0   0   1
5.53288552552556   0.8   0   0   1
5.54290886886891   0.8   0   0   1
5.55293221221225   0.8   0   0   1
5.56295555555559   0.8   0   0   1
5.57297889889894   0.8   0   0   1
5.58300224224228   0.8   0   0   1
5.59302558558562   0.8   0   0   1
5.60304892892897   0.8   0   0   1
5.61307227227231   0.8   0   0   1
5.62309561561565   0.8   0   0   1
5.633118958959   0.8   0   0   1
5.64314230230234   0.8   0   0   1
5.65316564564568   0.8   0   0   1
5.66318898898903   0.8   0   0   1
5.67321233233237   0.8   0   0   1
5.68323567567571   0.8   0   0   1
5.69325901901906   0.8   0   0   1
5.7032823623624   0.8   0   0   1
5.71330570570574   0.8   0   0   1
5.72332904904909   0.8   0   0   1
5.73335239239243   0.8   0   0   1
5.74337573573577   0.8   0   0   1
5.75339907907912   0.8   0   0   1
5.76342242242246   0.8   0   0   1
5.77344576576581   0.8   0   0   1
5.78346910910915   0.8   0   0   1
5.79349245245249   0.8   0   0   1
5.80351579579584   0.8   0   0   1
5.81353913913918   0.8   0   0   1
5.82356248248252   0.8   0   0   1
5.83358582582587   0.8   0   0   1
5.84360916916921   0.8   0   0   1
5.85363251251255   0.8   0   0   1
5.8636558558559   0.8   0   0   1
5.87367919919924   0.8   0   0   1
5.88370254254258   0.8   0   0   1
5.89372588588593   0.8   0   0   1
5.90374922922927   0.8   0   0   1
5.91377257257261   0.8   0   0   1
5.92379591591596   0.8   0   0   1
5.9338192592593   0.8   0   0   1
5.94384260260264   0.8   0   0   1
5.95386594594599   0.8   0   0   1
5.96388928928933   0.8   0   0   1
5.97391263263267   0.8   0   0   1
5.98393597597602   0.8   0   0   1
5.99395931931936   0.8   0   0   1
6.0039826626627   0.8   0   0   1
6.01400600600605   0.8   0   0   1
6.02402934934939   0.8   0   0   1
6.03405269269273   0.8   0   0   1
6.04407603603608   0.8   0   0   1
6.05409937937942   0.8   0   0   1
6.06412272272276   0.8   0   0   1
6.07414606606611   0.8   0   0   1
6.08416940940945   0.8   0   0   1
6.09419275275279   0.8   0   0   1
6.10421609609614   0.8   0   0   1
6.11423943943948   0.8   0   0   1
6.12426278278283   0.8   0   0   1
6.13428612612617   0.8   0   0   1
6.14430946946951   0.8   0   0   1
6.15433281281286   0.8   0   0   1
6.1643561561562   0.8   0   0   1
6.17437949949954   0.8   0   0   1
6.18440284284289   0.8   0   0   1
6.19442618618623   0.8   0   0   1
6.20444952952957   0.8   0   0   1
6.21447287287292   0.8   0   0   1
6.22449621621626   0.8   0   0   1
6.2345195595596   0.8   0   0   1
6.24454290290295   0.8   0   0   1
6.25456624624629   0.8   0   0   1
6.26458958958963   0.8   0   0   1
6.27461293293298   0.8   0   0   1
6.28463627627632   0.8   0   0   1
6.29465961961966   0.8   0   0   1
6.30468296296301   0.8   0   0   1
6.31470630630635   0.8   0   0   1
6.32472964964969   0.8   0   0   1
6.33475299299304   0.8   0   0   1
6.34477633633638   0.8   0   0   1
6.35479967967972   0.8   0   0   1
6.36482302302307   0.8   0   0   1
6.37484636636641   0.8   0   0   1
6.38486970970975   0.8   0   0   1
6.3948930530531   0.8   0   0   1
6.40491639639644   0.8   0   0   1
6.41493973973978   0.8   0   0   1
6.42496308308313   0.8   0   0   1
6.43498642642647   0.8   0   0   1
6.44500976976981   0.8   0   0   1
6.45503311311316   0.8   0   0   1
6.4650564564565   0.8   0   0   1
6.47507979979985   0.8   0   0   1
6.48510314314319   0.8   0   0   1
6.49512648648653   0.8   0   0   1
6.50514982982988   0.8   0   0   1
6.51517317317322   0.8   0   0   1
6.52519651651656   0.8   0   0   1
6.53521985985991   0.8   0   0   1
6.54524320320325   0.8   0   0   1
6.55526654654659   0.8   0   0   1
6.56528988988994   0.8   0   0   1
6.57531323323328   0.8   0   0   1
6.58533657657662   0.8   0   0   1
6.59535991991997   0.8   0   0   1
6.60538326326331   0.8   0   0   1
6.61540660660665   0.8   0   0   1
6.62542994995   0.8   0   0   1
6.63545329329334   0.8   0   0   1
6.64547663663668   0.8   0   0   1
6.65549997998003   0.8   0   0   1
6.66552332332337   0.8   0   0   1
6.67554666666671   0.8   0   0   1
6.68557001001006   0.8   0   0   1
6.6955933533534   0.8   0   0   1
6.70561669669674   0.8   0   0   1
6.71564004004009   0.8   0   0   1
6.72566338338343   0.8   0   0   1
6.73568672672677   0.8   0   0   1
6.74571007007012   0.8   0   0   1
6.75573341341346   0.8   0   0   1
6.7657567567568   0.8   0   0   1
6.77578010010015   0.8   0   0   1
6.78580344344349   0.8   0   0   1
6.79582678678683   0.8   0   0   1
6.80585013013018   0.8   0   0   1
6.81587347347352   0.8   0   0   1
6.82589681681686   0.8   0   0   1
6.83592016016021   0.8   0   0   1
6.84594350350355   0.8   0   0   1
6.8559668468469   0.8   0   0   1
6.86599019019024   0.8   0   0   1
6.87601353353358   0.8   0   0   1
6.88603687687693   0.8   0   0   1
6.89606022022027   0.8   0   0   1
6.90608356356361   0.8   0   0   1
6.91610690690696   0.8   0   0   1
6.9261302502503   0.8   0   0   1
6.93615359359364   0.8   0   0   1
6.94617693693699   0.8   0   0   1
6.95620028028033   0.8   0   0   1
6.96622362362367   0.8   0   0   1
6.97624696696702   0.8   0   0   1
6.98627031031036   0.8   0   0   1
6.9962936536537   0.8   0   0   1
7.00631699699705   0.8   0   0   1
7.01634034034039   0.8   0   0   1
7.02636368368373   0.8   0   0   1
7.03638702702708   0.8   0   0   1
7.04641037037042   0.8   0   0   1
7.05643371371376   0.8   0   0   1
7.06645705705711   0.8   0   0   1
7.07648040040045   0.8   0   0   1
7.08650374374379   0.8   0   0   1
7.09652708708714   0.8   0   0   1
7.10655043043048   0.8   0   0   1
7.11657377377382   0.8   0   0   1
7.12659711711717   0.8   0   0   1
7.13662046046051   0.8   0   0   1
7.14664380380385   0.8   0   0   1
7.1566671471472   0.8   0   0   1
7.16669049049054   0.8   0   0   1
7.17671383383388   0.8   0   0   1
7.18673717717723   0.8   0   0   1
7.19676052052057   0.8   0   0   1
7.20678386386392   0.8   0   0   1
7.21680720720726   0.8   0   0   1
7.2268305505506   0.8   0   0   1
7.23685389389395   0.8   0   0   1
7.24687723723729   0.8   0   0   1
7.25690058058063   0.8   0   0   1
7.26692392392398   0.8   0   0   1
7.27694726726732   0.8   0   0   1
7.28697061061066   0.8   0   0   1
7.29699395395401   0.8   0   0   1
7.30701729729735   0.8   0   0   1
7.31704064064069   0.8   0   0   1
7.32706398398404   0.8   0   0   1
7.33708732732738   0.8   0   0   1
7.34711067067072   0.8   0   0   1
7.35713401401407   0.8   0   0   1
7.36715735735741   0.8   0   0   1
7.37718070070075   0.8   0   0   1
7.3872040440441   0.8   0   0   1
7.39722738738744   0.8   0   0   1
7.40725073073078   0.8   0   0   1
7.41727407407413   0.8   0   0   1
7.42729741741747   0.8   0   0   1
7.43732076076081   0.8   0   0   1
7.44734410410416   0.8   0   0   1
7.4573674474475   0.8   0   0   1
7.46739079079084   0.8   0   0   1
7.47741413413419   0.8   0   0   1
7.48743747747753   0.8   0   0   1
7.49746082082087   0.8   0   0   1
7.50748416416422   0.8   0   0   1
7.51750750750756   0.8   0   0   1
7.5275308508509   0.8   0   0   1
7.53755419419425   0.8   0   0   1
7.54757753753759   0.8   0   0   1
7.55760088088094   0.8   0   0   1
7.56762422422428   0.8   0   0   1
7.57764756756762   0.8   0   0   1
7.58767091091097   0.8   0   0   1
7.59769425425431   0.8   0   0   1
7.60771759759765   0.8   0   0   1
7.617740940941   0.8   0   0   1
7.62776428428434   0.8   0   0   1
7.63778762762768   0.8   0   0   1
7.64781097097103   0.8   0   0   1
7.65783431431437   0.8   0   0   1
7.66785765765771   0.8   0   0   1
7.67788100100106   0.8   0   0   1
7.6879043443444   0.8   0   0   1
7.69792768768774   0.8   0   0   1
7.70795103103109   0.8   0   0   1
7.71797437437443   0.8   0   0   1
7.72799771771777   0.8   0   0   1
7.73802106106112   0.8   0   0   1
7.74804440440446   0.8   0   0   1
7.7580677477478   0.8   0   0   1
7.76809109109115   0.8   0   0   1
7.77811443443449   0.8   0   0   1
7.78813777777783   0.8   0   0   1
7.79816112112118   0.8   0   0   1
7.80818446446452   0.8   0   0   1
7.81820780780786   0.8   0   0   1
7.82823115115121   0.8   0   0   1
7.83825449449455   0.8   0   0   1
7.84827783783789   0.8   0   0   1
7.85830118118124   0.8   0   0   1
7.86832452452458   0.8   0   0   1
7.87834786786792   0.8   0   0   1
7.88837121121127   0.8   0   0   1
7.89839455455461   0.8   0   0   1
7.90841789789796   0.8   0   0   1
7.9184412412413   0.8   0   0   1
7.92846458458464   0.8   0   0   1
7.93848792792799   0.8   0   0   1
7.94851127127133   0.8   0   0   1
7.95853461461467   0.8   0   0   1
7.96855795795802   0.8   0   0   1
7.97858130130136   0.8   0   0   1
7.9886046446447   0.8   0   0   1
7.99862798798805   0.8   0   0   1
8.00865133133139   0.8   0   0   1
8.01867467467473   0.8   0   0   1
8.02869801801808   0.8   0   0   1
8.03872136136142   0.8   0   0   1
8.04874470470476   0.8   0   0   1
8.05876804804811   0.8   0   0   1
8.06879139139145   0.8   0   0   1
8.07881473473479   0.8   0   0   1
8.08883807807814   0.8   0   0   1
8.09886142142148   0.8   0   0   1
8.10888476476482   0.8   0   0   1
8.11890810810817   0.8   0   0   1
8.12893145145151   0.8   0   0   1
8.13895479479485   0.8   0   0   1
8.1489781381382   0.8   0   0   1
8.15900148148154   0.8   0   0   1
8.16902482482488   0.8   0   0   1
8.17904816816823   0.8   0   0   1
8.18907151151157   0.8   0   0   1
8.19909485485491   0.8   0   0   1
8.20911819819826   0.8   0   0   1
8.2191415415416   0.8   0   0   1
8.22916488488494   0.8   0   0   1
8.23918822822829   0.8   0   0   1
8.24921157157163   0.8   0   0   1
8.25923491491498   0.8   0   0   1
8.26925825825832   0.8   0   0   1
8.27928160160166   0.8   0   0   1
8.28930494494501   0.8   0   0   1
8.29932828828835   0.8   0   0   1
8.30935163163169   0.8   0   0   1
8.31937497497504   0.8   0   0   1
8.32939831831838   0.8   0   0   1
8.33942166166172   0.8   0   0   1
8.34944500500507   0.8   0   0   1
8.35946834834841   0.8   0   0   1
8.36949169169175   0.8   0   0   1
8.3795150350351   0.8   0   0   1
8.38953837837844   0.8   0   0   1
8.39956172172178   0.8   0   0   1
8.40958506506513   0.8   0   0   1
8.41960840840847   0.8   0   0   1
8.42963175175181   0.8   0   0   1
8.43965509509516   0.8   0   0   1
8.4496784384385   0.8   0   0   1
8.45970178178184   0.8   0   0   1
8.46972512512519   0.8   0   0   1
8.47974846846853   0.8   0   0   1
8.48977181181187   0.8   0   0   1
8.49979515515522   0.8   0   0   1
8.50981849849856   0.8   0   0   1
8.5198418418419   0.8   0   0   1
8.52986518518525   0.8   0   0   1
8.53988852852859   0.8   0   0   1
8.54991187187193   0.8   0   0   1
8.55993521521528   0.8   0   0   1
8.56995855855862   0.8   0   0   1
8.57998190190196   0.8   0   0   1
8.59000524524531   0.8   0   0   1
8.60002858858865   0.8   0   0   1
8.610051931932   0.8   0   0   1
8.62007527527534   0.8   0   0   1
8.63009861861868   0.8   0   0   1
8.64012196196203   0.8   0   0   1
8.65014530530537   0.8   0   0   1
8.66016864864871   0.8   0   0   1
8.67019199199206   0.8   0   0   1
8.6802153353354   0.8   0   0   1
8.69023867867874   0.8   0   0   1
8.70026202202209   0.8   0   0   1
8.71028536536543   0.8   0   0   1
8.72030870870877   0.8   0   0   1
8.73033205205212   0.8   0   0   1
8.74035539539546   0.8   0   0   1
8.7503787387388   0.8   0   0   1
8.76040208208215   0.8   0   0   1
8.77042542542549   0.8   0   0   1
8.78044876876883   0.8   0   0   1
8.79047211211218   0.8   0   0   1
8.80049545545552   0.8   0   0   1
8.81051879879886   0.8   0   0   1
8.82054214214221   0.8   0   0   1
8.83056548548555   0.8   0   0   1
8.84058882882889   0.8   0   0   1
8.85061217217224   0.8   0   0   1
8.86063551551558   0.8   0   0   1
8.87065885885892   0.8   0   0   1
8.88068220220227   0.8   0   0   1
8.89070554554561   0.8   0   0   1
8.90072888888895   0.8   0   0   1
8.9107522322323   0.8   0   0   1
8.92077557557564   0.8   0   0   1
8.93079891891898   0.8   0   0   1
8.94082226226233   0.8   0   0   1
8.95084560560567   0.8   0   0   1
8.96086894894901   0.8   0   0   1
8.97089229229236   0.8   0   0   1
8.9809156356357   0.8   0   0   1
8.99093897897905   0.8   0   0   1
9.00096232232239   0.8   0   0   1
9.01098566566573   0.8   0   0   1
9.02100900900908   0.8   0   0   1
9.03103235235242   0.8   0   0   1
9.04105569569576   0.8   0   0   1
9.05107903903911   0.8   0   0   1
9.06110238238245   0.8   0   0   1
9.07112572572579   0.8   0   0   1
9.08114906906914   0.8   0   0   1
9.09117241241248   0.8   0   0   1
9.10119575575582   0.8   0   0   1
9.11121909909917   0.8   0   0   1
9.12124244244251   0.8   0   0   1
9.13126578578585   0.8   0   0   1
9.1412891291292   0.8   0   0   1
9.15131247247254   0.8   0   0   1
9.16133581581588   0.8   0   0   1
9.17135915915923   0.8   0   0   1
9.18138250250257   0.8   0   0   1
9.19140584584591   0.8   0   0   1
9.20142918918926   0.8   0   0   1
9.2114525325326   0.8   0   0   1
9.22147587587594   0.8   0   0   1
9.23149921921929   0.8   0   0   1
9.24152256256263   0.8   0   0   1
9.25154590590597   0.8   0   0   1
9.26156924924932   0.8   0   0   1
9.27159259259266   0.8   0   0   1
9.281615935936   0.8   0   0   1
9.29163927927935   0.8   0   0   1
9.30166262262269   0.8   0   0   1
9.31168596596603   0.8   0   0   1
9.32170930930938   0.8   0   0   1
9.33173265265272   0.8   0   0   1
9.34175599599607   0.8   0   0   1
9.35177933933941   0.8   0   0   1
9.36180268268275   0.8   0   0   1
9.3718260260261   0.8   0   0   1
9.38184936936944   0.8   0   0   1
9.39187271271278   0.8   0   0   1
9.40189605605613   0.8   0   0   1
9.41191939939947   0.8   0   0   1
9.42194274274281   0.8   0   0   1
9.43196608608616   0.8   0   0   1
9.4419894294295   0.8   0   0   1
9.45201277277284   0.8   0   0   1
9.46203611611619   0.8   0   0   1
9.47205945945953   0.8   0   0   1
9.48208280280287   0.8   0   0   1
9.49210614614622   0.8   0   0   1
9.50212948948956   0.8   0   0   1
9.5121528328329   0.8   0   0   1
9.52217617617625   0.8   0   0   1
9.53219951951959   0.8   0   0   1
9.54222286286293   0.8   0   0   1
9.55224620620628   0.8   0   0   1
9.56226954954962   0.8   0   0   1
9.57229289289296   0.8   0   0   1
9.58231623623631   0.8   0   0   1
9.59233957957965   0.8   0   0   1
9.60236292292299   0.8   0   0   1
9.61238626626634   0.8   0   0   1
9.62240960960968   0.8   0   0   1
9.63243295295302   0.8   0   0   1
9.64245629629637   0.8   0   0   1
9.65247963963971   0.8   0   0   1
9.66250298298305   0.8   0   0   1
9.6725263263264   0.8   0   0   1
9.68254966966974   0.8   0   0   1
9.69257301301309   0.8   0   0   1
9.70259635635643   0.8   0   0   1
9.71261969969977   0.8   0   0   1
9.72264304304312   0.8   0   0   1
9.73266638638646   0.8   0   0   1
9.7426897297298   0.8   0   0   1
9.75271307307315   0.8   0   0   1
9.76273641641649   0.8   0   0   1
9.77275975975983   0.8   0   0   1
9.78278310310318   0.8   0   0   1
9.79280644644652   0.8   0   0   1
9.80282978978986   0.8   0   0   1
9.81285313313321   0.8   0   0   1
9.82287647647655   0.8   0   0   1
9.83289981981989   0.8   0   0   1
9.84292316316324   0.8   0   0   1
9.85294650650658   0.8   0   0   1
9.86296984984992   0.8   0   0   1
9.87299319319327   0.8   0   0   1
9.88301653653661   0.8   0   0   1
9.89303987987995   0.8   0   0   1
9.9030632232233   0.8   0   0   1
9.91308656656664   0.8   0   0   1
9.92310990990998   0.8   0   0   1
9.93313325325333   0.8   0   0   1
9.94315659659667   0.8   0   0   1
9.95317993994001   0.8   0   0   1
9.96320328328336   0.8   0   0   1
9.9732266266267   0.8   0   0   1
9.98324996997004   0.8   0   0   1
9.99327331331339   0.8   0   0   1
10.0032966566567   0.8   0   0   1
10.0133200000001   0.8   0   0   1
