variables = x,rho,u,v,p
0   3.8571   2.6293   0   10.3333
0.0100233433433433   3.8571   2.6293   0   10.3333
0.0200466866866867   3.8571   2.6293   0   10.3333
0.03007003003003   3.8571   2.6293   0   10.3333
0.0400933733733734   3.8571   2.6293   0   10.3333
0.0501167167167167   3.8571   2.6293   0   10.3333
0.0601400600600601   3.8571   2.6293   0   10.3333
0.0701634034034034   3.8571   2.6293   0   10.3333
0.0801867467467468   3.8571   2.6293   0   10.3333
0.0902100900900901   3.8571   2.6293   0   10.3333
0.100233433433433   3.8571   2.6293   0   10.3333
0.110256776776777   3.8571   2.6293   0   10.3333
0.12028012012012   3.8571   2.6293   0   10.3333
0.130303463463463   3.8571   2.6293   0   10.3333
0.140326806806807   3.8571   2.6293   0   10.3333
0.15035015015015   3.8571   2.6293   0   10.3333
0.160373493493494   3.8571   2.6293   0   10.3333
0.170396836836837   3.8571   2.6293   0   10.3333
0.18042018018018   3.8571   2.6293   0   10.3333
0.190443523523524   3.8571   2.6293   0   10.3333
0.200466866866867   3.8571   2.6293   0   10.3333
0.21049021021021   3.8571   2.6293   0   10.3333
0.220513553553554   3.8571   2.6293   0   10.3333
0.230536896896897   3.8571   2.6293   0   10.3333
0.24056024024024   3.8571   2.6293   0   10.3333
0.250583583583584   3.8571   2.6293   0   10.3333
0.260606926926927   3.8571   2.6293   0   10.3333
0.27063027027027   3.8571   2.6293   0   10.3333
0.280653613613614   3.8571   2.6293   0   10.3333
0.290676956956957   3.8571   2.6293   0   10.3333
0.3007003003003   3.8571   2.6293   0   10.3333
0.310723643643644   3.8571   2.6293   0   10.3333
0.320746986986987   3.8571   2.6293   0   10.3333
0.330770330330331   3.8571   2.6293   0   10.3333
0.340793673673674   3.8571   2.6293   0   10.3333
0.350817017017017   3.8571   2.6293   0   10.3333
0.360840360360361   3.8571   2.6293   0   10.3333
0.370863703703704   3.8571   2.6293   0   10.3333
0.380887047047047   3.8571   2.6293   0   10.3333
0.390910390390391   3.8571   2.6293   0   10.3333
0.400933733733734   3.8571   2.6293   0   10.3333
0.410957077077078   3.8571   2.6293   0   10.3333
0.420980420420421   3.8571   2.6293   0   10.3333
0.431003763763764   3.8571   2.6293   0   10.3333
0.441027107107108   3.8571   2.6293   0   10.3333
0.451050450450451   3.8571   2.6293   0   10.3333
0.461073793793794   3.8571   2.6293   0   10.3333
0.471097137137138   3.8571   2.6293   0   10.3333
0.481120480480481   3.8571   2.6293   0   10.3333
0.491143823823825   3.8571   2.6293   0   10.3333
0.501167167167168   3.8571   2.6293   0   10.3333
0.511190510510511   3.8571   2.6293   0   10.3333
0.521213853853855   3.8571   2.6293   0   10.3333
0.531237197197198   3.8571   2.6293   0   10.3333
0.541260540540541   3.8571   2.6293   0   10.3333
0.551283883883884   3.8571   2.6293   0   10.3333
0.561307227227228   3.8571   2.6293   0   10.3333
0.571330570570571   3.8571   2.6293   0   10.3333
0.581353913913914   3.8571   2.6293   0   10.3333
0.591377257257258   3.8571   2.6293   1.33004178687129e-17   10.3333
0.601400600600601   3.85709999999998   2.62930000000001   3.33002092781891e-16   10.3332999999999
0.611423943943944   3.85709999999994   2.62930000000004   3.26980736512243e-16   10.3332999999997
0.621447287287288   3.85709999999984   2.6293000000001   1.85381912461842e-16   10.3332999999993
0.631470630630631   3.85709999999961   2.62930000000024   1.09838771161272e-16   10.3332999999982
0.641493973973974   3.85709999999905   2.62930000000059   8.553248055823e-17   10.3332999999955
0.651517317317318   3.85709999999773   2.62930000000141   1.01509179881557e-16   10.3332999999893
0.661540660660661   3.85709999999465   2.6293000000033   -4.52516337294284e-17   10.333299999975
0.671564004004004   3.85709999998758   2.62930000000764   -2.4279835191814e-17   10.3332999999422
0.681587347347348   3.8570999999716   2.6293000000174   -1.69970679959644e-17   10.3332999998684
0.691610690690691   3.85709999993602   2.62930000003904   1.04029262090887e-16   10.3332999997047
0.701634034034034   3.85709999985799   2.62930000008632   3.63582174167126e-16   10.3332999993472
0.711657377377378   3.85709999968951   2.62930000018804   4.6624285653828e-16   10.3332999985785
0.721680720720721   3.85709999933121   2.62930000040351   1.74836222624195e-16   10.3332999969504
0.731704064064064   3.85709999858098   2.62930000085294   3.27464339400117e-16   10.3332999935555
0.741727407407408   3.85709999703426   2.62930000177591   3.26723989568321e-16   10.3332999865854
0.751750750750751   3.85709999389481   2.62930000364199   4.50830881657637e-17   10.3332999724969
0.761774094094094   3.85709998762158   2.62930000735614   -8.52200724319974e-17   10.3332999444636
0.771797437437437   3.8570999752822   2.62930001463304   -1.45583702238281e-16   10.3332998895546
0.781820780780781   3.85709995139137   2.6293000286664   -1.31111434651498e-16   10.3332997836927
0.791844124124124   3.85709990586366   2.62930005530285   -4.98221198121226e-16   10.3332995828131
0.801867467467467   3.85709982047534   2.62930010506078   -8.95161037783949e-16   10.3332992076643
0.811890810810811   3.85709966286987   2.62930019653356   -1.03173039127314e-15   10.3332985181951
0.821914154154154   3.85709937660581   2.62930036201074   -1.0773401095124e-15   10.3332972712626
0.831937497497497   3.85709886497342   2.62930065657106   -1.31475724042939e-15   10.3332950522434
0.841960840840841   3.85709796523033   2.62930117248143   -1.41436570534235e-15   10.3332911667766
0.851984184184184   3.85709640846781   2.6293020615037   -1.35185952041755e-15   10.3332844731136
0.862007527527527   3.85709375847753   2.62930356868141   -1.14160175006195e-15   10.3332731282823
0.872030870870871   3.857089320761   2.62930608233507   -9.94169512292728e-16   10.3332542126234
0.882054214214214   3.85708201030946   2.62931020627189   -9.84394062477435e-16   10.333223187717
0.892077557557557   3.85707016421976   2.62931686147686   -9.13603600443426e-16   10.3331731333241
0.902100900900901   3.85705128301176   2.6293274255661   -7.38694379816062e-16   10.3330937014677
0.912124244244244   3.85702168330053   2.62934391871263   -5.28083881870169e-16   10.3329697227067
0.922147587587587   3.85697604508377   2.62936924416165   -6.30010651035908e-16   10.3327794043238
0.932170930930931   3.85690684032671   2.62940748932873   -1.24756558513357e-16   10.3324920763912
0.942194274274274   3.85680363679176   2.62946428932109   6.41973513143704e-17   10.3320654732741
0.952217617617617   3.85665228301947   2.62954724815964   4.60374066007186e-16   10.3314425879865
0.96224096096096   3.85643399740229   2.62966640391038   5.9193980528987e-16   10.3305482057336
0.972264304304304   3.856124405974   2.62983471270342   9.66195575027563e-16   10.3292853084225
0.982287647647647   3.85569259831931   2.63006851416665   9.64783051770867e-16   10.3275316368993
0.99231099099099   3.85510029605191   2.63038792870965   1.22532024543876e-15   10.3251367902348
1.00233433433433   3.85430124957447   2.63081712750106   1.45190420982827e-15   10.3219203152492
1.01235767767768   3.85324099151318   2.63138441130532   1.50308680101258e-15   10.3176712759753
1.02238102102102   3.85185707456165   2.63212203681405   1.41518410194947e-15   10.3121497743249
1.03240436436436   3.85007990386978   2.63306574020373   1.36567849292384e-15   10.3050908076128
1.04242770770771   3.84783423825554   2.63425392755394   1.79923346974938e-15   10.2962106932873
1.05245105105105   3.84504138222288   2.63572652901424   2.22006302019548e-15   10.2852160762839
1.06247439439439   3.8416220272296   2.63752354514054   2.660726242252e-15   10.2718152828677
1.07249773773774   3.83749963383896   2.63968334539654   2.83021846281645e-15   10.2557315296213
1.08252108108108   3.83260418567736   2.64224080584832   3.09309884579156e-15   10.2367172743605
1.09254442442442   3.82687610038908   2.64522539161479   3.83826454726372e-15   10.2145688406498
1.10256776776777   3.8202700585232   2.64865929722761   4.12633974664913e-15   10.1891403818283
1.11259111111111   3.81275851123876   2.65255575427676   4.46675619766156e-15   10.1603562810298
1.12261445445445   3.80433465035082   2.65691760219131   4.54152672076683e-15   10.1282212007424
1.1326377977978   3.79501466430727   2.66173619792457   4.28816843535594e-15   10.092827175272
1.14266114114114   3.78483915353295   2.66699071765497   4.63147998308834e-15   10.0543573501606
1.15268448448449   3.77387362993087   2.672647882232   4.81262132449717e-15   10.013086181341
1.16270782782783   3.76220807105705   2.67866212092313   4.79444008138152e-15   9.9693760865102
1.17273117117117   3.74995553497017   2.68497617651627   4.50826689349335e-15   9.9236706754551
1.18275451451452   3.73724986569416   2.69152214875213   4.07976990785685e-15   9.87648477149728
1.19277785785786   3.72424253375579   2.69822297048516   3.81732181650152e-15   9.82839148237831
1.2028012012012   3.71109866648458   2.70499430861068   3.49737479214533e-15   9.78000660590225
1.21282454454455   3.69799233577641   2.711746875525   3.56219767822376e-15   9.73197069006447
1.22284788788789   3.68510119440133   2.71838912250834   3.67115845946088e-15   9.68492913668358
1.23287123123123   3.67260059182391   2.7248302607044   3.83029074777594e-15   9.63951086321138
1.24289457457458   3.66065735938409   2.7309835172807   3.95148061681547e-15   9.59630622736488
1.25291791791792   3.64942352920199   2.73676948631721   3.73257156606183e-15   9.5558451607027
1.26294126126126   3.6390303306542   2.74211938274503   3.43547564604144e-15   9.5185767121646
1.27296460460461   3.62958287490046   2.74697796423916   3.07446607834991e-15   9.48485140866006
1.28298794794795   3.62115596938401   2.75130586398557   2.47889370665398e-15   9.45490792031305
1.29301129129129   3.61379147902377   2.7550810896398   1.88715776582209e-15   9.42886540068319
1.30303463463464   3.60749755556611   2.75829949843237   1.63204209051993e-15   9.40672251430773
1.31305797797798   3.60224989271426   2.76097415392247   1.23141297444623e-15   9.38836357476453
1.32308132132132   3.59799495185911   2.76313359391808   1.10395746685789e-15   9.37357146895118
1.33310466466467   3.59465487702542   2.76481916971629   1.00721402433202e-15   9.36204626427242
1.34312800800801   3.59213362110826   2.76608172816972   1.11925161365915e-15   9.35342773588522
1.35315135135135   3.59032367741515   2.76697797754568   1.87018488577853e-15   9.34731964430427
1.3631746946947   3.58911277437876   2.76756689299229   2.73256757656005e-15   9.34331351654799
1.37319803803804   3.58838994890523   2.76790647808454   3.28706884013989e-15   9.3410099369136
1.38322138138138   3.58805054617318   2.76805111787065   3.51400167281737e-15   9.34003586433416
1.39324472472473   3.58799986781981   2.76804965594544   3.93611188865451e-15   9.34005714329624
1.40326806806807   3.58815536931143   2.76794422450834   4.3748333766262e-15   9.34078603458039
1.41329141141141   3.58844745917985   2.76776976930902   4.57404447209371e-15   9.34198415201825
1.42331475475476   3.58881905746045   2.7675541510444   4.43103905751324e-15   9.34346158469424
1.4333380980981   3.58922412134138   2.76731867392342   4.64244149567979e-15   9.34507318919589
1.44336144144144   3.58962534801347   2.76707888759296   5.02798098229237e-15   9.3467130706559
1.45338478478479   3.58999123183566   2.76684552370849   5.15299747199082e-15   9.34830817560647
1.46340812812813   3.59029260352404   2.7666254552748   5.084830832048e-15   9.3498117443336
1.47343147147147   3.59049873230137   2.76642259826562   4.61057564651387e-15   9.35119716277888
1.48345481481482   3.5905730449825   2.76623870543493   4.61760302705472e-15   9.35245255114363
1.49347815815816   3.59046852189063   2.76607402814776   4.27565577295827e-15   9.35357625227675
1.50350150150151   3.59012287562631   2.76592784183373   4.00349377147686e-15   9.35457324942324
1.51352484484485   3.58945370525482   2.7657988440765   3.64392244420509e-15   9.35545245199988
1.52354818818819   3.58835393747517   2.76568544210607   2.76064310754301e-15   9.35622473532069
1.53357153153154   3.58668800119598   2.76558594973705   2.26666034635494e-15   9.35690159781434
1.54359487487488   3.58428930809469   2.7654987139008   1.92107402790074e-15   9.35749429849252
1.55361821821822   3.58095969882141   2.76542218904941   1.37106209746065e-15   9.3580133501213
1.56364156156157   3.57647153040545   2.76535497483686   9.30893893510233e-16   9.35846826310329
1.57366490490491   3.57057299690926   2.76529582931062   6.02799021772082e-16   9.35886745668567
1.58368824824825   3.56299707470668   2.76524366683087   6.54284701027264e-16   9.35921827465636
1.5937115915916   3.55347416496322   2.76519754732098   9.22852067697785e-16   9.35952706047964
1.60373493493494   3.54174808919872   2.76515666134217   8.0183847629786e-16   9.35979926118291
1.61375827827828   3.52759462177809   2.76512031387381   1.36059685035209e-15   9.36003954024839
1.62378162162163   3.51084127743433   2.76508790851445   1.7677461552458e-15   9.36025188767897
1.63380496496497   3.49138668534182   2.76505893301547   1.88611523161129e-15   9.36043972085096
1.64382830830831   3.46921764637154   2.76503294653611   1.90095752518971e-15   9.36060597331839
1.65385165165166   3.44442194582   2.76500956868891   1.99436080742304e-15   9.36075317091309
1.663874994995   3.41719521265687   2.76498847026619   1.63225324305649e-15   9.3608834957192
1.67389833833834   3.38784057538899   2.76496936545219   1.72953164511046e-15   9.36099883911532
1.68392168168169   3.35676052265898   2.76495200529611   1.62437724455133e-15   9.36110084530298
1.69394502502503   3.3244411576692   2.76493617222321   1.35388171397783e-15   9.36119094673074
1.70396836836837   3.29142983938808   2.76492167537591   1.44568322553179e-15   9.36127039266943
1.71399171171172   3.25830792183089   2.76490834659082   1.155221634231e-15   9.36134027193183
1.72401505505506   3.22566083652106   2.76489603681785   7.79939898867145e-16   9.36140153034766
1.7340383983984   3.19404803944948   2.76488461275735   1.79924757494208e-16   9.36145498302264
1.74406174174175   3.16397532723352   2.76487395340369   -5.20567551360854e-16   9.36150132045262
1.75408508508509   3.13587172551643   2.76486394598903   -1.30506815384834e-15   9.36154110587554
1.76410842842843   3.11007261425264   2.76485448042425   -1.44931039981044e-15   9.36157475813404
1.77413177177178   3.08681005884418   2.76484544055258   -1.8474420435336e-15   9.361602508466
1.78415511511512   3.06621055946088   2.76483668901515   -2.57271378655996e-15   9.36162430849111
1.79417845845846   3.04829971021778   2.76482803960377   -3.16931303615659e-15   9.36163964534957
1.80420180180181   3.03301265734989   2.7648192053596   -3.28506945032391e-15   9.36164717915759
1.81422514514515   3.02020881639999   2.76480969990957   -3.65591508141714e-15   9.3616440398882
1.82424848848849   3.00968907355871   2.76479864892726   -3.7498158067004e-15   9.36162447152812
1.83427183183184   3.00121363871617   2.7647844292175   -3.88569632792632e-15   9.36157722619463
1.84429517517518   2.99451878163131   2.7647639777026   -3.98147501761511e-15   9.36148056649326
1.85431851851853   2.98933077015949   2.76473146902396   -3.79121494800267e-15   9.36129269582105
1.86434186186187   2.98537528962102   2.76467578659849   -3.84051564953873e-15   9.3609334563337
1.87436520520521   2.98238021985492   2.76457568966791   -3.98685363988835e-15   9.36024936265374
1.88438854854856   2.98006849330551   2.76439058305638   -4.0218604459625e-15   9.35894686390136
1.8944118918919   2.97813517563361   2.76404289823739   -4.03085465852457e-15   9.35646510596536
1.90443523523524   2.97619767313967   2.76338447797086   -4.29091778609076e-15   9.35173372066712
1.91445857857859   2.9736978444274   2.76213247264232   -4.19442746937132e-15   9.34271290553245
1.92448192192193   2.96971579918776   2.75974717355551   -4.2422760192821e-15   9.32552404392377
1.93450526526527   2.96262068558156   2.75519942809648   -4.58943106967058e-15   9.29282029175151
1.94452860860862   2.94942462585928   2.74652866384536   -4.77392779832646e-15   9.2307828375592
1.95455195195196   2.92461683090677   2.73000611267862   -4.9222032867896e-15   9.11376375085133
1.9645752952953   2.87816717501436   2.69856285439166   -5.02900118471291e-15   8.89537318248287
1.97459863863865   2.79249438225164   2.63888851073727   -4.78403764298884e-15   8.49590346214419
1.98462198198199   2.63922144593979   2.52631251863815   -4.43803959217752e-15   7.79235709831018
1.99464532532533   2.38047879620428   2.31694553717915   -4.09606116167614e-15   6.63806360295601
2.00466866866868   1.98881594581205   1.94181577770365   -3.53952661443673e-15   4.97711623315251
2.01469201201202   1.50367643749709   1.33638070454013   -2.26938455273858e-15   3.09417420393652
2.02471535535536   1.08095556597054   0.604347160362615   -6.97675280718186e-16   1.68765130224533
2.03473869869871   0.866634615785054   0.142266476774127   -6.94616900847441e-17   1.13060270310875
2.04476204204205   0.810228922337671   0.0210932952136066   -8.62850969531722e-20   1.01820003292983
2.05478538538539   0.801344527770226   0.00276334319952073   -2.10071978425609e-23   1.00235756933591
2.06480872872874   0.800172794342311   0.000355108748517651   -3.74410433150802e-28   1.0003024654823
2.07483207207208   0.800022147729296   4.55155948054024e-05   -5.06848581599688e-34   1.00003875976201
2.08485541541542   0.800002837770945   5.83188017608802e-06   -5.2434858132404e-41   1.00000496611943
2.09487875875877   0.800000363580598   7.47192151468524e-07   -4.0922809569713e-49   1.00000063626638
2.10490210210211   0.800000046581683   9.57297990748327e-08   -2.53384403643416e-58   1.00000008151795
2.11492544544545   0.800000005967912   1.22646391230075e-08   -1.76222089289807e-68   1.00000001044384
2.1249487887888   0.800000000764578   1.57128476792024e-09   -1.04354112319491e-79   1.00000000133801
2.13497213213214   0.800000000097952   2.01301158531387e-10   -5.13515094836352e-92   1.00000000017141
2.14499547547548   0.800000000012548   2.57881980498254e-11   -1.95666885170861e-105   1.00000000002196
2.15501881881883   0.800000000001607   3.30315081795303e-12   -6.1041278602692e-120   1.00000000000281
2.16504216216217   0.800000000000206   4.22758889150723e-13   -2.40149723945977e-135   1.00000000000036
2.17506550550551   0.800000000000026   5.3886610809123e-14   -8.6827352362417e-152   1.00000000000005
2.18508884884886   0.800000000000003   6.72890531947825e-15   -2.82110379208247e-169   1.00000000000001
2.1951121921922   0.8   7.03727370293732e-16   -7.53683604573324e-188   1
2.20513553553555   0.8   5.53492602126139e-17   -1.03266086204695e-207   1
2.21515887887889   0.8   0   0   1
2.22518222222223   0.8   0   0   1
2.23520556556558   0.8   0   0   1
2.24522890890892   0.8   0   0   1
2.25525225225226   0.8   0   0   1
2.26527559559561   0.8   0   0   1
2.27529893893895   0.8   0   0   1
2.28532228228229   0.8   0   0   1
2.29534562562564   0.8   0   0   1
2.30536896896898   0.8   0   0   1
2.31539231231232   0.8   0   0   1
2.32541565565567   0.8   0   0   1
2.33543899899901   0.8   0   0   1
2.34546234234235   0.8   0   0   1
2.3554856856857   0.8   0   0   1
2.36550902902904   0.8   0   0   1
2.37553237237238   0.8   0   0   1
2.38555571571573   0.8   0   0   1
2.39557905905907   0.8   0   0   1
2.40560240240241   0.8   0   0   1
2.41562574574576   0.8   0   0   1
2.4256490890891   0.8   0   0   1
2.43567243243244   0.8   0   0   1
2.44569577577579   0.8   0   0   1
2.45571911911913   0.8   0   0   1
2.46574246246247   0.8   0   0   1
2.47576580580582   0.8   0   0   1
2.48578914914916   0.8   0   0   1
2.4958124924925   0.8   0   0   1
2.50583583583585   0.8   0   0   1
2.51585917917919   0.8   0   0   1
2.52588252252253   0.8   0   0   1
2.53590586586588   0.8   0   0   1
2.54592920920922   0.8   0   0   1
2.55595255255257   0.8   0   0   1
2.56597589589591   0.8   0   0   1
2.57599923923925   0.8   0   0   1
2.5860225825826   0.8   0   0   1
2.59604592592594   0.8   0   0   1
2.60606926926928   0.8   0   0   1
2.61609261261263   0.8   0   0   1
2.62611595595597   0.8   0   0   1
2.63613929929931   0.8   0   0   1
2.64616264264266   0.8   0   0   1
2.656185985986   0.8   0   0   1
2.66620932932934   0.8   0   0   1
2.67623267267269   0.8   0   0   1
2.68625601601603   0.8   0   0   1
2.69627935935937   0.8   0   0   1
2.70630270270272   0.8   0   0   1
2.71632604604606   0.8   0   0   1
2.7263493893894   0.8   0   0   1
2.73637273273275   0.8   0   0   1
2.74639607607609   0.8   0   0   1
2.75641941941943   0.8   0   0   1
2.76644276276278   0.8   0   0   1
2.77646610610612   0.8   0   0   1
2.78648944944946   0.8   0   0   1
2.79651279279281   0.8   0   0   1
2.80653613613615   0.8   0   0   1
2.81655947947949   0.8   0   0   1
2.82658282282284   0.8   0   0   1
2.83660616616618   0.8   0   0   1
2.84662950950952   0.8   0   0   1
2.85665285285287   0.8   0   0   1
2.86667619619621   0.8   0   0   1
2.87669953953955   0.8   0   0   1
2.8867228828829   0.8   0   0   1
2.89674622622624   0.8   0   0   1
2.90676956956958   0.8   0   0   1
2.91679291291293   0.8   0   0   1
2.92681625625627   0.8   0   0   1
2.93683959959962   0.8   0   0   1
2.94686294294296   0.8   0   0   1
2.9568862862863   0.8   0   0   1
2.96690962962965   0.8   0   0   1
2.97693297297299   0.8   0   0   1
2.98695631631633   0.8   0   0   1
2.99697965965968   0.8   0   0   1
3.00700300300302   0.8   0   0   1
3.01702634634636   0.8   0   0   1
3.02704968968971   0.8   0   0   1
3.03707303303305   0.8   0   0   1
3.04709637637639   0.8   0   0   1
3.05711971971974   0.8   0   0   1
3.06714306306308   0.8   0   0   1
3.07716640640642   0.8   0   0   1
3.08718974974977   0.8   0   0   1
3.09721309309311   0.8   0   0   1
3.10723643643645   0.8   0   0   1
3.1172597797798   0.8   0   0   1
3.12728312312314   0.8   0   0   1
3.13730646646648   0.8   0   0   1
3.14732980980983   0.8   0   0   1
3.15735315315317   0.8   0   0   1
3.16737649649651   0.8   0   0   1
3.17739983983986   0.8   0   0   1
3.1874231831832   0.8   0   0   1
3.19744652652654   0.8   0   0   1
3.20746986986989   0.8   0   0   1
3.21749321321323   0.8   0   0   1
3.22751655655657   0.8   0   0   1
3.23753989989992   0.8   0   0   1
3.24756324324326   0.8   0   0   1
3.2575865865866   0.8   0   0   1
3.26760992992995   0.8   0   0   1
3.27763327327329   0.8   0   0   1
3.28765661661664   0.8   0   0   1
3.29767995995998   0.8   0   0   1
3.30770330330332   0.8   0   0   1
3.31772664664667   0.8   0   0   1
3.32774998999001   0.8   0   0   1
3.33777333333335   0.8   0   0   1
3.3477966766767   0.8   0   0   1
3.35782002002004   0.8   0   0   1
3.36784336336338   0.8   0   0   1
3.37786670670673   0.8   0   0   1
3.38789005005007   0.8   0   0   1
3.39791339339341   0.8   0   0   1
3.40793673673676   0.8   0   0   1
3.4179600800801   0.8   0   0   1
3.42798342342344   0.8   0   0   1
3.43800676676679   0.8   0   0   1
3.44803011011013   0.8   0   0   1
3.45805345345347   0.8   0   0   1
3.46807679679682   0.8   0   0   1
3.47810014014016   0.8   0   0   1
3.4881234834835   0.8   0   0   1
3.49814682682685   0.8   0   0   1
3.50817017017019   0.8   0   0   1
3.51819351351353   0.8   0   0   1
3.52821685685688   0.8   0   0   1
3.53824020020022   0.8   0   0   1
3.54826354354356   0.8   0   0   1
3.55828688688691   0.8   0   0   1
3.56831023023025   0.8   0   0   1
3.57833357357359   0.8   0   0   1
3.58835691691694   0.8   0   0   1
3.59838026026028   0.8   0   0   1
3.60840360360362   0.8   0   0   1
3.61842694694697   0.8   0   0   1
3.62845029029031   0.8   0   0   1
3.63847363363366   0.8   0   0   1
3.648496976977   0.8   0   0   1
3.65852032032034   0.8   0   0   1
3.66854366366369   0.8   0   0   1
3.67856700700703   0.8   0   0   1
3.68859035035037   0.8   0   0   1
3.69861369369372   0.8   0   0   1
3.70863703703706   0.8   0   0   1
3.7186603803804   0.8   0   0   1
3.72868372372375   0.8   0   0   1
3.73870706706709   0.8   0   0   1
3.74873041041043   0.8   0   0   1
3.75875375375378   0.8   0   0   1
3.76877709709712   0.8   0   0   1
3.77880044044046   0.8   0   0   1
3.78882378378381   0.8   0   0   1
3.79884712712715   0.8   0   0   1
3.80887047047049   0.8   0   0   1
3.81889381381384   0.8   0   0   1
3.82891715715718   0.8   0   0   1
3.83894050050052   0.8   0   0   1
3.84896384384387   0.8   0   0   1
3.85898718718721   0.8   0   0   1
3.86901053053055   0.8   0   0   1
3.8790338738739   0.8   0   0   1
3.88905721721724   0.8   0   0   1
3.89908056056058   0.8   0   0   1
3.90910390390393   0.8   0   0   1
3.91912724724727   0.8   0   0   1
3.92915059059061   0.8   0   0   1
3.93917393393396   0.8   0   0   1
3.9491972772773   0.8   0   0   1
3.95922062062064   0.8   0   0   1
3.96924396396399   0.8   0   0   1
3.97926730730733   0.8   0   0   1
3.98929065065068   0.8   0   0   1
3.99931399399402   0.8   0   0   1
4.00933733733736   0.8   0   0   1
4.01936068068071   0.8   0   0   1
4.02938402402405   0.8   0   0   1
4.03940736736739   0.8   0   0   1
4.04943071071074   0.8   0   0   1
4.05945405405408   0.8   0   0   1
4.06947739739742   0.8   0   0   1
4.07950074074077   0.8   0   0   1
4.08952408408411   0.8   0   0   1
4.09954742742745   0.8   0   0   1
4.1095707707708   0.8   0   0   1
4.11959411411414   0.8   0   0   1
4.12961745745748   0.8   0   0   1
4.13964080080083   0.8   0   0   1
4.14966414414417   0.8   0   0   1
4.15968748748751   0.8   0   0   1
4.16971083083086   0.8   0   0   1
4.1797341741742   0.8   0   0   1
4.18975751751754   0.8   0   0   1
4.19978086086089   0.8   0   0   1
4.20980420420423   0.8   0   0   1
4.21982754754757   0.8   0   0   1
4.22985089089092   0.8   0   0   1
4.23987423423426   0.8   0   0   1
4.2498975775776   0.8   0   0   1
4.25992092092095   0.8   0   0   1
4.26994426426429   0.8   0   0   1
4.27996760760763   0.8   0   0   1
4.28999095095098   0.8   0   0   1
4.30001429429432   0.8   0   0   1
4.31003763763766   0.8   0   0   1
4.32006098098101   0.8   0   0   1
4.33008432432435   0.8   0   0   1
4.3401076676677   0.8   0   0   1
4.35013101101104   0.8   0   0   1
4.36015435435438   0.8   0   0   1
4.37017769769773   0.8   0   0   1
4.38020104104107   0.8   0   0   1
4.39022438438441   0.8   0   0   1
4.40024772772776   0.8   0   0   1
4.4102710710711   0.8   0   0   1
4.42029441441444   0.8   0   0   1
4.43031775775779   0.8   0   0   1
4.44034110110113   0.8   0   0   1
4.45036444444447   0.8   0   0   1
4.46038778778782   0.8   0   0   1
4.47041113113116   0.8   0   0   1
4.4804344744745   0.8   0   0   1
4.49045781781785   0.8   0   0   1
4.50048116116119   0.8   0   0   1
4.51050450450453   0.8   0   0   1
4.52052784784788   0.8   0   0   1
4.53055119119122   0.8   0   0   1
4.54057453453456   0.8   0   0   1
4.55059787787791   0.8   0   0   1
4.56062122122125   0.8   0   0   1
4.57064456456459   0.8   0   0   1
4.58066790790794   0.8   0   0   1
4.59069125125128   0.8   0   0   1
4.60071459459462   0.8   0   0   1
4.61073793793797   0.8   0   0   1
4.62076128128131   0.8   0   0   1
4.63078462462465   0.8   0   0   1
4.640807967968   0.8   0   0   1
4.65083131131134   0.8   0   0   1
4.66085465465468   0.8   0   0   1
4.67087799799803   0.8   0   0   1
4.68090134134137   0.8   0   0   1
4.69092468468472   0.8   0   0   1
4.70094802802806   0.8   0   0   1
4.7109713713714   0.8   0   0   1
4.72099471471475   0.8   0   0   1
4.73101805805809   0.8   0   0   1
4.74104140140143   0.8   0   0   1
4.75106474474478   0.8   0   0   1
4.76108808808812   0.8   0   0   1
4.77111143143146   0.8   0   0   1
4.78113477477481   0.8   0   0   1
4.79115811811815   0.8   0   0   1
4.80118146146149   0.8   0   0   1
4.81120480480484   0.8   0   0   1
4.82122814814818   0.8   0   0   1
4.83125149149152   0.8   0   0   1
4.84127483483487   0.8   0   0   1
4.85129817817821   0.8   0   0   1
4.86132152152155   0.8   0   0   1
4.8713448648649   0.8   0   0   1
4.88136820820824   0.8   0   0   1
4.89139155155158   0.8   0   0   1
4.90141489489493   0.8   0   0   1
4.91143823823827   0.8   0   0   1
4.92146158158161   0.8   0   0   1
4.93148492492496   0.8   0   0   1
4.9415082682683   0.8   0   0   1
4.95153161161164   0.8   0   0   1
4.96155495495499   0.8   0   0   1
4.97157829829833   0.8   0   0   1
4.98160164164167   0.8   0   0   1
4.99162498498502   0.8   0   0   1
5.00164832832836   0.8   0   0   1
5.0116716716717   0.8   0   0   1
5.02169501501505   0.8   0   0   1
5.03171835835839   0.8   0   0   1
5.04174170170173   0.8   0   0   1
5.05176504504508   0.8   0   0   1
5.06178838838842   0.8   0   0   1
5.07181173173177   0.8   0   0   1
5.08183507507511   0.8   0   0   1
5.09185841841845   0.8   0   0   1
5.1018817617618   0.8   0   0   1
5.11190510510514   0.8   0   0   1
5.12192844844848   0.8   0   0   1
5.13195179179183   0.8   0   0   1
5.14197513513517   0.8   0   0   1
5.15199847847851   0.8   0   0   1
5.16202182182186   0.8   0   0   1
5.1720451651652   0.8   0   0   1
5.18206850850854   0.8   0   0   1
5.19209185185189   0.8   0   0   1
5.20211519519523   0.8   0   0   1
5.21213853853857   0.8   0   0   1
5.22216188188192   0.8   0   0   1
5.23218522522526   0.8   0   0   1
5.2422085685686   0.8   0   0   1
5.25223191191195   0.8   0   0   1
5.26225525525529   0.8   0   0   1
5.27227859859863   0.8   0   0   1
5.28230194194198   0.8   0   0   1
5.29232528528532   0.8   0   0   1
5.30234862862866   0.8   0   0   1
5.31237197197201   0.8   0   0   1
5.32239531531535   0.8   0   0   1
5.33241865865869   0.8   0   0   1
5.34244200200204   0.8   0   0   1
5.35246534534538   0.8   0   0   1
5.36248868868872   0.8   0   0   1
5.37251203203207   0.8   0   0   1
5.38253537537541   0.8   0   0   1
5.39255871871875   0.8   0   0   1
5.4025820620621   0.8   0   0   1
5.41260540540544   0.8   0   0   1
5.42262874874879   0.8   0   0   1
5.43265209209213   0.8   0   0   1
5.44267543543547   0.8   0   0   1
5.45269877877882   0.8   0   0   1
5.46272212212216   0.8   0   0   1
5.4727454654655   0.8   0   0   1
5.48276880880885   0.8   0   0   1
5.49279215215219   0.8   0   0   1
5.50281549549553   0.8   0   0   1
5.51283883883888   0.8   0   0   1
5.52286218218222   0.8   0   0   1
5.53288552552556   0.8   0   0   1
5.54290886886891   0.8   0   0   1
5.55293221221225   0.8   0   0   1
5.56295555555559   0.8   0   0   1
5.57297889889894   0.8   0   0   1
5.58300224224228   0.8   0   0   1
5.59302558558562   0.8   0   0   1
5.60304892892897   0.8   0   0   1
5.61307227227231   0.8   0   0   1
5.62309561561565   0.8   0   0   1
5.633118958959   0.8   0   0   1
5.64314230230234   0.8   0   0   1
5.65316564564568   0.8   0   0   1
5.66318898898903   0.8   0   0   1
5.67321233233237   0.8   0   0   1
5.68323567567571   0.8   0   0   1
5.69325901901906   0.8   0   0   1
5.7032823623624   0.8   0   0   1
5.71330570570574   0.8   0   0   1
5.72332904904909   0.8   0   0   1
5.73335239239243   0.8   0   0   1
5.74337573573577   0.8   0   0   1
5.75339907907912   0.8   0   0   1
5.76342242242246   0.8   0   0   1
5.77344576576581   0.8   0   0   1
5.78346910910915   0.8   0   0   1
5.79349245245249   0.8   0   0   1
5.80351579579584   0.8   0   0   1
5.81353913913918   0.8   0   0   1
5.82356248248252   0.8   0   0   1
5.83358582582587   0.8   0   0   1
5.84360916916921   0.8   0   0   1
5.85363251251255   0.8   0   0   1
5.8636558558559   0.8   0   0   1
5.87367919919924   0.8   0   0   1
5.88370254254258   0.8   0   0   1
5.89372588588593   0.8   0   0   1
5.90374922922927   0.8   0   0   1
5.91377257257261   0.8   0   0   1
5.92379591591596   0.8   0   0   1
5.9338192592593   0.8   0   0   1
5.94384260260264   0.8   0   0   1
5.95386594594599   0.8   0   0   1
5.96388928928933   0.8   0   0   1
5.97391263263267   0.8   0   0   1
5.98393597597602   0.8   0   0   1
5.99395931931936   0.8   0   0   1
6.0039826626627   0.8   0   0   1
6.01400600600605   0.8   0   0   1
6.02402934934939   0.8   0   0   1
6.03405269269273   0.8   0   0   1
6.04407603603608   0.8   0   0   1
6.05409937937942   0.8   0   0   1
6.06412272272276   0.8   0   0   1
6.07414606606611   0.8   0   0   1
6.08416940940945   0.8   0   0   1
6.09419275275279   0.8   0   0   1
6.10421609609614   0.8   0   0   1
6.11423943943948   0.8   0   0   1
6.12426278278283   0.8   0   0   1
6.13428612612617   0.8   0   0   1
6.14430946946951   0.8   0   0   1
6.15433281281286   0.8   0   0   1
6.1643561561562   0.8   0   0   1
6.17437949949954   0.8   0   0   1
6.18440284284289   0.8   0   0   1
6.19442618618623   0.8   0   0   1
6.20444952952957   0.8   0   0   1
6.21447287287292   0.8   0   0   1
6.22449621621626   0.8   0   0   1
6.2345195595596   0.8   0   0   1
6.24454290290295   0.8   0   0   1
6.25456624624629   0.8   0   0   1
6.26458958958963   0.8   0   0   1
6.27461293293298   0.8   0   0   1
6.28463627627632   0.8   0   0   1
6.29465961961966   0.8   0   0   1
6.30468296296301   0.8   0   0   1
6.31470630630635   0.8   0   0   1
6.32472964964969   0.8   0   0   1
6.33475299299304   0.8   0   0   1
6.34477633633638   0.8   0   0   1
6.35479967967972   0.8   0   0   1
6.36482302302307   0.8   0   0   1
6.37484636636641   0.8   0   0   1
6.38486970970975   0.8   0   0   1
6.3948930530531   0.8   0   0   1
6.40491639639644   0.8   0   0   1
6.41493973973978   0.8   0   0   1
6.42496308308313   0.8   0   0   1
6.43498642642647   0.8   0   0   1
6.44500976976981   0.8   0   0   1
6.45503311311316   0.8   0   0   1
6.4650564564565   0.8   0   0   1
6.47507979979985   0.8   0   0   1
6.48510314314319   0.8   0   0   1
6.49512648648653   0.8   0   0   1
6.50514982982988   0.8   0   0   1
6.51517317317322   0.8   0   0   1
6.52519651651656   0.8   0   0   1
6.53521985985991   0.8   0   0   1
6.54524320320325   0.8   0   0   1
6.55526654654659   0.8   0   0   1
6.56528988988994   0.8   0   0   1
6.57531323323328   0.8   0   0   1
6.58533657657662   0.8   0   0   1
6.59535991991997   0.8   0   0   1
6.60538326326331   0.8   0   0   1
6.61540660660665   0.8   0   0   1
6.62542994995   0.8   0   0   1
6.63545329329334   0.8   0   0   1
6.64547663663668   0.8   0   0   1
6.65549997998003   0.8   0   0   1
6.66552332332337   0.8   0   0   1
6.67554666666671   0.8   0   0   1
6.68557001001006   0.8   0   0   1
6.6955933533534   0.8   0   0   1
6.70561669669674   0.8   0   0   1
6.71564004004009   0.8   0   0   1
6.72566338338343   0.8   0   0   1
6.73568672672677   0.8   0   0   1
6.74571007007012   0.8   0   0   1
6.75573341341346   0.8   0   0   1
6.7657567567568   0.8   0   0   1
6.77578010010015   0.8   0   0   1
6.78580344344349   0.8   0   0   1
6.79582678678683   0.8   0   0   1
6.80585013013018   0.8   0   0   1
6.81587347347352   0.8   0   0   1
6.82589681681686   0.8   0   0   1
6.83592016016021   0.8   0   0   1
6.84594350350355   0.8   0   0   1
6.8559668468469   0.8   0   0   1
6.86599019019024   0.8   0   0   1
6.87601353353358   0.8   0   0   1
6.88603687687693   0.8   0   0   1
6.89606022022027   0.8   0   0   1
6.90608356356361   0.8   0   0   1
6.91610690690696   0.8   0   0   1
6.9261302502503   0.8   0   0   1
6.93615359359364   0.8   0   0   1
6.94617693693699   0.8   0   0   1
6.95620028028033   0.8   0   0   1
6.96622362362367   0.8   0   0   1
6.97624696696702   0.8   0   0   1
6.98627031031036   0.8   0   0   1
6.9962936536537   0.8   0   0   1
7.00631699699705   0.8   0   0   1
7.01634034034039   0.8   0   0   1
7.02636368368373   0.8   0   0   1
7.03638702702708   0.8   0   0   1
7.04641037037042   0.8   0   0   1
7.05643371371376   0.8   0   0   1
7.06645705705711   0.8   0   0   1
7.07648040040045   0.8   0   0   1
7.08650374374379   0.8   0   0   1
7.09652708708714   0.8   0   0   1
7.10655043043048   0.8   0   0   1
7.11657377377382   0.8   0   0   1
7.12659711711717   0.8   0   0   1
7.13662046046051   0.8   0   0   1
7.14664380380385   0.8   0   0   1
7.1566671471472   0.8   0   0   1
7.16669049049054   0.8   0   0   1
7.17671383383388   0.8   0   0   1
7.18673717717723   0.8   0   0   1
7.19676052052057   0.8   0   0   1
7.20678386386392   0.8   0   0   1
7.21680720720726   0.8   0   0   1
7.2268305505506   0.8   0   0   1
7.23685389389395   0.8   0   0   1
7.24687723723729   0.8   0   0   1
7.25690058058063   0.8   0   0   1
7.26692392392398   0.8   0   0   1
7.27694726726732   0.8   0   0   1
7.28697061061066   0.8   0   0   1
7.29699395395401   0.8   0   0   1
7.30701729729735   0.8   0   0   1
7.31704064064069   0.8   0   0   1
7.32706398398404   0.8   0   0   1
7.33708732732738   0.8   0   0   1
7.34711067067072   0.8   0   0   1
7.35713401401407   0.8   0   0   1
7.36715735735741   0.8   0   0   1
7.37718070070075   0.8   0   0   1
7.3872040440441   0.8   0   0   1
7.39722738738744   0.8   0   0   1
7.40725073073078   0.8   0   0   1
7.41727407407413   0.8   0   0   1
7.42729741741747   0.8   0   0   1
7.43732076076081   0.8   0   0   1
7.44734410410416   0.8   0   0   1
7.4573674474475   0.8   0   0   1
7.46739079079084   0.8   0   0   1
7.47741413413419   0.8   0   0   1
7.48743747747753   0.8   0   0   1
7.49746082082087   0.8   0   0   1
7.50748416416422   0.8   0   0   1
7.51750750750756   0.8   0   0   1
7.5275308508509   0.8   0   0   1
7.53755419419425   0.8   0   0   1
7.54757753753759   0.8   0   0   1
7.55760088088094   0.8   0   0   1
7.56762422422428   0.8   0   0   1
7.57764756756762   0.8   0   0   1
7.58767091091097   0.8   0   0   1
7.59769425425431   0.8   0   0   1
7.60771759759765   0.8   0   0   1
7.617740940941   0.8   0   0   1
7.62776428428434   0.8   0   0   1
7.63778762762768   0.8   0   0   1
7.64781097097103   0.8   0   0   1
7.65783431431437   0.8   0   0   1
7.66785765765771   0.8   0   0   1
7.67788100100106   0.8   0   0   1
7.6879043443444   0.8   0   0   1
7.69792768768774   0.8   0   0   1
7.70795103103109   0.8   0   0   1
7.71797437437443   0.8   0   0   1
7.72799771771777   0.8   0   0   1
7.73802106106112   0.8   0   0   1
7.74804440440446   0.8   0   0   1
7.7580677477478   0.8   0   0   1
7.76809109109115   0.8   0   0   1
7.77811443443449   0.8   0   0   1
7.78813777777783   0.8   0   0   1
7.79816112112118   0.8   0   0   1
7.80818446446452   0.8   0   0   1
7.81820780780786   0.8   0   0   1
7.82823115115121   0.8   0   0   1
7.83825449449455   0.8   0   0   1
7.84827783783789   0.8   0   0   1
7.85830118118124   0.8   0   0   1
7.86832452452458   0.8   0   0   1
7.87834786786792   0.8   0   0   1
7.88837121121127   0.8   0   0   1
7.89839455455461   0.8   0   0   1
7.90841789789796   0.8   0   0   1
7.9184412412413   0.8   0   0   1
7.92846458458464   0.8   0   0   1
7.93848792792799   0.8   0   0   1
7.94851127127133   0.8   0   0   1
7.95853461461467   0.8   0   0   1
7.96855795795802   0.8   0   0   1
7.97858130130136   0.8   0   0   1
7.9886046446447   0.8   0   0   1
7.99862798798805   0.8   0   0   1
8.00865133133139   0.8   0   0   1
8.01867467467473   0.8   0   0   1
8.02869801801808   0.8   0   0   1
8.03872136136142   0.8   0   0   1
8.04874470470476   0.8   0   0   1
8.05876804804811   0.8   0   0   1
8.06879139139145   0.8   0   0   1
8.07881473473479   0.8   0   0   1
8.08883807807814   0.8   0   0   1
8.09886142142148   0.8   0   0   1
8.10888476476482   0.8   0   0   1
8.11890810810817   0.8   0   0   1
8.12893145145151   0.8   0   0   1
8.13895479479485   0.8   0   0   1
8.1489781381382   0.8   0   0   1
8.15900148148154   0.8   0   0   1
8.16902482482488   0.8   0   0   1
8.17904816816823   0.8   0   0   1
8.18907151151157   0.8   0   0   1
8.19909485485491   0.8   0   0   1
8.20911819819826   0.8   0   0   1
8.2191415415416   0.8   0   0   1
8.22916488488494   0.8   0   0   1
8.23918822822829   0.8   0   0   1
8.24921157157163   0.8   0   0   1
8.25923491491498   0.8   0   0   1
8.26925825825832   0.8   0   0   1
8.27928160160166   0.8   0   0   1
8.28930494494501   0.8   0   0   1
8.29932828828835   0.8   0   0   1
8.30935163163169   0.8   0   0   1
8.31937497497504   0.8   0   0   1
8.32939831831838   0.8   0   0   1
8.33942166166172   0.8   0   0   1
8.34944500500507   0.8   0   0   1
8.35946834834841   0.8   0   0   1
8.36949169169175   0.8   0   0   1
8.3795150350351   0.8   0   0   1
8.38953837837844   0.8   0   0   1
8.39956172172178   0.8   0   0   1
8.40958506506513   0.8   0   0   1
8.41960840840847   0.8   0   0   1
8.42963175175181   0.8   0   0   1
8.43965509509516   0.8   0   0   1
8.4496784384385   0.8   0   0   1
8.45970178178184   0.8   0   0   1
8.46972512512519   0.8   0   0   1
8.47974846846853   0.8   0   0   1
8.48977181181187   0.8   0   0   1
8.49979515515522   0.8   0   0   1
8.50981849849856   0.8   0   0   1
8.5198418418419   0.8   0   0   1
8.52986518518525   0.8   0   0   1
8.53988852852859   0.8   0   0   1
8.54991187187193   0.8   0   0   1
8.55993521521528   0.8   0   0   1
8.56995855855862   0.8   0   0   1
8.57998190190196   0.8   0   0   1
8.59000524524531   0.8   0   0   1
8.60002858858865   0.8   0   0   1
8.610051931932   0.8   0   0   1
8.62007527527534   0.8   0   0   1
8.63009861861868   0.8   0   0   1
8.64012196196203   0.8   0   0   1
8.65014530530537   0.8   0   0   1
8.66016864864871   0.8   0   0   1
8.67019199199206   0.8   0   0   1
8.6802153353354   0.8   0   0   1
8.69023867867874   0.8   0   0   1
8.70026202202209   0.8   0   0   1
8.71028536536543   0.8   0   0   1
8.72030870870877   0.8   0   0   1
8.73033205205212   0.8   0   0   1
8.74035539539546   0.8   0   0   1
8.7503787387388   0.8   0   0   1
8.76040208208215   0.8   0   0   1
8.77042542542549   0.8   0   0   1
8.78044876876883   0.8   0   0   1
8.79047211211218   0.8   0   0   1
8.80049545545552   0.8   0   0   1
8.81051879879886   0.8   0   0   1
8.82054214214221   0.8   0   0   1
8.83056548548555   0.8   0   0   1
8.84058882882889   0.8   0   0   1
8.85061217217224   0.8   0   0   1
8.86063551551558   0.8   0   0   1
8.87065885885892   0.8   0   0   1
8.88068220220227   0.8   0   0   1
8.89070554554561   0.8   0   0   1
8.90072888888895   0.8   0   0   1
8.9107522322323   0.8   0   0   1
8.92077557557564   0.8   0   0   1
8.93079891891898   0.8   0   0   1
8.94082226226233   0.8   0   0   1
8.95084560560567   0.8   0   0   1
8.96086894894901   0.8   0   0   1
8.97089229229236   0.8   0   0   1
8.9809156356357   0.8   0   0   1
8.99093897897905   0.8   0   0   1
9.00096232232239   0.8   0   0   1
9.01098566566573   0.8   0   0   1
9.02100900900908   0.8   0   0   1
9.03103235235242   0.8   0   0   1
9.04105569569576   0.8   0   0   1
9.05107903903911   0.8   0   0   1
9.06110238238245   0.8   0   0   1
9.07112572572579   0.8   0   0   1
9.08114906906914   0.8   0   0   1
9.09117241241248   0.8   0   0   1
9.10119575575582   0.8   0   0   1
9.11121909909917   0.8   0   0   1
9.12124244244251   0.8   0   0   1
9.13126578578585   0.8   0   0   1
9.1412891291292   0.8   0   0   1
9.15131247247254   0.8   0   0   1
9.16133581581588   0.8   0   0   1
9.17135915915923   0.8   0   0   1
9.18138250250257   0.8   0   0   1
9.19140584584591   0.8   0   0   1
9.20142918918926   0.8   0   0   1
9.2114525325326   0.8   0   0   1
9.22147587587594   0.8   0   0   1
9.23149921921929   0.8   0   0   1
9.24152256256263   0.8   0   0   1
9.25154590590597   0.8   0   0   1
9.26156924924932   0.8   0   0   1
9.27159259259266   0.8   0   0   1
9.281615935936   0.8   0   0   1
9.29163927927935   0.8   0   0   1
9.30166262262269   0.8   0   0   1
9.31168596596603   0.8   0   0   1
9.32170930930938   0.8   0   0   1
9.33173265265272   0.8   0   0   1
9.34175599599607   0.8   0   0   1
9.35177933933941   0.8   0   0   1
9.36180268268275   0.8   0   0   1
9.3718260260261   0.8   0   0   1
9.38184936936944   0.8   0   0   1
9.39187271271278   0.8   0   0   1
9.40189605605613   0.8   0   0   1
9.41191939939947   0.8   0   0   1
9.42194274274281   0.8   0   0   1
9.43196608608616   0.8   0   0   1
9.4419894294295   0.8   0   0   1
9.45201277277284   0.8   0   0   1
9.46203611611619   0.8   0   0   1
9.47205945945953   0.8   0   0   1
9.48208280280287   0.8   0   0   1
9.49210614614622   0.8   0   0   1
9.50212948948956   0.8   0   0   1
9.5121528328329   0.8   0   0   1
9.52217617617625   0.8   0   0   1
9.53219951951959   0.8   0   0   1
9.54222286286293   0.8   0   0   1
9.55224620620628   0.8   0   0   1
9.56226954954962   0.8   0   0   1
9.57229289289296   0.8   0   0   1
9.58231623623631   0.8   0   0   1
9.59233957957965   0.8   0   0   1
9.60236292292299   0.8   0   0   1
9.61238626626634   0.8   0   0   1
9.62240960960968   0.8   0   0   1
9.63243295295302   0.8   0   0   1
9.64245629629637   0.8   0   0   1
9.65247963963971   0.8   0   0   1
9.66250298298305   0.8   0   0   1
9.6725263263264   0.8   0   0   1
9.68254966966974   0.8   0   0   1
9.69257301301309   0.8   0   0   1
9.70259635635643   0.8   0   0   1
9.71261969969977   0.8   0   0   1
9.72264304304312   0.8   0   0   1
9.73266638638646   0.8   0   0   1
9.7426897297298   0.8   0   0   1
9.75271307307315   0.8   0   0   1
9.76273641641649   0.8   0   0   1
9.77275975975983   0.8   0   0   1
9.78278310310318   0.8   0   0   1
9.79280644644652   0.8   0   0   1
9.80282978978986   0.8   0   0   1
9.81285313313321   0.8   0   0   1
9.82287647647655   0.8   0   0   1
9.83289981981989   0.8   0   0   1
9.84292316316324   0.8   0   0   1
9.85294650650658   0.8   0   0   1
9.86296984984992   0.8   0   0   1
9.87299319319327   0.8   0   0   1
9.88301653653661   0.8   0   0   1
9.89303987987995   0.8   0   0   1
9.9030632232233   0.8   0   0   1
9.91308656656664   0.8   0   0   1
9.92310990990998   0.8   0   0   1
9.93313325325333   0.8   0   0   1
9.94315659659667   0.8   0   0   1
9.95317993994001   0.8   0   0   1
9.96320328328336   0.8   0   0   1
9.9732266266267   0.8   0   0   1
9.98324996997004   0.8   0   0   1
9.99327331331339   0.8   0   0   1
10.0032966566567   0.8   0   0   1
10.0133200000001   0.8   0   0   1
