variables = x,rho,u,v,p
0   3.8571   2.6293   0   10.3333
0.0100233433433433   3.8571   2.6293   0   10.3333
0.0200466866866867   3.8571   2.6293   0   10.3333
0.03007003003003   3.8571   2.6293   0   10.3333
0.0400933733733734   3.8571   2.6293   0   10.3333
0.0501167167167167   3.8571   2.6293   0   10.3333
0.0601400600600601   3.8571   2.6293   0   10.3333
0.0701634034034034   3.8571   2.6293   0   10.3333
0.0801867467467468   3.8571   2.6293   0   10.3333
0.0902100900900901   3.8571   2.6293   0   10.3333
0.100233433433433   3.8571   2.6293   0   10.3333
0.110256776776777   3.8571   2.6293   0   10.3333
0.12028012012012   3.8571   2.6293   0   10.3333
0.130303463463463   3.8571   2.6293   0   10.3333
0.140326806806807   3.8571   2.6293   0   10.3333
0.15035015015015   3.8571   2.6293   0   10.3333
0.160373493493494   3.8571   2.6293   0   10.3333
0.170396836836837   3.8571   2.6293   0   10.3333
0.18042018018018   3.8571   2.6293   0   10.3333
0.190443523523524   3.8571   2.6293   0   10.3333
0.200466866866867   3.8571   2.6293   0   10.3333
0.21049021021021   3.8571   2.6293   0   10.3333
0.220513553553554   3.8571   2.6293   0   10.3333
0.230536896896897   3.8571   2.6293   0   10.3333
0.24056024024024   3.8571   2.6293   0   10.3333
0.250583583583584   3.8571   2.6293   0   10.3333
0.260606926926927   3.8571   2.6293   0   10.3333
0.27063027027027   3.8571   2.6293   0   10.3333
0.280653613613614   3.8571   2.6293   0   10.3333
0.290676956956957   3.8571   2.6293   0   10.3333
0.3007003003003   3.8571   2.6293   0   10.3333
0.310723643643644   3.8571   2.6293   0   10.3333
0.320746986986987   3.8571   2.6293   0   10.3333
0.330770330330331   3.8571   2.6293   0   10.3333
0.340793673673674   3.8571   2.6293   0   10.3333
0.350817017017017   3.8571   2.6293   0   10.3333
0.360840360360361   3.8571   2.6293   0   10.3333
0.370863703703704   3.8571   2.6293   0   10.3333
0.380887047047047   3.8571   2.6293   0   10.3333
0.390910390390391   3.8571   2.6293   0   10.3333
0.400933733733734   3.8571   2.6293   0   10.3333
0.410957077077078   3.8571   2.6293   0   10.3333
0.420980420420421   3.8571   2.6293   0   10.3333
0.431003763763764   3.8571   2.6293   0   10.3333
0.441027107107108   3.8571   2.6293   0   10.3333
0.451050450450451   3.8571   2.6293   0   10.3333
0.461073793793794   3.8571   2.6293   0   10.3333
0.471097137137138   3.8571   2.6293   0   10.3333
0.481120480480481   3.8571   2.6293   0   10.3333
0.491143823823825   3.8571   2.6293   0   10.3333
0.501167167167168   3.8571   2.6293   0   10.3333
0.511190510510511   3.8571   2.6293   0   10.3333
0.521213853853855   3.8571   2.6293   0   10.3333
0.531237197197198   3.8571   2.6293   0   10.3333
0.541260540540541   3.8571   2.6293   -5.49344471129074e-17   10.3333
0.551283883883884   3.85709999999998   2.62930000000001   1.27961337511538e-17   10.3332999999999
0.561307227227228   3.85709999999994   2.62930000000004   3.22113246471538e-16   10.3332999999997
0.571330570570571   3.85709999999985   2.62930000000009   3.94399641814425e-16   10.3332999999993
0.581353913913914   3.85709999999969   2.62930000000017   4.44079533506811e-16   10.3332999999987
0.591377257257258   3.85709999999941   2.62930000000034   3.33839845228052e-16   10.3332999999974
0.601400600600601   3.85709999999889   2.62930000000064   1.70391625088361e-16   10.3332999999952
0.611423943943944   3.85709999999798   2.62930000000116   -3.78284178397292e-16   10.3332999999912
0.621447287287288   3.85709999999638   2.62930000000208   -5.61427390386384e-16   10.3332999999843
0.631470630630631   3.85709999999355   2.62930000000371   -4.30323843840187e-16   10.3332999999721
0.641493973973974   3.85709999998863   2.62930000000653   -1.44193702603602e-16   10.3332999999508
0.651517317317318   3.85709999998008   2.62930000001142   -4.46721816860386e-16   10.333299999914
0.661540660660661   3.85709999996538   2.62930000001982   -4.13991570431576e-16   10.3332999998507
0.671564004004004   3.85709999994025   2.62930000003415   -1.47968969956198e-16   10.3332999997429
0.681587347347348   3.8570999998976   2.62930000005842   4.00216413913262e-17   10.3332999995601
0.691610690690691   3.85709999982575   2.62930000009924   3.21163051243312e-16   10.3332999992529
0.701634034034034   3.85709999970556   2.6293000001674   3.00981102934768e-16   10.3332999987399
0.711657377377378   3.85709999950599   2.62930000028038   -2.18545799076371e-16   10.3332999978897
0.721680720720721   3.85709999917696   2.62930000046631   -7.55987812104266e-16   10.3332999964907
0.731704064064064   3.85709999863845   2.62930000077007   -1.29619884182086e-15   10.3332999942054
0.741727407407408   3.85709999776346   2.62930000126272   -1.78283185187087e-15   10.3332999904994
0.751750750750751   3.85709999635206   2.62930000205598   -2.1961032673433e-15   10.3332999845328
0.761774094094094   3.85709999409192   2.62930000332395   -2.33990167219784e-15   10.3332999749967
0.771797437437437   3.85709999049897   2.629300005336   -2.72681443527809e-15   10.3332999598663
0.781820780780781   3.85709998482882   2.62930000850557   -3.0035927218886e-15   10.3332999360344
0.791844124124124   3.85709997594575   2.62930001346214   -2.61129219248808e-15   10.3332998987704
0.801867467467467   3.85709996213071   2.62930002115673   -2.75561141052966e-15   10.3332998409284
0.811890810810811   3.85709994080227   2.62930003301457   -3.09277007857875e-15   10.3332997518008
0.821914154154154   3.85709990811495   2.62930005115467   -2.92356041898296e-15   10.3332996154695
0.831937497497497   3.85709985838592   2.62930007870226   -2.77270184318405e-15   10.3332994084607
0.841960840840841   3.85709978328463   2.6293001202296   -2.59367707069652e-15   10.3332990964361
0.851984184184184   3.85709967069768   2.62930018237196   -2.36270068830382e-15   10.3332986295703
0.862007527527527   3.85709950315382   2.62930027468032   -1.67057165891014e-15   10.3332979361524
0.872030870870871   3.8570992556594   2.62930041079053   -9.640038449055e-16   10.3332969138148
0.882054214214214   3.85709889275243   2.62930061001067   -7.71358099958276e-16   10.3332954176249
0.892077557557557   3.85709836453249   2.62930089945519   -9.55059756970867e-16   10.3332932440798
0.902100900900901   3.85709760136389   2.62930131688513   -7.18072707551173e-16   10.3332901098064
0.912124244244244   3.8570965068809   2.62930191444948   -7.1007260257931e-16   10.3332856235099
0.922147587587587   3.85709494884666   2.62930276356199   -8.98407966779247e-16   10.3332792494142
0.932170930930931   3.85709274733466   2.62930396118995   -8.8721820954765e-16   10.3332702601248
0.942194274274274   3.85708965961505   2.62930563787479   -1.12697899911136e-15   10.3332576765234
0.952217617617617   3.85708536104453   2.62930796784558   -1.37047184739394e-15   10.3332401919903
0.96224096096096   3.85707942118232   2.62931118162303   -1.78793558490838e-15   10.3332160779863
0.972264304304304   3.85707127429778   2.62931558153741   -2.0793947517594e-15   10.3331830678304
0.982287647647647   3.85706018340572   2.62932156059426   -1.97189908274379e-15   10.3331382154371
0.99231099099099   3.85704519697916   2.62932962510884   -2.01982306013758e-15   10.3330777258783
1.00233433433433   3.85702509755885   2.62934042148796   -1.82435899587896e-15   10.3329967549573
1.01235767767768   3.8569983416216   2.62935476745686   -1.37282212815315e-15   10.3328891756003
1.02238102102102   3.85696299029895   2.62937368790271   -8.55963800687635e-16   10.3327473098219
1.03240436436436   3.85691663086884   2.62939845532866   -4.20368475261342e-16   10.3325616263692
1.04242770770771   3.85685628938332   2.62943063467924   2.65618148512811e-16   10.3323204059129
1.05245105105105   3.85677833534952   2.62947213200851   1.09984969418153e-15   10.3320093778441
1.06247439439439   3.85667838004262   2.6295252461214   1.90616479710563e-15   10.3316113353208
1.07249773773774   3.85655117078253   2.62959272193516   2.4771062363884e-15   10.3311057381173
1.08252108108108   3.85639048432116   2.62967780389868   3.00814125092649e-15   10.3304683159387
1.09254442442442   3.85618902332271   2.62978428739477   3.66513159982011e-15   10.3296706880066
1.10256776776777   3.85593832071873   2.62991656566462   4.21965192737592e-15   10.3286800176683
1.11259111111111   3.8556286574171   2.63007966946793   5.02011890312283e-15   10.3274587232827
1.12261445445445   3.85524899936475   2.63027929646419   5.83387172431919e-15   10.3259642683955
1.1326377977978   3.8547869602333   2.63052182720778   6.18733849787692e-15   10.3241490549554
1.14266114114114   3.8542287959437   2.6308143247232   6.15327435416443e-15   10.3219604427862
1.15268448448449   3.85355943681672   2.63116451489291   5.8670922929093e-15   10.3193409165158
1.16270782782783   3.85276256229641   2.63158074535921   5.84956194801965e-15   10.3162284175726
1.17273117117117   3.85182072194206   2.63207192130972   5.95566977944478e-15   10.3125568537166
1.18275451451452   3.8507155047525   2.63264741736158   6.27299003327133e-15   10.308256792015
1.19277785785786   3.84942775694581   2.63331696574043   6.35344448543928e-15   10.3032563335269
1.2028012012012   3.84793784617182   2.63409052201189   6.10963896143634e-15   10.2974821596208
1.21282454454455   3.84622596791733   2.63497811069519   6.12289995117431e-15   10.290860731383
1.22284788788789   3.8442724877243   2.63598965409674   6.40432765617613e-15   10.283319615527
1.23287123123123   3.8420583109333   2.63713478857295   6.96938650284209e-15   10.2747889032063
1.24289457457458   3.83956527012787   2.63842267310071   7.54565942895428e-15   10.2652026826676
1.25291791791792   3.83677651940614   2.63986179545281   7.85628951656201e-15   10.2545005231841
1.26294126126126   3.83367692411809   2.64145978141563   8.26370106343816e-15   10.2426289264339
1.27296460460461   3.83025343481129   2.64322321234299   8.74768328930351e-15   10.229542702507
1.28298794794795   3.82649543480348   2.64515745593281   9.34954845708346e-15   10.2152062309231
1.29301129129129   3.82239505198262   2.64726651448136   9.71022096755983e-15   10.1995945721238
1.30303463463464   3.81794742701968   2.64955289407101   9.76302042624189e-15   10.1826944014476
1.31305797797798   3.81315093203617   2.65201749724684   9.79985787813905e-15   10.164504745068
1.32308132132132   3.80800733575421   2.65465954080617   9.46604109742619e-15   10.1450375052219
1.33310466466467   3.80252191312789   2.65747649942866   9.18918391839033e-15   10.1243177697225
1.34312800800801   3.79670349928299   2.66046407507221   8.89124189230424e-15   10.1023839077514
1.35315135135135   3.79056448916854   2.66361619139583   8.39084585624936e-15   10.0792874598709
1.3631746946947   3.78412078557284   2.66692501197629   7.99702713745929e-15   10.0550928348056
1.37319803803804   3.77739169903224   2.67038098077455   8.16008142256341e-15   10.0298768286824
1.38322138138138   3.77039980365069   2.67397288318072   8.23797337513419e-15   10.0037279840525
1.39324472472473   3.76317075297066   2.67768792600858   8.18043662500607e-15   9.97674580625319
1.40326806806807   3.75573305983304   2.68151183499636   7.94054423123551e-15   9.94903985367992
1.41329141141141   3.74811784370138   2.68542896866603   7.80816092759925e-15   9.92072871659329
1.42331475475476   3.74035854828274   2.68942244775644   7.50068513722808e-15   9.89193889649191
1.4333380980981   3.73249063154554   2.69347429983038   7.64778704770072e-15   9.86280359518985
1.44336144144144   3.72455122950997   2.69756561901358   7.27692957269509e-15   9.83346141990492
1.45338478478479   3.71657879456816   2.70167674110302   7.05916156669911e-15   9.80405500825506
1.46340812812813   3.70861270867638   2.70578743443441   6.89559255604276e-15   9.77472957542235
1.47343147147147   3.70069287164024   2.70987710687637   7.25577510971768e-15   9.74563138519613
1.48345481481482   3.6928592649646   2.71392502908065   7.72169329858067e-15   9.71690614741716
1.49347815815816   3.68515149242355   2.71791057363218   7.93500989778774e-15   9.68869734671581
1.50350150150151   3.67760829965615   2.72181346899248   8.41663995570309e-15   9.66114451146824
1.51352484484485   3.67026707670926   2.72561406611694   9.04897572938951e-15   9.63438143756295
1.52354818818819   3.66316334948395   2.72929361438037   9.7231445819895e-15   9.60853438868639
1.53357153153154   3.65633026839725   2.7328345420232   9.90536521807898e-15   9.58372030303023
1.54359487487488   3.64979810508886   2.73622073482815   1.01147430500884e-14   9.56004504501616
1.55361821821822   3.64359377046738   2.73943780527855   1.01095029817147e-14   9.53760174905111
1.56364156156157   3.63774036953837   2.74247334319149   1.02658503692573e-14   9.51646930952582
1.57366490490491   3.63225680999113   2.74531713793289   1.00243620331208e-14   9.49671107621289
1.58368824824825   3.62715748214626   2.74796136197836   9.70468754279335e-15   9.4783738158731
1.5937115915916   3.62245202732041   2.75040070593262   9.40989890399435e-15   9.46148699834998
1.60373493493494   3.6181452097667   2.75263245625885   9.08316793015912e-15   9.44606245811786
1.61375827827828   3.61423690403627   2.75465650892716   8.88221850416751e-15   9.43209446998123
1.62378162162163   3.61072220496731   2.75647531490331   8.40266621556375e-15   9.41956026076845
1.63380496496497   3.60759166179515   2.75809375670889   8.02197476666267e-15   9.40842095837156
1.64382830830831   3.60483163149858   2.75951895894393   7.62154780046223e-15   9.39862295684136
1.65385165165166   3.6024247399777   2.76076003936298   7.81039663756604e-15   9.39009965334195
1.663874994995   3.60035043358479   2.7618278104953   8.09808390856089e-15   9.3827734916827
1.67389833833834   3.59858559847098   2.76273444457602   8.54699228069142e-15   9.37655822988528
1.68392168168169   3.59710522165385   2.76349311644222   8.89915812162246e-15   9.37136133747644
1.69394502502503   3.59588306598009   2.76411763987656   9.24427091930249e-15   9.36708642302365
1.70396836836837   3.59489233138654   2.76462211259811   9.72632381032089e-15   9.36363559424033
1.71399171171172   3.5941062769735   2.76502058377281   1.01865301000155e-14   9.36091166141897
1.72401505505506   3.59349878212637   2.76532675571776   1.04942556055232e-14   9.35882010897408
1.7340383983984   3.59304482983844   2.7655537286549   1.08661305151948e-14   9.35727077794937
1.74406174174175   3.59272090099602   2.76571379422162   1.10583031862415e-14   9.35617922264476
1.75408508508509   3.59250527416562   2.76581828025944   1.1394172803618e-14   9.35546772518434
1.76410842842843   3.59237823089345   2.76587744643914   1.15022455748577e-14   9.35506597119117
1.77413177177178   3.59232217130215   2.76590042774175   1.12368592775423e-14   9.35491140641601
1.78415511511512   3.59232164858082   2.76589522083445   1.10622991394583e-14   9.35494930727987
1.79417845845846   3.59236333367252   2.7658687070182   1.1085784269717e-14   9.35513260739666
1.80420180180181   3.59243592305038   2.76582670467385   1.07909297137157e-14   9.35542152722743
1.81422514514515   3.59253000301951   2.76577404394104   1.10685765636763e-14   9.35578305542068
1.82424848848849   3.59263788364098   2.76571465663432   1.09816880173031e-14   9.356190328694
1.83427183183184   3.59275341434147   2.76565167502431   1.07567096267136e-14   9.35662195303338
1.84429517517518   3.59287179175726   2.76558753397186   1.106895927305e-14   9.35706130328617
1.85431851851853   3.59298936856743   2.76552407189177   1.16667229588634e-14   9.35749583162618
1.86434186186187   3.59310347017575   2.76546262704683   1.18012558940432e-14   9.35791640850098
1.87436520520521   3.59321222424917   2.76540412665823   1.17854317628527e-14   9.3583167130373
1.88438854854856   3.59331440641992   2.76534916721258   1.14282334616328e-14   9.35869268384308
1.8944118918919   3.5934093039779   2.76529808511435   1.1411176116007e-14   9.35904203594036
1.90443523523524   3.59349659815816   2.76525101746042   1.13630339380839e-14   9.35936384530585
1.91445857857859   3.59357626467294   2.76520795319731   1.14606057107511e-14   9.3596581992065
1.92448192192193   3.59364849144026   2.76516877527044   1.14658780360522e-14   9.35992590814624
1.93450526526527   3.59371361199306   2.76513329460291   1.10574425937204e-14   9.36016827368666
1.94452860860862   3.59377205278368   2.76510127686781   1.11122577014184e-14   9.3603869055434
1.95455195195196   3.59382429248699   2.76507246306294   1.14449351651734e-14   9.36058358105468
1.9645752952953   3.59387083141761   2.76504658488036   1.13363565100901e-14   9.36076014023274
1.97459863863865   3.59391216927415   2.76502337580308   1.1070640172661e-14   9.36091841002136
1.98462198198199   3.59394878957807   2.76500257877306   1.06253780490021e-14   9.3610601519849
1.99464532532533   3.59398114935951   2.76498395117191   1.01528076780553e-14   9.36118702835962
2.00466866866868   3.59400967283669   2.76496726774742   9.77638824220797e-15   9.36130058213725
2.01469201201202   3.59403474802451   2.76495232201319   9.35026283069306e-15   9.36140222757545
2.02471535535536   3.59405672537828   2.76493892655044   8.68555941593544e-15   9.36149324820382
2.03473869869871   3.5940759177238   2.76492691255207   7.97371984080733e-15   9.36157479999894
2.04476204204205   3.59409260083765   2.76491612887306   7.5884732223643e-15   9.36164791792577
2.05478538538539   3.59410701411808   2.76490644078629   7.35423504982866e-15   9.36171352448459
2.06480872872874   3.59411936082429   2.76489772858996   6.70681329413978e-15   9.36177243926529
2.07483207207208   3.59412980735599   2.76488988617038   5.97687738029922e-15   9.36182538880081
2.08485541541542   3.59413848099422   2.7648828195907   5.44161208965623e-15   9.36187301623842
2.09487875875877   3.59414546542427   2.7648764457508   4.96823692884774e-15   9.36191589052002
2.10490210210211   3.59415079320986   2.76487069114505   4.36160117571691e-15   9.36195451489063
2.11492544544545   3.59415443418081   2.76486549073082   4.25374388354658e-15   9.36198933464623
2.1249487887888   3.5941562784337   2.76486078691165   4.24430451338138e-15   9.36202074409596
2.13497213213214   3.59415611232637   2.76485652863258   4.51341693344189e-15   9.36204909275593
2.14499547547548   3.59415358547728   2.76485267058122   4.76641591239684e-15   9.36207469081839
2.15501881881883   3.59414816636949   2.76484917248615   5.05444486115907e-15   9.36209781395421
2.16504216216217   3.59413908372238   2.76484599850327   5.25345934819053e-15   9.36211870751391
2.17506550550551   3.59412525035884   2.76484311668026   5.66624151634774e-15   9.36213759019285
2.18508884884886   3.59410516589726   2.76484049849009   5.27959832674413e-15   9.36215465722441
2.1951121921922   3.59407679428356   2.76483811842485   5.07928895366863e-15   9.36217008316013
2.20513553553555   3.59403741200995   2.76483595364199   4.63870237549148e-15   9.36218402429079
2.21515887887889   3.59398342291411   2.76483398365609   4.19951010674009e-15   9.36219662075611
2.22518222222223   3.59391013579494   2.7648321900699   4.00312732174233e-15   9.36220799838531
2.23520556556558   3.59381150180404   2.7648305563394   3.93650829193375e-15   9.36221827030546
2.24522890890892   3.59367980975755   2.76482906756806   3.98568203125182e-15   9.36222753834902
2.25525225225226   3.59350533923348   2.76482771032651   4.02723498682955e-15   9.36223589428837
2.26527559559561   3.59327597362855   2.76482647249401   4.10343009147682e-15   9.36224342092056
2.27529893893895   3.59297677826519   2.76482534311894   4.00711876718071e-15   9.36225019302255
2.28532228228229   3.59258955214189   2.76482431229564   3.85546774337063e-15   9.36225627819422
2.29534562562564   3.59209236593087   2.76482337105557   3.26695090680837e-15   9.36226173760376
2.30536896896898   3.59145910320373   2.76482251127094   2.81724218886335e-15   9.36226662664821
2.31539231231232   3.59065902639834   2.7648217255691   2.42830031050742e-15   9.36227099554004
2.32541565565567   3.58965639344693   2.76482100725656   1.97615748298333e-15   9.36227488982898
2.33543899899901   3.58841015492391   2.76482035025121   1.61251097364209e-15   9.36227835086711
2.34546234234235   3.586873764648   2.764819749022   9.74363074197838e-16   9.3622814162242
2.3554856856857   3.58499513846929   2.76481919853498   4.57077690235397e-16   9.36228412005914
2.36550902902904   3.58271679607083   2.76481869420515   1.98641696964425e-16   9.36228649345262
2.37553237237238   3.57997621864128   2.76481823185324   5.78103063322099e-18   9.3622885647055
2.38555571571573   3.5767064509343   2.76481780766708   -2.20468185648715e-17   9.36229035960658
2.39557905905907   3.57283696934635   2.76481741816693   -3.01239160827335e-16   9.36229190167318
2.40560240240241   3.56829482820389   2.76481706017433   -1.98152784906846e-16   9.36229321236739
2.41562574574576   3.56300608462518   2.76481673078415   1.22468583719027e-16   9.36229431129039
2.4256490890891   3.55689748849451   2.76481642733943   6.34949322733782e-16   9.36229521635705
2.43567243243244   3.54989840884612   2.76481614740875   8.5151316974604e-16   9.36229594395272
2.44569577577579   3.54194295208867   2.76481588876589   7.39873504664134e-16   9.36229650907385
2.45571911911913   3.53297221194893   2.76481564937142   3.87562495289893e-16   9.36229692545397
2.46574246246247   3.52293657682401   2.76481542735613   4.68552644057686e-16   9.36229720567631
2.47576580580582   3.51179800848277   2.76481522100607   9.75695818988084e-16   9.36229736127439
2.48578914914916   3.49953219777996   2.76481502874896   1.20060863463351e-15   9.36229740282156
2.4958124924925   3.48613049913623   2.76481484914188   1.03024294566241e-15   9.36229734001067
2.50583583583585   3.47160154666727   2.76481468086012   7.53956157472412e-16   9.36229718172484
2.51585917917919   3.45597246139957   2.76481452268693   5.2235069501922e-16   9.36229693610017
2.52588252252253   3.43928957102275   2.76481437350429   1.275534523686e-16   9.36229661058135
2.53590586586588   3.42161858075834   2.76481423228431   -2.80608932827641e-16   9.36229621197105
2.54592920920922   3.40304415545505   2.76481409808143   -8.01051263681075e-16   9.36229574647386
2.55595255255257   3.38366889788945   2.76481397002521   -1.66042653041303e-15   9.3622952197354
2.56597589589591   3.36361173511586   2.76481384731369   -1.83431964950107e-15   9.36229463687762
2.57599923923925   3.34300575203262   2.76481372920717   -1.97364106412892e-15   9.36229400253053
2.5860225825826   3.3219955374919   2.76481361502258   -2.38858639736605e-15   9.36229332086127
2.59604592592594   3.30073413168504   2.76481350412812   -2.77218920892807e-15   9.36229259560089
2.60606926926928   3.27937968274638   2.76481339593836   -2.55694397167483e-15   9.36229183006924
2.61609261261263   3.25809193435206   2.76481328990967   -2.57935429835401e-15   9.36229102719839
2.62611595595597   3.23702867371189   2.76481318553591   -2.63854416118977e-15   9.36229018955498
2.63613929929931   3.21634227033414   2.76481308234449   -2.40123449342e-15   9.3622893193615
2.64616264264266   3.19617643029246   2.76481297989267   -2.54390914918959e-15   9.36228841851678
2.656185985986   3.17666327887731   2.76481287776406   -2.56345558066716e-15   9.36228748861582
2.66620932932934   3.15792086729802   2.76481277556543   -2.47539942215999e-15   9.36228653096891
2.67623267267269   3.14005117766038   2.76481267292366   -2.17020508651696e-15   9.36228554661996
2.68625601601603   3.12313867615181   2.76481256948295   -2.2668408004826e-15   9.36228453636416
2.69627935935937   3.10724943871783   2.76481246490211   -2.19523843521105e-15   9.36228350076474
2.70630270270272   3.09243084801529   2.76481235885211   -2.1145318968473e-15   9.36228244016869
2.71632604604606   3.07871183649563   2.7648122510137   -2.26831944321298e-15   9.36228135472142
2.7263493893894   3.06610362933024   2.76481214107515   -2.56793437615636e-15   9.36228024438017
2.73637273273275   3.05460092351411   2.76481202873013   -3.25502003916494e-15   9.36227910892603
2.74639607607609   3.04418342653579   2.76481191367564   -4.12991704883692e-15   9.36227794797445
2.75641941941943   3.03481766982345   2.76481179561002   -5.14154094585294e-15   9.36227676098424
2.76644276276278   3.02645900878609   2.76481167423102   -5.88259882393483e-15   9.36227554726478
2.77646610610612   3.01905372239337   2.7648115492339   -6.74461140278484e-15   9.36227430598154
2.78648944944946   3.01254113035665   2.76481142030954   -7.73198472529895e-15   9.36227303615988
2.79651279279281   3.00685565438499   2.76481128714255   -8.4308354006054e-15   9.3622717366869
2.80653613613615   3.00192876086935   2.76481114940935   -9.44201420685401e-15   9.36227040631142
2.81655947947949   2.99769073482405   2.76481100677624   -1.0307025093578e-14   9.3622690436422
2.82658282282284   2.99407224812774   2.76481085889731   -1.09331291167498e-14   9.36226764714387
2.83660616616618   2.99100569826456   2.76481070541226   -1.14873736117225e-14   9.36226621513067
2.84662950950952   2.98842630618972   2.76481054594395   -1.23384829662577e-14   9.36226474575735
2.85665285285287   2.98627297308862   2.76481038009559   -1.29257308271466e-14   9.3622632370061
2.86667619619621   2.98448890527853   2.76481020744718   -1.32209584981051e-14   9.36226168666776
2.87669953953955   2.98302202408186   2.76481002755074   -1.34263785303911e-14   9.36226009231338
2.8867228828829   2.98182518309488   2.76480983992327   -1.36418431200137e-14   9.36225845124871
2.89674622622624   2.98085621892586   2.76480964403546   -1.35442222016363e-14   9.362256760438
2.90676956956958   2.98007786332736   2.7648094392926   -1.36771619198203e-14   9.36225501637039
2.91679291291293   2.97945754491978   2.76480922500054   -1.34525371528785e-14   9.36225321481832
2.92681625625627   2.97896710766798   2.76480900030337   -1.37108174969674e-14   9.36225135039169
2.93683959959962   2.97858247121918   2.76480876406761   -1.34520112409767e-14   9.36224941570355
2.94686294294296   2.97828325542843   2.76480851466414   -1.27519631200518e-14   9.3622473997968
2.9568862862863   2.97805238814836   2.76480824955563   -1.20773080956358e-14   9.36224528516255
2.96690962962965   2.9778757118618   2.76480796451312   -1.16038811480123e-14   9.36224304207406
2.97693297297299   2.97774160113899   2.76480765212538   -1.14594842953249e-14   9.36224061780138
2.98695631631633   2.9776405992624   2.76480729895959   -1.15626398061205e-14   9.36223791606306
2.99697965965968   2.97756507859778   2.76480688014966   -1.14221602524841e-14   9.36223475785624
3.00700300300302   2.97750892509036   2.76480634907779   -1.10886026834379e-14   9.36223080676777
3.01702634634636   2.9774672419371   2.76480561769701   -1.09187728632739e-14   9.36222542653405
3.02704968968971   2.97743605964044   2.7648045190011   -1.06818480032718e-14   9.36221740936689
3.03707303303305   2.97741202660629   2.76480273544102   -1.08287739626048e-14   9.36220445776887
3.04709637637639   2.97739203109847   2.76479966238473   -1.05294476292336e-14   9.36218219613874
3.05711971971974   2.97737266197397   2.76479414767296   -1.02252773747474e-14   9.36214228548216
3.06714306306308   2.97734933368187   2.76478399483081   -1.02193445079596e-14   9.36206882740285
3.07716640640642   2.97731474525652   2.76476501546137   -1.00715677649313e-14   9.36193150527182
3.08718974974977   2.97725604632696   2.76472922173052   -9.86679833166841e-15   9.36167250289585
3.09721309309311   2.9771495176911   2.76466137866188   -9.76694411397664e-15   9.3611815585265
3.10723643643645   2.97695049680035   2.76453242805911   -9.86406366954994e-15   9.36024840415387
3.1172597797798   2.97657422901419   2.76428694605591   -9.66211076296522e-15   9.35847212908275
3.12728312312314   2.97585943560607   2.76381922333201   -9.6628934685573e-15   9.35508860057036
3.13730646646648   2.97449904096575   2.76292765565638   -9.78643145784174e-15   9.34864239041983
3.14732980980983   2.97190874379197   2.76122780687757   -9.73290732117436e-15   9.3363650408126
3.15735315315317   2.96697881523571   2.75798680541034   -9.96786267758361e-15   9.31300382920654
3.16737649649651   2.95760963728452   2.75180829448754   -9.95113083633847e-15   9.26864079290801
3.17739983983986   2.93985804728468   2.74003459112452   -9.88354603664391e-15   9.18472323359068
3.1874231831832   2.90642422233028   2.71761812281297   -1.01164738171923e-14   9.02716775780392
3.19744652652654   2.84416925709945   2.6750150565573   -1.03141140647495e-14   8.73554439804034
3.20746986986989   2.73074643921596   2.59435891939899   -1.02953733526196e-14   8.21016280507626
3.21749321321323   2.5324826103953   2.44300800923256   -9.69369779477465e-15   7.31062325237095
3.22751655655657   2.21199913801852   2.16522642465686   -8.19027683764625e-15   5.90995766847266
3.23753989989992   1.76426370657021   1.68524518671328   -5.75361570785941e-15   4.07809555524509
3.24756324324326   1.28381783708529   0.985875438280344   -2.55069258948978e-15   2.32631745008236
3.2575865865866   0.952247375729786   0.331517353368767   -6.28322714973304e-16   1.33320069994433
3.26760992992995   0.82853514088645   0.0595699227292388   -8.7110507670706e-17   1.05246904784891
3.27763327327329   0.803948560200485   0.008119534724219   -1.99777238319809e-19   1.00695161736435
3.28765661661664   0.80051072112187   0.00104958040670916   -4.45093157387085e-23   1.00089442374592
3.29767995995998   0.800065524546209   0.000134657306604304   -7.70927328843769e-28   1.00011467877779
3.30770330330332   0.800008398298531   1.72590494559207e-05   -9.58200841127316e-34   1.00001469720006
3.31772664664667   0.800001076275486   2.21181589622722e-06   -8.50351783012379e-41   1.00000188348501
3.32774998999001   0.800000137926768   2.83448446699294e-07   -4.98907459295938e-49   1.00000024137189
3.33777333333335   0.800000017675545   3.6324389392912e-08   -1.49703172156744e-58   1.0000000309322
3.3477966766767   0.80000000226515   4.6550292685339e-09   -3.95449379210511e-71   1.00000000396401
3.35782002002004   0.800000000290282   5.96548838879227e-10   -5.68506845937941e-83   1.00000000050799
3.36784336336338   0.8000000000372   7.64480204770894e-11   -1.5940025522897e-97   1.0000000000651
3.37786670670673   0.800000000004767   9.79630176401284e-12   -2.382649507695e-111   1.00000000000834
3.38789005005007   0.800000000000611   1.25505875847341e-12   -3.88869115392433e-126   1.00000000000107
3.39791339339341   0.800000000000078   1.60684259681286e-13   -5.55948033295414e-142   1.00000000000014
3.40793673673676   0.80000000000001   2.04165203249496e-14   -6.91500518719329e-159   1.00000000000002
3.4179600800801   0.800000000000001   2.45029858917044e-15   -7.23072746609548e-177   1
3.42798342342344   0.8   2.37125665665927e-16   -5.68954946719033e-196   1
3.43800676676679   0.8   0   -1.40084285046251e-216   1
3.44803011011013   0.8   0   0   1
3.45805345345347   0.8   0   0   1
3.46807679679682   0.8   0   0   1
3.47810014014016   0.8   0   0   1
3.4881234834835   0.8   0   0   1
3.49814682682685   0.8   0   0   1
3.50817017017019   0.8   0   0   1
3.51819351351353   0.8   0   0   1
3.52821685685688   0.8   0   0   1
3.53824020020022   0.8   0   0   1
3.54826354354356   0.8   0   0   1
3.55828688688691   0.8   0   0   1
3.56831023023025   0.8   0   0   1
3.57833357357359   0.8   0   0   1
3.58835691691694   0.8   0   0   1
3.59838026026028   0.8   0   0   1
3.60840360360362   0.8   0   0   1
3.61842694694697   0.8   0   0   1
3.62845029029031   0.8   0   0   1
3.63847363363366   0.8   0   0   1
3.648496976977   0.8   0   0   1
3.65852032032034   0.8   0   0   1
3.66854366366369   0.8   0   0   1
3.67856700700703   0.8   0   0   1
3.68859035035037   0.8   0   0   1
3.69861369369372   0.8   0   0   1
3.70863703703706   0.8   0   0   1
3.7186603803804   0.8   0   0   1
3.72868372372375   0.8   0   0   1
3.73870706706709   0.8   0   0   1
3.74873041041043   0.8   0   0   1
3.75875375375378   0.8   0   0   1
3.76877709709712   0.8   0   0   1
3.77880044044046   0.8   0   0   1
3.78882378378381   0.8   0   0   1
3.79884712712715   0.8   0   0   1
3.80887047047049   0.8   0   0   1
3.81889381381384   0.8   0   0   1
3.82891715715718   0.8   0   0   1
3.83894050050052   0.8   0   0   1
3.84896384384387   0.8   0   0   1
3.85898718718721   0.8   0   0   1
3.86901053053055   0.8   0   0   1
3.8790338738739   0.8   0   0   1
3.88905721721724   0.8   0   0   1
3.89908056056058   0.8   0   0   1
3.90910390390393   0.8   0   0   1
3.91912724724727   0.8   0   0   1
3.92915059059061   0.8   0   0   1
3.93917393393396   0.8   0   0   1
3.9491972772773   0.8   0   0   1
3.95922062062064   0.8   0   0   1
3.96924396396399   0.8   0   0   1
3.97926730730733   0.8   0   0   1
3.98929065065068   0.8   0   0   1
3.99931399399402   0.8   0   0   1
4.00933733733736   0.8   0   0   1
4.01936068068071   0.8   0   0   1
4.02938402402405   0.8   0   0   1
4.03940736736739   0.8   0   0   1
4.04943071071074   0.8   0   0   1
4.05945405405408   0.8   0   0   1
4.06947739739742   0.8   0   0   1
4.07950074074077   0.8   0   0   1
4.08952408408411   0.8   0   0   1
4.09954742742745   0.8   0   0   1
4.1095707707708   0.8   0   0   1
4.11959411411414   0.8   0   0   1
4.12961745745748   0.8   0   0   1
4.13964080080083   0.8   0   0   1
4.14966414414417   0.8   0   0   1
4.15968748748751   0.8   0   0   1
4.16971083083086   0.8   0   0   1
4.1797341741742   0.8   0   0   1
4.18975751751754   0.8   0   0   1
4.19978086086089   0.8   0   0   1
4.20980420420423   0.8   0   0   1
4.21982754754757   0.8   0   0   1
4.22985089089092   0.8   0   0   1
4.23987423423426   0.8   0   0   1
4.2498975775776   0.8   0   0   1
4.25992092092095   0.8   0   0   1
4.26994426426429   0.8   0   0   1
4.27996760760763   0.8   0   0   1
4.28999095095098   0.8   0   0   1
4.30001429429432   0.8   0   0   1
4.31003763763766   0.8   0   0   1
4.32006098098101   0.8   0   0   1
4.33008432432435   0.8   0   0   1
4.3401076676677   0.8   0   0   1
4.35013101101104   0.8   0   0   1
4.36015435435438   0.8   0   0   1
4.37017769769773   0.8   0   0   1
4.38020104104107   0.8   0   0   1
4.39022438438441   0.8   0   0   1
4.40024772772776   0.8   0   0   1
4.4102710710711   0.8   0   0   1
4.42029441441444   0.8   0   0   1
4.43031775775779   0.8   0   0   1
4.44034110110113   0.8   0   0   1
4.45036444444447   0.8   0   0   1
4.46038778778782   0.8   0   0   1
4.47041113113116   0.8   0   0   1
4.4804344744745   0.8   0   0   1
4.49045781781785   0.8   0   0   1
4.50048116116119   0.8   0   0   1
4.51050450450453   0.8   0   0   1
4.52052784784788   0.8   0   0   1
4.53055119119122   0.8   0   0   1
4.54057453453456   0.8   0   0   1
4.55059787787791   0.8   0   0   1
4.56062122122125   0.8   0   0   1
4.57064456456459   0.8   0   0   1
4.58066790790794   0.8   0   0   1
4.59069125125128   0.8   0   0   1
4.60071459459462   0.8   0   0   1
4.61073793793797   0.8   0   0   1
4.62076128128131   0.8   0   0   1
4.63078462462465   0.8   0   0   1
4.640807967968   0.8   0   0   1
4.65083131131134   0.8   0   0   1
4.66085465465468   0.8   0   0   1
4.67087799799803   0.8   0   0   1
4.68090134134137   0.8   0   0   1
4.69092468468472   0.8   0   0   1
4.70094802802806   0.8   0   0   1
4.7109713713714   0.8   0   0   1
4.72099471471475   0.8   0   0   1
4.73101805805809   0.8   0   0   1
4.74104140140143   0.8   0   0   1
4.75106474474478   0.8   0   0   1
4.76108808808812   0.8   0   0   1
4.77111143143146   0.8   0   0   1
4.78113477477481   0.8   0   0   1
4.79115811811815   0.8   0   0   1
4.80118146146149   0.8   0   0   1
4.81120480480484   0.8   0   0   1
4.82122814814818   0.8   0   0   1
4.83125149149152   0.8   0   0   1
4.84127483483487   0.8   0   0   1
4.85129817817821   0.8   0   0   1
4.86132152152155   0.8   0   0   1
4.8713448648649   0.8   0   0   1
4.88136820820824   0.8   0   0   1
4.89139155155158   0.8   0   0   1
4.90141489489493   0.8   0   0   1
4.91143823823827   0.8   0   0   1
4.92146158158161   0.8   0   0   1
4.93148492492496   0.8   0   0   1
4.9415082682683   0.8   0   0   1
4.95153161161164   0.8   0   0   1
4.96155495495499   0.8   0   0   1
4.97157829829833   0.8   0   0   1
4.98160164164167   0.8   0   0   1
4.99162498498502   0.8   0   0   1
5.00164832832836   0.8   0   0   1
5.0116716716717   0.8   0   0   1
5.02169501501505   0.8   0   0   1
5.03171835835839   0.8   0   0   1
5.04174170170173   0.8   0   0   1
5.05176504504508   0.8   0   0   1
5.06178838838842   0.8   0   0   1
5.07181173173177   0.8   0   0   1
5.08183507507511   0.8   0   0   1
5.09185841841845   0.8   0   0   1
5.1018817617618   0.8   0   0   1
5.11190510510514   0.8   0   0   1
5.12192844844848   0.8   0   0   1
5.13195179179183   0.8   0   0   1
5.14197513513517   0.8   0   0   1
5.15199847847851   0.8   0   0   1
5.16202182182186   0.8   0   0   1
5.1720451651652   0.8   0   0   1
5.18206850850854   0.8   0   0   1
5.19209185185189   0.8   0   0   1
5.20211519519523   0.8   0   0   1
5.21213853853857   0.8   0   0   1
5.22216188188192   0.8   0   0   1
5.23218522522526   0.8   0   0   1
5.2422085685686   0.8   0   0   1
5.25223191191195   0.8   0   0   1
5.26225525525529   0.8   0   0   1
5.27227859859863   0.8   0   0   1
5.28230194194198   0.8   0   0   1
5.29232528528532   0.8   0   0   1
5.30234862862866   0.8   0   0   1
5.31237197197201   0.8   0   0   1
5.32239531531535   0.8   0   0   1
5.33241865865869   0.8   0   0   1
5.34244200200204   0.8   0   0   1
5.35246534534538   0.8   0   0   1
5.36248868868872   0.8   0   0   1
5.37251203203207   0.8   0   0   1
5.38253537537541   0.8   0   0   1
5.39255871871875   0.8   0   0   1
5.4025820620621   0.8   0   0   1
5.41260540540544   0.8   0   0   1
5.42262874874879   0.8   0   0   1
5.43265209209213   0.8   0   0   1
5.44267543543547   0.8   0   0   1
5.45269877877882   0.8   0   0   1
5.46272212212216   0.8   0   0   1
5.4727454654655   0.8   0   0   1
5.48276880880885   0.8   0   0   1
5.49279215215219   0.8   0   0   1
5.50281549549553   0.8   0   0   1
5.51283883883888   0.8   0   0   1
5.52286218218222   0.8   0   0   1
5.53288552552556   0.8   0   0   1
5.54290886886891   0.8   0   0   1
5.55293221221225   0.8   0   0   1
5.56295555555559   0.8   0   0   1
5.57297889889894   0.8   0   0   1
5.58300224224228   0.8   0   0   1
5.59302558558562   0.8   0   0   1
5.60304892892897   0.8   0   0   1
5.61307227227231   0.8   0   0   1
5.62309561561565   0.8   0   0   1
5.633118958959   0.8   0   0   1
5.64314230230234   0.8   0   0   1
5.65316564564568   0.8   0   0   1
5.66318898898903   0.8   0   0   1
5.67321233233237   0.8   0   0   1
5.68323567567571   0.8   0   0   1
5.69325901901906   0.8   0   0   1
5.7032823623624   0.8   0   0   1
5.71330570570574   0.8   0   0   1
5.72332904904909   0.8   0   0   1
5.73335239239243   0.8   0   0   1
5.74337573573577   0.8   0   0   1
5.75339907907912   0.8   0   0   1
5.76342242242246   0.8   0   0   1
5.77344576576581   0.8   0   0   1
5.78346910910915   0.8   0   0   1
5.79349245245249   0.8   0   0   1
5.80351579579584   0.8   0   0   1
5.81353913913918   0.8   0   0   1
5.82356248248252   0.8   0   0   1
5.83358582582587   0.8   0   0   1
5.84360916916921   0.8   0   0   1
5.85363251251255   0.8   0   0   1
5.8636558558559   0.8   0   0   1
5.87367919919924   0.8   0   0   1
5.88370254254258   0.8   0   0   1
5.89372588588593   0.8   0   0   1
5.90374922922927   0.8   0   0   1
5.91377257257261   0.8   0   0   1
5.92379591591596   0.8   0   0   1
5.9338192592593   0.8   0   0   1
5.94384260260264   0.8   0   0   1
5.95386594594599   0.8   0   0   1
5.96388928928933   0.8   0   0   1
5.97391263263267   0.8   0   0   1
5.98393597597602   0.8   0   0   1
5.99395931931936   0.8   0   0   1
6.0039826626627   0.8   0   0   1
6.01400600600605   0.8   0   0   1
6.02402934934939   0.8   0   0   1
6.03405269269273   0.8   0   0   1
6.04407603603608   0.8   0   0   1
6.05409937937942   0.8   0   0   1
6.06412272272276   0.8   0   0   1
6.07414606606611   0.8   0   0   1
6.08416940940945   0.8   0   0   1
6.09419275275279   0.8   0   0   1
6.10421609609614   0.8   0   0   1
6.11423943943948   0.8   0   0   1
6.12426278278283   0.8   0   0   1
6.13428612612617   0.8   0   0   1
6.14430946946951   0.8   0   0   1
6.15433281281286   0.8   0   0   1
6.1643561561562   0.8   0   0   1
6.17437949949954   0.8   0   0   1
6.18440284284289   0.8   0   0   1
6.19442618618623   0.8   0   0   1
6.20444952952957   0.8   0   0   1
6.21447287287292   0.8   0   0   1
6.22449621621626   0.8   0   0   1
6.2345195595596   0.8   0   0   1
6.24454290290295   0.8   0   0   1
6.25456624624629   0.8   0   0   1
6.26458958958963   0.8   0   0   1
6.27461293293298   0.8   0   0   1
6.28463627627632   0.8   0   0   1
6.29465961961966   0.8   0   0   1
6.30468296296301   0.8   0   0   1
6.31470630630635   0.8   0   0   1
6.32472964964969   0.8   0   0   1
6.33475299299304   0.8   0   0   1
6.34477633633638   0.8   0   0   1
6.35479967967972   0.8   0   0   1
6.36482302302307   0.8   0   0   1
6.37484636636641   0.8   0   0   1
6.38486970970975   0.8   0   0   1
6.3948930530531   0.8   0   0   1
6.40491639639644   0.8   0   0   1
6.41493973973978   0.8   0   0   1
6.42496308308313   0.8   0   0   1
6.43498642642647   0.8   0   0   1
6.44500976976981   0.8   0   0   1
6.45503311311316   0.8   0   0   1
6.4650564564565   0.8   0   0   1
6.47507979979985   0.8   0   0   1
6.48510314314319   0.8   0   0   1
6.49512648648653   0.8   0   0   1
6.50514982982988   0.8   0   0   1
6.51517317317322   0.8   0   0   1
6.52519651651656   0.8   0   0   1
6.53521985985991   0.8   0   0   1
6.54524320320325   0.8   0   0   1
6.55526654654659   0.8   0   0   1
6.56528988988994   0.8   0   0   1
6.57531323323328   0.8   0   0   1
6.58533657657662   0.8   0   0   1
6.59535991991997   0.8   0   0   1
6.60538326326331   0.8   0   0   1
6.61540660660665   0.8   0   0   1
6.62542994995   0.8   0   0   1
6.63545329329334   0.8   0   0   1
6.64547663663668   0.8   0   0   1
6.65549997998003   0.8   0   0   1
6.66552332332337   0.8   0   0   1
6.67554666666671   0.8   0   0   1
6.68557001001006   0.8   0   0   1
6.6955933533534   0.8   0   0   1
6.70561669669674   0.8   0   0   1
6.71564004004009   0.8   0   0   1
6.72566338338343   0.8   0   0   1
6.73568672672677   0.8   0   0   1
6.74571007007012   0.8   0   0   1
6.75573341341346   0.8   0   0   1
6.7657567567568   0.8   0   0   1
6.77578010010015   0.8   0   0   1
6.78580344344349   0.8   0   0   1
6.79582678678683   0.8   0   0   1
6.80585013013018   0.8   0   0   1
6.81587347347352   0.8   0   0   1
6.82589681681686   0.8   0   0   1
6.83592016016021   0.8   0   0   1
6.84594350350355   0.8   0   0   1
6.8559668468469   0.8   0   0   1
6.86599019019024   0.8   0   0   1
6.87601353353358   0.8   0   0   1
6.88603687687693   0.8   0   0   1
6.89606022022027   0.8   0   0   1
6.90608356356361   0.8   0   0   1
6.91610690690696   0.8   0   0   1
6.9261302502503   0.8   0   0   1
6.93615359359364   0.8   0   0   1
6.94617693693699   0.8   0   0   1
6.95620028028033   0.8   0   0   1
6.96622362362367   0.8   0   0   1
6.97624696696702   0.8   0   0   1
6.98627031031036   0.8   0   0   1
6.9962936536537   0.8   0   0   1
7.00631699699705   0.8   0   0   1
7.01634034034039   0.8   0   0   1
7.02636368368373   0.8   0   0   1
7.03638702702708   0.8   0   0   1
7.04641037037042   0.8   0   0   1
7.05643371371376   0.8   0   0   1
7.06645705705711   0.8   0   0   1
7.07648040040045   0.8   0   0   1
7.08650374374379   0.8   0   0   1
7.09652708708714   0.8   0   0   1
7.10655043043048   0.8   0   0   1
7.11657377377382   0.8   0   0   1
7.12659711711717   0.8   0   0   1
7.13662046046051   0.8   0   0   1
7.14664380380385   0.8   0   0   1
7.1566671471472   0.8   0   0   1
7.16669049049054   0.8   0   0   1
7.17671383383388   0.8   0   0   1
7.18673717717723   0.8   0   0   1
7.19676052052057   0.8   0   0   1
7.20678386386392   0.8   0   0   1
7.21680720720726   0.8   0   0   1
7.2268305505506   0.8   0   0   1
7.23685389389395   0.8   0   0   1
7.24687723723729   0.8   0   0   1
7.25690058058063   0.8   0   0   1
7.26692392392398   0.8   0   0   1
7.27694726726732   0.8   0   0   1
7.28697061061066   0.8   0   0   1
7.29699395395401   0.8   0   0   1
7.30701729729735   0.8   0   0   1
7.31704064064069   0.8   0   0   1
7.32706398398404   0.8   0   0   1
7.33708732732738   0.8   0   0   1
7.34711067067072   0.8   0   0   1
7.35713401401407   0.8   0   0   1
7.36715735735741   0.8   0   0   1
7.37718070070075   0.8   0   0   1
7.3872040440441   0.8   0   0   1
7.39722738738744   0.8   0   0   1
7.40725073073078   0.8   0   0   1
7.41727407407413   0.8   0   0   1
7.42729741741747   0.8   0   0   1
7.43732076076081   0.8   0   0   1
7.44734410410416   0.8   0   0   1
7.4573674474475   0.8   0   0   1
7.46739079079084   0.8   0   0   1
7.47741413413419   0.8   0   0   1
7.48743747747753   0.8   0   0   1
7.49746082082087   0.8   0   0   1
7.50748416416422   0.8   0   0   1
7.51750750750756   0.8   0   0   1
7.5275308508509   0.8   0   0   1
7.53755419419425   0.8   0   0   1
7.54757753753759   0.8   0   0   1
7.55760088088094   0.8   0   0   1
7.56762422422428   0.8   0   0   1
7.57764756756762   0.8   0   0   1
7.58767091091097   0.8   0   0   1
7.59769425425431   0.8   0   0   1
7.60771759759765   0.8   0   0   1
7.617740940941   0.8   0   0   1
7.62776428428434   0.8   0   0   1
7.63778762762768   0.8   0   0   1
7.64781097097103   0.8   0   0   1
7.65783431431437   0.8   0   0   1
7.66785765765771   0.8   0   0   1
7.67788100100106   0.8   0   0   1
7.6879043443444   0.8   0   0   1
7.69792768768774   0.8   0   0   1
7.70795103103109   0.8   0   0   1
7.71797437437443   0.8   0   0   1
7.72799771771777   0.8   0   0   1
7.73802106106112   0.8   0   0   1
7.74804440440446   0.8   0   0   1
7.7580677477478   0.8   0   0   1
7.76809109109115   0.8   0   0   1
7.77811443443449   0.8   0   0   1
7.78813777777783   0.8   0   0   1
7.79816112112118   0.8   0   0   1
7.80818446446452   0.8   0   0   1
7.81820780780786   0.8   0   0   1
7.82823115115121   0.8   0   0   1
7.83825449449455   0.8   0   0   1
7.84827783783789   0.8   0   0   1
7.85830118118124   0.8   0   0   1
7.86832452452458   0.8   0   0   1
7.87834786786792   0.8   0   0   1
7.88837121121127   0.8   0   0   1
7.89839455455461   0.8   0   0   1
7.90841789789796   0.8   0   0   1
7.9184412412413   0.8   0   0   1
7.92846458458464   0.8   0   0   1
7.93848792792799   0.8   0   0   1
7.94851127127133   0.8   0   0   1
7.95853461461467   0.8   0   0   1
7.96855795795802   0.8   0   0   1
7.97858130130136   0.8   0   0   1
7.9886046446447   0.8   0   0   1
7.99862798798805   0.8   0   0   1
8.00865133133139   0.8   0   0   1
8.01867467467473   0.8   0   0   1
8.02869801801808   0.8   0   0   1
8.03872136136142   0.8   0   0   1
8.04874470470476   0.8   0   0   1
8.05876804804811   0.8   0   0   1
8.06879139139145   0.8   0   0   1
8.07881473473479   0.8   0   0   1
8.08883807807814   0.8   0   0   1
8.09886142142148   0.8   0   0   1
8.10888476476482   0.8   0   0   1
8.11890810810817   0.8   0   0   1
8.12893145145151   0.8   0   0   1
8.13895479479485   0.8   0   0   1
8.1489781381382   0.8   0   0   1
8.15900148148154   0.8   0   0   1
8.16902482482488   0.8   0   0   1
8.17904816816823   0.8   0   0   1
8.18907151151157   0.8   0   0   1
8.19909485485491   0.8   0   0   1
8.20911819819826   0.8   0   0   1
8.2191415415416   0.8   0   0   1
8.22916488488494   0.8   0   0   1
8.23918822822829   0.8   0   0   1
8.24921157157163   0.8   0   0   1
8.25923491491498   0.8   0   0   1
8.26925825825832   0.8   0   0   1
8.27928160160166   0.8   0   0   1
8.28930494494501   0.8   0   0   1
8.29932828828835   0.8   0   0   1
8.30935163163169   0.8   0   0   1
8.31937497497504   0.8   0   0   1
8.32939831831838   0.8   0   0   1
8.33942166166172   0.8   0   0   1
8.34944500500507   0.8   0   0   1
8.35946834834841   0.8   0   0   1
8.36949169169175   0.8   0   0   1
8.3795150350351   0.8   0   0   1
8.38953837837844   0.8   0   0   1
8.39956172172178   0.8   0   0   1
8.40958506506513   0.8   0   0   1
8.41960840840847   0.8   0   0   1
8.42963175175181   0.8   0   0   1
8.43965509509516   0.8   0   0   1
8.4496784384385   0.8   0   0   1
8.45970178178184   0.8   0   0   1
8.46972512512519   0.8   0   0   1
8.47974846846853   0.8   0   0   1
8.48977181181187   0.8   0   0   1
8.49979515515522   0.8   0   0   1
8.50981849849856   0.8   0   0   1
8.5198418418419   0.8   0   0   1
8.52986518518525   0.8   0   0   1
8.53988852852859   0.8   0   0   1
8.54991187187193   0.8   0   0   1
8.55993521521528   0.8   0   0   1
8.56995855855862   0.8   0   0   1
8.57998190190196   0.8   0   0   1
8.59000524524531   0.8   0   0   1
8.60002858858865   0.8   0   0   1
8.610051931932   0.8   0   0   1
8.62007527527534   0.8   0   0   1
8.63009861861868   0.8   0   0   1
8.64012196196203   0.8   0   0   1
8.65014530530537   0.8   0   0   1
8.66016864864871   0.8   0   0   1
8.67019199199206   0.8   0   0   1
8.6802153353354   0.8   0   0   1
8.69023867867874   0.8   0   0   1
8.70026202202209   0.8   0   0   1
8.71028536536543   0.8   0   0   1
8.72030870870877   0.8   0   0   1
8.73033205205212   0.8   0   0   1
8.74035539539546   0.8   0   0   1
8.7503787387388   0.8   0   0   1
8.76040208208215   0.8   0   0   1
8.77042542542549   0.8   0   0   1
8.78044876876883   0.8   0   0   1
8.79047211211218   0.8   0   0   1
8.80049545545552   0.8   0   0   1
8.81051879879886   0.8   0   0   1
8.82054214214221   0.8   0   0   1
8.83056548548555   0.8   0   0   1
8.84058882882889   0.8   0   0   1
8.85061217217224   0.8   0   0   1
8.86063551551558   0.8   0   0   1
8.87065885885892   0.8   0   0   1
8.88068220220227   0.8   0   0   1
8.89070554554561   0.8   0   0   1
8.90072888888895   0.8   0   0   1
8.9107522322323   0.8   0   0   1
8.92077557557564   0.8   0   0   1
8.93079891891898   0.8   0   0   1
8.94082226226233   0.8   0   0   1
8.95084560560567   0.8   0   0   1
8.96086894894901   0.8   0   0   1
8.97089229229236   0.8   0   0   1
8.9809156356357   0.8   0   0   1
8.99093897897905   0.8   0   0   1
9.00096232232239   0.8   0   0   1
9.01098566566573   0.8   0   0   1
9.02100900900908   0.8   0   0   1
9.03103235235242   0.8   0   0   1
9.04105569569576   0.8   0   0   1
9.05107903903911   0.8   0   0   1
9.06110238238245   0.8   0   0   1
9.07112572572579   0.8   0   0   1
9.08114906906914   0.8   0   0   1
9.09117241241248   0.8   0   0   1
9.10119575575582   0.8   0   0   1
9.11121909909917   0.8   0   0   1
9.12124244244251   0.8   0   0   1
9.13126578578585   0.8   0   0   1
9.1412891291292   0.8   0   0   1
9.15131247247254   0.8   0   0   1
9.16133581581588   0.8   0   0   1
9.17135915915923   0.8   0   0   1
9.18138250250257   0.8   0   0   1
9.19140584584591   0.8   0   0   1
9.20142918918926   0.8   0   0   1
9.2114525325326   0.8   0   0   1
9.22147587587594   0.8   0   0   1
9.23149921921929   0.8   0   0   1
9.24152256256263   0.8   0   0   1
9.25154590590597   0.8   0   0   1
9.26156924924932   0.8   0   0   1
9.27159259259266   0.8   0   0   1
9.281615935936   0.8   0   0   1
9.29163927927935   0.8   0   0   1
9.30166262262269   0.8   0   0   1
9.31168596596603   0.8   0   0   1
9.32170930930938   0.8   0   0   1
9.33173265265272   0.8   0   0   1
9.34175599599607   0.8   0   0   1
9.35177933933941   0.8   0   0   1
9.36180268268275   0.8   0   0   1
9.3718260260261   0.8   0   0   1
9.38184936936944   0.8   0   0   1
9.39187271271278   0.8   0   0   1
9.40189605605613   0.8   0   0   1
9.41191939939947   0.8   0   0   1
9.42194274274281   0.8   0   0   1
9.43196608608616   0.8   0   0   1
9.4419894294295   0.8   0   0   1
9.45201277277284   0.8   0   0   1
9.46203611611619   0.8   0   0   1
9.47205945945953   0.8   0   0   1
9.48208280280287   0.8   0   0   1
9.49210614614622   0.8   0   0   1
9.50212948948956   0.8   0   0   1
9.5121528328329   0.8   0   0   1
9.52217617617625   0.8   0   0   1
9.53219951951959   0.8   0   0   1
9.54222286286293   0.8   0   0   1
9.55224620620628   0.8   0   0   1
9.56226954954962   0.8   0   0   1
9.57229289289296   0.8   0   0   1
9.58231623623631   0.8   0   0   1
9.59233957957965   0.8   0   0   1
9.60236292292299   0.8   0   0   1
9.61238626626634   0.8   0   0   1
9.62240960960968   0.8   0   0   1
9.63243295295302   0.8   0   0   1
9.64245629629637   0.8   0   0   1
9.65247963963971   0.8   0   0   1
9.66250298298305   0.8   0   0   1
9.6725263263264   0.8   0   0   1
9.68254966966974   0.8   0   0   1
9.69257301301309   0.8   0   0   1
9.70259635635643   0.8   0   0   1
9.71261969969977   0.8   0   0   1
9.72264304304312   0.8   0   0   1
9.73266638638646   0.8   0   0   1
9.7426897297298   0.8   0   0   1
9.75271307307315   0.8   0   0   1
9.76273641641649   0.8   0   0   1
9.77275975975983   0.8   0   0   1
9.78278310310318   0.8   0   0   1
9.79280644644652   0.8   0   0   1
9.80282978978986   0.8   0   0   1
9.81285313313321   0.8   0   0   1
9.82287647647655   0.8   0   0   1
9.83289981981989   0.8   0   0   1
9.84292316316324   0.8   0   0   1
9.85294650650658   0.8   0   0   1
9.86296984984992   0.8   0   0   1
9.87299319319327   0.8   0   0   1
9.88301653653661   0.8   0   0   1
9.89303987987995   0.8   0   0   1
9.9030632232233   0.8   0   0   1
9.91308656656664   0.8   0   0   1
9.92310990990998   0.8   0   0   1
9.93313325325333   0.8   0   0   1
9.94315659659667   0.8   0   0   1
9.95317993994001   0.8   0   0   1
9.96320328328336   0.8   0   0   1
9.9732266266267   0.8   0   0   1
9.98324996997004   0.8   0   0   1
9.99327331331339   0.8   0   0   1
10.0032966566567   0.8   0   0   1
10.0133200000001   0.8   0   0   1
