variables = x,rho,u,v,p
0   3.8571   2.6293   0   10.3333
0.0100233433433433   3.8571   2.6293   0   10.3333
0.0200466866866867   3.8571   2.6293   0   10.3333
0.03007003003003   3.8571   2.6293   0   10.3333
0.0400933733733734   3.8571   2.6293   0   10.3333
0.0501167167167167   3.8571   2.6293   0   10.3333
0.0601400600600601   3.8571   2.6293   0   10.3333
0.0701634034034034   3.8571   2.6293   0   10.3333
0.0801867467467468   3.8571   2.6293   0   10.3333
0.0902100900900901   3.8571   2.6293   0   10.3333
0.100233433433433   3.8571   2.6293   0   10.3333
0.110256776776777   3.8571   2.6293   0   10.3333
0.12028012012012   3.8571   2.6293   0   10.3333
0.130303463463463   3.8571   2.6293   0   10.3333
0.140326806806807   3.8571   2.6293   0   10.3333
0.15035015015015   3.8571   2.6293   0   10.3333
0.160373493493494   3.8571   2.6293   0   10.3333
0.170396836836837   3.8571   2.6293   0   10.3333
0.18042018018018   3.8571   2.6293   0   10.3333
0.190443523523524   3.8571   2.6293   0   10.3333
0.200466866866867   3.8571   2.6293   0   10.3333
0.21049021021021   3.8571   2.6293   0   10.3333
0.220513553553554   3.8571   2.6293   0   10.3333
0.230536896896897   3.8571   2.6293   0   10.3333
0.24056024024024   3.8571   2.6293   0   10.3333
0.250583583583584   3.8571   2.6293   0   10.3333
0.260606926926927   3.8571   2.6293   0   10.3333
0.27063027027027   3.8571   2.6293   0   10.3333
0.280653613613614   3.8571   2.6293   0   10.3333
0.290676956956957   3.8571   2.6293   0   10.3333
0.3007003003003   3.8571   2.6293   0   10.3333
0.310723643643644   3.8571   2.6293   0   10.3333
0.320746986986987   3.8571   2.6293   0   10.3333
0.330770330330331   3.8571   2.6293   0   10.3333
0.340793673673674   3.8571   2.6293   0   10.3333
0.350817017017017   3.8571   2.6293   0   10.3333
0.360840360360361   3.8571   2.6293   0   10.3333
0.370863703703704   3.8571   2.6293   0   10.3333
0.380887047047047   3.8571   2.6293   0   10.3333
0.390910390390391   3.8571   2.6293   0   10.3333
0.400933733733734   3.8571   2.6293   0   10.3333
0.410957077077078   3.8571   2.6293   0   10.3333
0.420980420420421   3.8571   2.6293   0   10.3333
0.431003763763764   3.8571   2.6293   0   10.3333
0.441027107107108   3.8571   2.6293   0   10.3333
0.451050450450451   3.8571   2.6293   0   10.3333
0.461073793793794   3.8571   2.6293   0   10.3333
0.471097137137138   3.8571   2.6293   0   10.3333
0.481120480480481   3.8571   2.6293   0   10.3333
0.491143823823825   3.8571   2.6293   0   10.3333
0.501167167167168   3.8571   2.6293   0   10.3333
0.511190510510511   3.8571   2.6293   0   10.3333
0.521213853853855   3.8571   2.6293   0   10.3333
0.531237197197198   3.8571   2.6293   0   10.3333
0.541260540540541   3.8571   2.6293   -1.91848741382701e-16   10.3333
0.551283883883884   3.85709999999999   2.6293   -2.99787045641548e-16   10.3333
0.561307227227228   3.85709999999998   2.62930000000001   -3.30907364668313e-16   10.3332999999999
0.571330570570571   3.85709999999994   2.62930000000003   -5.20251267640302e-16   10.3332999999997
0.581353913913914   3.85709999999987   2.62930000000008   -3.88146458978867e-16   10.3332999999994
0.591377257257258   3.85709999999971   2.62930000000017   -4.60039674423149e-17   10.3332999999987
0.601400600600601   3.8570999999994   2.62930000000036   1.10612825114123e-17   10.3332999999973
0.611423943943944   3.85709999999878   2.62930000000072   3.44716990718515e-17   10.3332999999945
0.621447287287288   3.85709999999756   2.62930000000144   6.83382340219963e-18   10.3332999999891
0.631470630630631   3.85709999999516   2.62930000000286   -1.98834276814234e-16   10.3332999999784
0.641493973973974   3.8570999999905   2.62930000000561   -4.7274256771468e-16   10.3332999999577
0.651517317317318   3.85709999998153   2.62930000001087   -7.87301390641163e-16   10.333299999918
0.661540660660661   3.85709999996445   2.62930000002087   -5.40232701768306e-16   10.3332999998425
0.671564004004004   3.85709999993224   2.62930000003968   -1.69008340670826e-16   10.3332999997007
0.681587347347348   3.85709999987213   2.62930000007471   1.78731242190392e-16   10.3332999994366
0.691610690690691   3.85709999976101   2.62930000013928   3.6157175375841e-16   10.3332999989499
0.701634034034034   3.85709999955769   2.62930000025714   6.83797096218388e-16   10.3332999980615
0.711657377377378   3.85709999918936   2.62930000047013   1.11537179060761e-15   10.3332999964565
0.721680720720721   3.85709999852875   2.62930000085116   1.36172931414783e-15   10.3332999935856
0.731704064064064   3.85709999735583   2.629300001526   1.59735925562708e-15   10.3332999885019
0.741727407407408   3.85709999529419   2.62930000270916   1.86308720409232e-15   10.3332999795904
0.751750750750751   3.85709999170693   2.62930000476267   1.57340004366207e-15   10.3332999641261
0.761774094094094   3.85709998552804   2.62930000829083   1.56026018117949e-15   10.3332999375613
0.771797437437437   3.85709997499275   2.62930001429127   1.38423408006166e-15   10.3332998923892
0.781820780780781   3.85709995721148   2.62930002439305   8.39674001018127e-16   10.3332998163544
0.791844124124124   3.85709992750509   2.62930004122684   5.12483668744578e-16   10.33329968967
0.801867467467467   3.85709987838048   2.62930006899372   2.71744862312289e-16   10.3332994807425
0.811890810810811   3.85709979797196   2.62930011432775   3.20455206130032e-16   10.3332991396906
0.821914154154154   3.85709966770016   2.62930018758758   7.4301712578836e-17   10.3332985886424
0.831937497497497   3.85709945880147   2.62930030476486   6.1353716441708e-17   10.3332977074013
0.841960840840841   3.85709912725087   2.62930049026694   3.14892592215987e-16   10.3332963125498
0.851984184184184   3.85709860643438   2.62930078091943   2.86755038280642e-16   10.3332941274003
0.862007527527527   3.85709779671891   2.6293012316441   1.32814527992987e-16   10.3332907393761
0.872030870870871   3.85709655081338   2.62930192339999   2.16028135105526e-16   10.3332855404192
0.882054214214214   3.85709465351773   2.62930297412971   5.97985024914454e-16   10.3332776448646
0.892077557557557   3.85709179412044   2.62930455362467   6.86319617650442e-16   10.3332657779395
0.902100900900901   3.85708752934586   2.62930690340437   1.2922725091591e-15   10.33324812669
0.912124244244244   3.8570812343942   2.62931036288173   1.91636673158939e-15   10.3332221438208
0.922147587587587   3.85707203929774   2.62931540323817   2.46461165934883e-15   10.3331842938079
0.932170930930931   3.85705874758856   2.62932267053097   2.90449847345485e-15   10.3331297299157
0.942194274274274   3.85703973420462   2.62933303956535   3.32501112445451e-15   10.3330518906992
0.952217617617617   3.85701281973227   2.62934767994319   3.47890696939828e-15   10.3329420055004
0.96224096096096   3.85697511858524   2.62936813540395   3.73176845780762e-15   10.3327885007072
0.972264304304304   3.85692285964383   2.62939641705596   4.02207686674197e-15   10.3325763024694
0.982287647647647   3.85685117930207   2.62943511032214   4.31772337408931e-15   10.332286037437
0.99231099099099   3.85675388884949   2.62948749437063   4.77550576126806e-15   10.3318931410717
1.00233433433433   3.85662322065211   2.62955767147359   4.83989787219776e-15   10.3313668931488
1.01235767767768   3.85644956063839   2.62965070217488   5.05195955571809e-15   10.3306694119331
1.02238102102102   3.8562211779982   2.62977274043135   4.82711962218893e-15   10.3297546515694
1.03240436436436   3.85592396653535   2.62993116115125   4.32274017361122e-15   10.3285674605035
1.04242770770771   3.85554121545279   2.63013467095872   3.68788815127843e-15   10.3270427709646
1.05245105105105   3.85505343009753   2.63039339176978   3.06317860707232e-15   10.3251049991079
1.06247439439439   3.85443822491049   2.63071890609114   2.68789041462989e-15   10.32266774068
1.07249773773774   3.85367031108729   2.63112425305196   2.63679382992186e-15   10.319633846421
1.08252108108108   3.85272159990667   2.63162386520673   2.99372288200623e-15   10.3158959536097
1.09254442442442   3.85156143911196   2.63223343817805   3.22345520983824e-15   10.3113375345402
1.10256776776777   3.850156994132   2.63296972820875   3.80017213348501e-15   10.30583449945
1.11259111111111   3.84847377853516   2.63385027650536   3.96340511254115e-15   10.2992573616248
1.12261445445445   3.8464763294077   2.63489306360265   3.95419248041924e-15   10.2914739381486
1.1326377977978   3.84412901403466   2.63611610149152   4.62025572066874e-15   10.2823525238874
1.14266114114114   3.84139694517618   2.63753697550617   5.27803011378667e-15   10.2717654421264
1.15268448448449   3.83824697425082   2.63917235154323   5.93927835671332e-15   10.2595928461768
1.16270782782783   3.83464872565217   2.64103746673139   6.23286130435263e-15   10.2457266251916
1.17273117117117   3.83057563183398   2.64314562294451   6.36736075032627e-15   10.2300742564899
1.18275451451452   3.8260059280198   2.64550770246424   6.34025277922295e-15   10.212562446853
1.19277785785786   3.82092356742274   2.64813172371746   6.24380135625545e-15   10.1931404162392
1.2028012012012   3.81531902238059   2.65102245255314   6.2223277736876e-15   10.1717826976547
1.21282454454455   3.80918994324446   2.65418108130301   6.16822698346899e-15   10.1484913540816
1.22284788788789   3.80254165445564   2.65760498427477   6.15440923130652e-15   10.123297544353
1.23287123123123   3.79538747519314   2.66128755474271   5.77909175751099e-15   10.0962624014974
1.24289457457458   3.78774885950181   2.66521812527676   5.46767673950418e-15   10.0674772164038
1.25291791791792   3.77965535727749   2.66938197065433   5.42765314438476e-15   10.0370629443133
1.26294126126126   3.77114440244811   2.67376039079373   5.05992751700865e-15   10.0051690700751
1.27296460460461   3.7622609379277   2.67833087018543   4.67355130655901e-15   9.97197187963444
1.28298794794795   3.75305688845235   2.68306731011995   4.40979849012882e-15   9.93767219007161
1.29301129129129   3.7435904924597   2.68794033046318   4.0537839746177e-15   9.90249258970101
1.30303463463464   3.73392550315721   2.69291763857559   3.80258677131309e-15   9.86667423490014
1.31305797797798   3.72413026738437   2.69796446391425   3.86164705041069e-15   9.83047324358741
1.32308132132132   3.71427668944104   2.70304405756181   3.76254672435162e-15   9.79415671895659
1.33310466466467   3.70443908639163   2.70811825604612   3.81050925376821e-15   9.75799843362774
1.34312800800801   3.69469294209363   2.71314810802088   4.02416468959921e-15   9.72227420603004
1.35315135135135   3.68511356986686   2.71809456039783   4.11805728062362e-15   9.6872570094144
1.3631746946947   3.6757746986567   2.72291919718766   4.07533648132165e-15   9.65321187050918
1.37319803803804   3.66674700481019   2.72758501961207   4.24577943474672e-15   9.62039063956806
1.38322138138138   3.65809662086562   2.73205725019758   4.30747108253044e-15   9.58902674517525
1.39324472472473   3.64988366330141   2.73630413701606   4.11222978182174e-15   9.55933008288683
1.40326806806807   3.64216083178104   2.74029772772889   4.06769333053883e-15   9.53148222222132
1.41329141141141   3.63497214144854   2.74401457758869   3.90091407086889e-15   9.50563214592976
1.42331475475476   3.62835185540774   2.74743635215669   4.08091343194523e-15   9.48189275236732
1.4333380980981   3.62232368482482   2.75055028527808   4.07847024460933e-15   9.46033834984434
1.44336144144144   3.6169003176752   2.75334945665193   3.92221570729672e-15   9.44100334618921
1.45338478478479   3.61208332332199   2.75583286149528   4.08089995598944e-15   9.42388228529692
1.46340812812813   3.60786345924221   2.75800525704809   4.19167909795186e-15   9.40893130685819
1.47343147147147   3.60422137989773   2.75987678598927   4.51235715378233e-15   9.39607101170573
1.48345481481482   3.60112871867844   2.76146239358961   4.97742688225472e-15   9.38519061304859
1.49347815815816   3.5985494854704   2.76278107156288   5.52758788436045e-15   9.37615315555785
1.50350150150151   3.59644169834362   2.76385497498758   5.81494132860949e-15   9.36880150253192
1.51352484484485   3.59475915125955   2.76470846759146   6.40171082041349e-15   9.36296473704409
1.52354818818819   3.59345321265259   2.76536715402195   6.70116273576879e-15   9.35846460299411
1.53357153153154   3.59247455290189   2.76585695523174   7.10597921938737e-15   9.35512162813606
1.54359487487488   3.59177471123878   2.766203275418   7.69943340938788e-15   9.35276061991655
1.55361821821822   3.59130743242403   2.76643029739384   8.37500226965026e-15   9.35121529841398
1.56364156156157   3.59102972766104   2.76656042957097   8.71239580611284e-15   9.35033191819346
1.57366490490491   3.59090263951655   2.76661391370091   8.88938716781464e-15   9.34997182116522
1.58368824824825   3.59089171420611   2.76660858974009   8.98927000664187e-15   9.35001294540622
1.5937115915916   3.59096720424134   2.76655980383106   8.70584384886679e-15   9.35035038275447
1.60373493493494   3.59110403878052   2.76648043807063   8.79717007334372e-15   9.3508961263843
1.61375827827828   3.59128160761526   2.76638103660732   8.9363290916007e-15   9.35157817728812
1.62378162162163   3.59148340787449   2.76627000141428   9.06229227967509e-15   9.35233918707543
1.63380496496497   3.59169660108979   2.76615383227995   9.03302621135552e-15   9.35313480707354
1.64382830830831   3.59191152340541   2.76603738847725   9.0214624331707e-15   9.3539318946851
1.65385165165166   3.59212118467338   2.76592415352465   9.03429157577506e-15   9.35470670182576
1.663874994995   3.59232078409701   2.76581648882435   8.831788224132e-15   9.35544314112671
1.67389833833834   3.5925072619141   2.76571586626303   8.85074778706438e-15   9.35613119675994
1.68392168168169   3.59267889902657   2.76562307374191   8.75985458036783e-15   9.35676552060911
1.69394502502503   3.59283496990119   2.76553839085672   8.51498744677105e-15   9.35734423251794
1.70396836836837   3.59297544866922   2.76546173448748   8.14046015801896e-15   9.35786792614018
1.71399171171172   3.59310076413299   2.76539277588527   7.89664389978933e-15   9.3583388695013
1.72401505505506   3.59321159620853   2.76533103202659   7.66987418177127e-15   9.35876038133041
1.7340383983984   3.59330870397903   2.7652759346476   7.02445050999952e-15   9.35913635984724
1.74406174174175   3.5933927737637   2.76522688058914   6.24971868761594e-15   9.35947093919764
1.75408508508509   3.59346427419499   2.76518326699542   5.53824477920484e-15   9.35976824933173
1.76410842842843   3.59352330406758   2.76514451461924   4.87676724199876e-15   9.36003225709985
1.77413177177178   3.59356941758082   2.7651100820819   4.29915541795394e-15   9.3602666691066
1.78415511511512   3.59360141054283   2.76507947348387   3.74867163150374e-15   9.3604748799526
1.79417845845846   3.59361705025932   2.76505224131151   2.91758191619648e-15   9.36065995257452
1.80420180180181   3.59361273142865   2.76502798616743   2.16069157757149e-15   9.36082462024999
1.81422514514515   3.59358304076194   2.76500635448507   1.39458066769339e-15   9.36097130234084
1.82424848848849   3.59352021469182   2.76498703508003   1.02984740031216e-15   9.36110212795389
1.83427183183184   3.59341347793713   2.76496975514177   8.9418286661375e-16   9.36121896340093
1.84429517517518   3.5932482563665   2.76495427607438   8.15432110282244e-16   9.36132344066798
1.85431851851853   3.59300526599417   2.76494038944881   7.71465743554781e-16   9.36141698510692
1.86434186186187   3.59265949131849   2.7649279132217   6.13926123651065e-16   9.3615008412923
1.87436520520521   3.59217908058085   2.76491668830089   6.56300318605416e-16   9.36157609650039
1.88438854854856   3.59152420250845   2.764906575487   9.87490769368202e-16   9.36164370161234
1.8944118918919   3.59064592787766   2.76489745278843   1.29116550337934e-15   9.36170448946364
1.90443523523524   3.58948521846236   2.76488921308761   1.78555740893138e-15   9.361759190793
1.91445857857859   3.58797212378219   2.76488176212669   1.8991961915983e-15   9.3618084480111
1.92448192192193   3.58602530029718   2.76487501677684   2.19311680297324e-15   9.36185282703671
1.93450526526527   3.5835519758141   2.76486890355495   2.72709059737477e-15   9.36189282744784
1.94452860860862   3.58044848138046   2.76486335735412   3.03004768839059e-15   9.36192889118114
1.95455195195196   3.5766014616516   2.76485832035696   3.1552661003809e-15   9.36196140999001
1.9645752952953   3.57188985108482   2.76485374110478   3.00776433234381e-15   9.36199073184627
1.97459863863865   3.56618766679587   2.76484957369932   2.24222003196296e-15   9.36201716644468
1.98462198198199   3.55936762024017   2.76484577711687   1.73557905658051e-15   9.36204098994564
1.99464532532533   3.55130549124503   2.76484231461799   1.16213798412233e-15   9.36206244906983
2.00466866866868   3.54188514299329   2.76483915323826   3.80433985046321e-16   9.36208176464014
2.01469201201202   3.53100399033537   2.76483626334817   -3.8210702869399e-16   9.36209913465022
2.02471535535536   3.51857867224   2.76483361827178   -1.04602664913095e-15   9.36211473692614
2.03473869869871   3.50455062866225   2.7648311939555   -1.86734017753942e-15   9.36212873143676
2.04476204204205   3.48889124875089   2.76482896867958   -2.79139535458992e-15   9.3621412622997
2.05478538538539   3.47160624630947   2.76482692280602   -3.18088693314552e-15   9.36215245952282
2.06480872872874   3.45273893328518   2.76482503855762   -3.3287606413906e-15   9.36216244051545
2.07483207207208   3.43237210408453   2.76482329982333   -3.46703463571009e-15   9.36217131139929
2.08485541541542   3.41062831143008   2.76482169198626   -3.67721653560735e-15   9.36217916814484
2.09487875875877   3.38766840435914   2.76482020177072   -3.74787449713065e-15   9.36218609755675
2.10490210210211   3.36368830449475   2.76481881710571   -3.47939712674338e-15   9.36219217812851
2.11492544544545   3.33891410968623   2.76481752700229   -3.1322784061697e-15   9.36219748078484
2.1249487887888   3.31359572521929   2.76481632144297   -2.60888632880029e-15   9.36220206952819
2.13497213213214   3.28799932257164   2.76481519128135   -2.13720237285606e-15   9.362206002004
2.14499547547548   3.26239900550151   2.76481412815075   -1.45371725730448e-15   9.36220932999728
2.15501881881883   3.23706811619743   2.76481312438068   -1.10338274286433e-15   9.36221209987177
2.16504216216217   3.21227063583778   2.76481217292019   -7.14717419942152e-16   9.36221435296117
2.17506550550551   3.18825312265935   2.76481126726732   3.86410865862835e-17   9.36221612592026
2.18508884884886   3.16523758798842   2.76481040140404   6.81201015009767e-16   9.36221745104217
2.1951121921922   3.14341564092511   2.76480956973603   1.08543254817353e-15   9.36221835654677
2.20513553553555   3.12294414206318   2.76480876703678   9.71399003470296e-16   9.36221886684332
2.21515887887889   3.1039425038899   2.76480798839546   9.54140609954888e-16   9.36221900276912
2.22518222222223   3.08649166913492   2.76480722916781   7.90188215719058e-16   9.36221878180415
2.23520556556558   3.07063469688982   2.76480648492938   5.86161105615369e-16   9.36221821825883
2.24522890890892   3.05637879733166   2.76480575142972   3.10573234048721e-16   9.36221732342933
2.25525225225226   3.04369858520604   2.76480502454565   -2.24506768532611e-16   9.3622161057075
2.26527559559561   3.03254027361777   2.76480430023002   -9.97322980015476e-16   9.36221457062275
2.27529893893895   3.02282650464972   2.76480357444979   -1.72258064573645e-15   9.36221272077099
2.28532228228229   3.01446151123172   2.76480284310147   -2.48021369792965e-15   9.36221055554803
2.29534562562564   3.00733632300063   2.76480210188204   -3.23525034821643e-15   9.36220807052808
2.30536896896898   3.00133376371259   2.76480134607325   -4.40488918266858e-15   9.36220525618599
2.31539231231232   2.9963330342993   2.7648005701596   -5.17932770892252e-15   9.36220209538688
2.32541565565567   2.99221372879293   2.76479976712784   -5.33641855630323e-15   9.36219855854386
2.33543899899901   2.98885918514074   2.76479892715768   -5.6259164321614e-15   9.36219459434418
2.34546234234235   2.98615912501879   2.76479803514997   -5.77324815964193e-15   9.36219011203545
2.3554856856857   2.98401158257485   2.76479706603476   -5.76165608964758e-15   9.36218494761889
2.36550902902904   2.98232415891335   2.76479597584152   -5.87970406106418e-15   9.36217879934197
2.37553237237238   2.98101466518221   2.76479468468005   -5.71743424370222e-15   9.36217110461018
2.38555571571573   2.98001123084785   2.76479304428309   -5.67723205683599e-15   9.36216080511671
2.39557905905907   2.97925195339759   2.76479077608768   -5.53112614423532e-15   9.36214589867672
2.40560240240241   2.97868414805787   2.76478735310123   -5.74155301017489e-15   9.36212258409476
2.41562574574576   2.97826321433439   2.76478177451047   -5.79926390686428e-15   9.36208362959534
2.4256490890891   2.97795105600421   2.76477213566243   -5.66791111461484e-15   9.36201526003879
2.43567243243244   2.97771384384395   2.76475480767246   -5.9022133010103e-15   9.36189121866817
2.44569577577579   2.97751863929921   2.76472287234752   -6.16996566943818e-15   9.36166143982842
2.45571911911913   2.97732789308444   2.76466313659925   -6.65003922329646e-15   9.36123044511064
2.46574246246247   2.97708988575967   2.76455043733884   -7.08775142054008e-15   9.36041614905181
2.47576580580582   2.97672138877696   2.7643367785769   -7.3150305651184e-15   9.35887134158361
2.48578914914916   2.9760754403108   2.76393061342992   -7.80336826163988e-15   9.35593414340041
2.4958124924925   2.97488073971633   2.76315733678622   -8.20251766693291e-15   9.35034358540895
2.50583583583585   2.97262717891089   2.7616839711851   -8.55007718007138e-15   9.33970012109129
2.51585917917919   2.96834988058525   2.75887567513718   -8.61339782243513e-15   9.31944760158538
2.52588252252253   2.96022442254951   2.75352265835993   -9.0232047803911e-15   9.2809713398662
2.53590586586588   2.94481937306932   2.74332159354104   -9.0065808944784e-15   9.20811378170189
2.54592920920922   2.91575769230723   2.72389516937604   -8.98778304796112e-15   9.0710389162593
2.55595255255257   2.86146974589132   2.68695595805211   -8.65174206338633e-15   8.81630782870796
2.56597589589591   2.76195383825395   2.61694290609794   -8.23529054880229e-15   8.35389961602956
2.57599923923925   2.58596398792159   2.48520969923717   -7.74730998398962e-15   7.55082568782441
2.5860225825826   2.29518382207408   2.24175375783595   -6.79578432024116e-15   6.26685437319878
2.59604592592594   1.87213779164341   1.81290197865817   -4.97399454106026e-15   4.50456092742591
2.60606926926928   1.38418463268077   1.1532149617833   -2.40970525271284e-15   2.66860000406681
2.61609261261263   1.00630056753397   0.448652779838199   -5.6139770346989e-16   1.47595025197724
2.62611595595597   0.843005539076225   0.0906457651111883   2.25145857598241e-16   1.08110924821959
2.63613929929931   0.806196848620758   0.012753005756334   2.43383410240174e-18   1.01095001593406
2.64616264264266   0.800806072538989   0.00165658389108385   1.13143687615423e-21   1.00141228283614
2.656185985986   0.800103486738557   0.000212672274896907   3.45861949368021e-26   1.00018112880101
2.66620932932934   0.80001326504354   2.72605291043172e-05   8.05737495154756e-32   1.00002321426938
2.67623267267269   0.800001699985759   3.49358115864137e-06   1.52970519292971e-38   1.00000297498235
2.68625601601603   0.800000217856508   4.47709277830824e-07   2.47724758189556e-46   1.00000038124901
2.69627935935937   0.800000027918633   5.73746070410106e-08   3.51400032822393e-55   1.00000004885761
2.70630270270272   0.800000003577811   7.35263361480599e-09   4.40689138250528e-65   1.00000000626117
2.71632604604606   0.800000000458501   9.42248833871167e-10   4.8626929030465e-76   1.00000000080237
2.7263493893894   0.800000000058757   1.20749776446126e-10   4.66555930831093e-88   1.00000000010282
2.73637273273275   0.80000000000753   1.54738139956232e-11   3.91724512560061e-101   1.00000000001318
2.74639607607609   0.800000000000965   1.98266257363535e-12   2.9478501623237e-115   1.00000000000169
2.75641941941943   0.800000000000124   2.53789851383979e-13   2.02947464397598e-130   1.00000000000022
2.76644276276278   0.800000000000016   3.22503683449166e-14   1.25327388380478e-146   1.00000000000003
2.77646610610612   0.800000000000002   3.95225079511585e-15   6.57895713897388e-164   1
2.78648944944946   0.8   3.87320545436793e-16   2.52436842444243e-182   1
2.79651279279281   0.8   3.16179920421303e-17   4.23153902077211e-202   1
2.80653613613615   0.8   0   0   1
2.81655947947949   0.8   0   0   1
2.82658282282284   0.8   0   0   1
2.83660616616618   0.8   0   0   1
2.84662950950952   0.8   0   0   1
2.85665285285287   0.8   0   0   1
2.86667619619621   0.8   0   0   1
2.87669953953955   0.8   0   0   1
2.8867228828829   0.8   0   0   1
2.89674622622624   0.8   0   0   1
2.90676956956958   0.8   0   0   1
2.91679291291293   0.8   0   0   1
2.92681625625627   0.8   0   0   1
2.93683959959962   0.8   0   0   1
2.94686294294296   0.8   0   0   1
2.9568862862863   0.8   0   0   1
2.96690962962965   0.8   0   0   1
2.97693297297299   0.8   0   0   1
2.98695631631633   0.8   0   0   1
2.99697965965968   0.8   0   0   1
3.00700300300302   0.8   0   0   1
3.01702634634636   0.8   0   0   1
3.02704968968971   0.8   0   0   1
3.03707303303305   0.8   0   0   1
3.04709637637639   0.8   0   0   1
3.05711971971974   0.8   0   0   1
3.06714306306308   0.8   0   0   1
3.07716640640642   0.8   0   0   1
3.08718974974977   0.8   0   0   1
3.09721309309311   0.8   0   0   1
3.10723643643645   0.8   0   0   1
3.1172597797798   0.8   0   0   1
3.12728312312314   0.8   0   0   1
3.13730646646648   0.8   0   0   1
3.14732980980983   0.8   0   0   1
3.15735315315317   0.8   0   0   1
3.16737649649651   0.8   0   0   1
3.17739983983986   0.8   0   0   1
3.1874231831832   0.8   0   0   1
3.19744652652654   0.8   0   0   1
3.20746986986989   0.8   0   0   1
3.21749321321323   0.8   0   0   1
3.22751655655657   0.8   0   0   1
3.23753989989992   0.8   0   0   1
3.24756324324326   0.8   0   0   1
3.2575865865866   0.8   0   0   1
3.26760992992995   0.8   0   0   1
3.27763327327329   0.8   0   0   1
3.28765661661664   0.8   0   0   1
3.29767995995998   0.8   0   0   1
3.30770330330332   0.8   0   0   1
3.31772664664667   0.8   0   0   1
3.32774998999001   0.8   0   0   1
3.33777333333335   0.8   0   0   1
3.3477966766767   0.8   0   0   1
3.35782002002004   0.8   0   0   1
3.36784336336338   0.8   0   0   1
3.37786670670673   0.8   0   0   1
3.38789005005007   0.8   0   0   1
3.39791339339341   0.8   0   0   1
3.40793673673676   0.8   0   0   1
3.4179600800801   0.8   0   0   1
3.42798342342344   0.8   0   0   1
3.43800676676679   0.8   0   0   1
3.44803011011013   0.8   0   0   1
3.45805345345347   0.8   0   0   1
3.46807679679682   0.8   0   0   1
3.47810014014016   0.8   0   0   1
3.4881234834835   0.8   0   0   1
3.49814682682685   0.8   0   0   1
3.50817017017019   0.8   0   0   1
3.51819351351353   0.8   0   0   1
3.52821685685688   0.8   0   0   1
3.53824020020022   0.8   0   0   1
3.54826354354356   0.8   0   0   1
3.55828688688691   0.8   0   0   1
3.56831023023025   0.8   0   0   1
3.57833357357359   0.8   0   0   1
3.58835691691694   0.8   0   0   1
3.59838026026028   0.8   0   0   1
3.60840360360362   0.8   0   0   1
3.61842694694697   0.8   0   0   1
3.62845029029031   0.8   0   0   1
3.63847363363366   0.8   0   0   1
3.648496976977   0.8   0   0   1
3.65852032032034   0.8   0   0   1
3.66854366366369   0.8   0   0   1
3.67856700700703   0.8   0   0   1
3.68859035035037   0.8   0   0   1
3.69861369369372   0.8   0   0   1
3.70863703703706   0.8   0   0   1
3.7186603803804   0.8   0   0   1
3.72868372372375   0.8   0   0   1
3.73870706706709   0.8   0   0   1
3.74873041041043   0.8   0   0   1
3.75875375375378   0.8   0   0   1
3.76877709709712   0.8   0   0   1
3.77880044044046   0.8   0   0   1
3.78882378378381   0.8   0   0   1
3.79884712712715   0.8   0   0   1
3.80887047047049   0.8   0   0   1
3.81889381381384   0.8   0   0   1
3.82891715715718   0.8   0   0   1
3.83894050050052   0.8   0   0   1
3.84896384384387   0.8   0   0   1
3.85898718718721   0.8   0   0   1
3.86901053053055   0.8   0   0   1
3.8790338738739   0.8   0   0   1
3.88905721721724   0.8   0   0   1
3.89908056056058   0.8   0   0   1
3.90910390390393   0.8   0   0   1
3.91912724724727   0.8   0   0   1
3.92915059059061   0.8   0   0   1
3.93917393393396   0.8   0   0   1
3.9491972772773   0.8   0   0   1
3.95922062062064   0.8   0   0   1
3.96924396396399   0.8   0   0   1
3.97926730730733   0.8   0   0   1
3.98929065065068   0.8   0   0   1
3.99931399399402   0.8   0   0   1
4.00933733733736   0.8   0   0   1
4.01936068068071   0.8   0   0   1
4.02938402402405   0.8   0   0   1
4.03940736736739   0.8   0   0   1
4.04943071071074   0.8   0   0   1
4.05945405405408   0.8   0   0   1
4.06947739739742   0.8   0   0   1
4.07950074074077   0.8   0   0   1
4.08952408408411   0.8   0   0   1
4.09954742742745   0.8   0   0   1
4.1095707707708   0.8   0   0   1
4.11959411411414   0.8   0   0   1
4.12961745745748   0.8   0   0   1
4.13964080080083   0.8   0   0   1
4.14966414414417   0.8   0   0   1
4.15968748748751   0.8   0   0   1
4.16971083083086   0.8   0   0   1
4.1797341741742   0.8   0   0   1
4.18975751751754   0.8   0   0   1
4.19978086086089   0.8   0   0   1
4.20980420420423   0.8   0   0   1
4.21982754754757   0.8   0   0   1
4.22985089089092   0.8   0   0   1
4.23987423423426   0.8   0   0   1
4.2498975775776   0.8   0   0   1
4.25992092092095   0.8   0   0   1
4.26994426426429   0.8   0   0   1
4.27996760760763   0.8   0   0   1
4.28999095095098   0.8   0   0   1
4.30001429429432   0.8   0   0   1
4.31003763763766   0.8   0   0   1
4.32006098098101   0.8   0   0   1
4.33008432432435   0.8   0   0   1
4.3401076676677   0.8   0   0   1
4.35013101101104   0.8   0   0   1
4.36015435435438   0.8   0   0   1
4.37017769769773   0.8   0   0   1
4.38020104104107   0.8   0   0   1
4.39022438438441   0.8   0   0   1
4.40024772772776   0.8   0   0   1
4.4102710710711   0.8   0   0   1
4.42029441441444   0.8   0   0   1
4.43031775775779   0.8   0   0   1
4.44034110110113   0.8   0   0   1
4.45036444444447   0.8   0   0   1
4.46038778778782   0.8   0   0   1
4.47041113113116   0.8   0   0   1
4.4804344744745   0.8   0   0   1
4.49045781781785   0.8   0   0   1
4.50048116116119   0.8   0   0   1
4.51050450450453   0.8   0   0   1
4.52052784784788   0.8   0   0   1
4.53055119119122   0.8   0   0   1
4.54057453453456   0.8   0   0   1
4.55059787787791   0.8   0   0   1
4.56062122122125   0.8   0   0   1
4.57064456456459   0.8   0   0   1
4.58066790790794   0.8   0   0   1
4.59069125125128   0.8   0   0   1
4.60071459459462   0.8   0   0   1
4.61073793793797   0.8   0   0   1
4.62076128128131   0.8   0   0   1
4.63078462462465   0.8   0   0   1
4.640807967968   0.8   0   0   1
4.65083131131134   0.8   0   0   1
4.66085465465468   0.8   0   0   1
4.67087799799803   0.8   0   0   1
4.68090134134137   0.8   0   0   1
4.69092468468472   0.8   0   0   1
4.70094802802806   0.8   0   0   1
4.7109713713714   0.8   0   0   1
4.72099471471475   0.8   0   0   1
4.73101805805809   0.8   0   0   1
4.74104140140143   0.8   0   0   1
4.75106474474478   0.8   0   0   1
4.76108808808812   0.8   0   0   1
4.77111143143146   0.8   0   0   1
4.78113477477481   0.8   0   0   1
4.79115811811815   0.8   0   0   1
4.80118146146149   0.8   0   0   1
4.81120480480484   0.8   0   0   1
4.82122814814818   0.8   0   0   1
4.83125149149152   0.8   0   0   1
4.84127483483487   0.8   0   0   1
4.85129817817821   0.8   0   0   1
4.86132152152155   0.8   0   0   1
4.8713448648649   0.8   0   0   1
4.88136820820824   0.8   0   0   1
4.89139155155158   0.8   0   0   1
4.90141489489493   0.8   0   0   1
4.91143823823827   0.8   0   0   1
4.92146158158161   0.8   0   0   1
4.93148492492496   0.8   0   0   1
4.9415082682683   0.8   0   0   1
4.95153161161164   0.8   0   0   1
4.96155495495499   0.8   0   0   1
4.97157829829833   0.8   0   0   1
4.98160164164167   0.8   0   0   1
4.99162498498502   0.8   0   0   1
5.00164832832836   0.8   0   0   1
5.0116716716717   0.8   0   0   1
5.02169501501505   0.8   0   0   1
5.03171835835839   0.8   0   0   1
5.04174170170173   0.8   0   0   1
5.05176504504508   0.8   0   0   1
5.06178838838842   0.8   0   0   1
5.07181173173177   0.8   0   0   1
5.08183507507511   0.8   0   0   1
5.09185841841845   0.8   0   0   1
5.1018817617618   0.8   0   0   1
5.11190510510514   0.8   0   0   1
5.12192844844848   0.8   0   0   1
5.13195179179183   0.8   0   0   1
5.14197513513517   0.8   0   0   1
5.15199847847851   0.8   0   0   1
5.16202182182186   0.8   0   0   1
5.1720451651652   0.8   0   0   1
5.18206850850854   0.8   0   0   1
5.19209185185189   0.8   0   0   1
5.20211519519523   0.8   0   0   1
5.21213853853857   0.8   0   0   1
5.22216188188192   0.8   0   0   1
5.23218522522526   0.8   0   0   1
5.2422085685686   0.8   0   0   1
5.25223191191195   0.8   0   0   1
5.26225525525529   0.8   0   0   1
5.27227859859863   0.8   0   0   1
5.28230194194198   0.8   0   0   1
5.29232528528532   0.8   0   0   1
5.30234862862866   0.8   0   0   1
5.31237197197201   0.8   0   0   1
5.32239531531535   0.8   0   0   1
5.33241865865869   0.8   0   0   1
5.34244200200204   0.8   0   0   1
5.35246534534538   0.8   0   0   1
5.36248868868872   0.8   0   0   1
5.37251203203207   0.8   0   0   1
5.38253537537541   0.8   0   0   1
5.39255871871875   0.8   0   0   1
5.4025820620621   0.8   0   0   1
5.41260540540544   0.8   0   0   1
5.42262874874879   0.8   0   0   1
5.43265209209213   0.8   0   0   1
5.44267543543547   0.8   0   0   1
5.45269877877882   0.8   0   0   1
5.46272212212216   0.8   0   0   1
5.4727454654655   0.8   0   0   1
5.48276880880885   0.8   0   0   1
5.49279215215219   0.8   0   0   1
5.50281549549553   0.8   0   0   1
5.51283883883888   0.8   0   0   1
5.52286218218222   0.8   0   0   1
5.53288552552556   0.8   0   0   1
5.54290886886891   0.8   0   0   1
5.55293221221225   0.8   0   0   1
5.56295555555559   0.8   0   0   1
5.57297889889894   0.8   0   0   1
5.58300224224228   0.8   0   0   1
5.59302558558562   0.8   0   0   1
5.60304892892897   0.8   0   0   1
5.61307227227231   0.8   0   0   1
5.62309561561565   0.8   0   0   1
5.633118958959   0.8   0   0   1
5.64314230230234   0.8   0   0   1
5.65316564564568   0.8   0   0   1
5.66318898898903   0.8   0   0   1
5.67321233233237   0.8   0   0   1
5.68323567567571   0.8   0   0   1
5.69325901901906   0.8   0   0   1
5.7032823623624   0.8   0   0   1
5.71330570570574   0.8   0   0   1
5.72332904904909   0.8   0   0   1
5.73335239239243   0.8   0   0   1
5.74337573573577   0.8   0   0   1
5.75339907907912   0.8   0   0   1
5.76342242242246   0.8   0   0   1
5.77344576576581   0.8   0   0   1
5.78346910910915   0.8   0   0   1
5.79349245245249   0.8   0   0   1
5.80351579579584   0.8   0   0   1
5.81353913913918   0.8   0   0   1
5.82356248248252   0.8   0   0   1
5.83358582582587   0.8   0   0   1
5.84360916916921   0.8   0   0   1
5.85363251251255   0.8   0   0   1
5.8636558558559   0.8   0   0   1
5.87367919919924   0.8   0   0   1
5.88370254254258   0.8   0   0   1
5.89372588588593   0.8   0   0   1
5.90374922922927   0.8   0   0   1
5.91377257257261   0.8   0   0   1
5.92379591591596   0.8   0   0   1
5.9338192592593   0.8   0   0   1
5.94384260260264   0.8   0   0   1
5.95386594594599   0.8   0   0   1
5.96388928928933   0.8   0   0   1
5.97391263263267   0.8   0   0   1
5.98393597597602   0.8   0   0   1
5.99395931931936   0.8   0   0   1
6.0039826626627   0.8   0   0   1
6.01400600600605   0.8   0   0   1
6.02402934934939   0.8   0   0   1
6.03405269269273   0.8   0   0   1
6.04407603603608   0.8   0   0   1
6.05409937937942   0.8   0   0   1
6.06412272272276   0.8   0   0   1
6.07414606606611   0.8   0   0   1
6.08416940940945   0.8   0   0   1
6.09419275275279   0.8   0   0   1
6.10421609609614   0.8   0   0   1
6.11423943943948   0.8   0   0   1
6.12426278278283   0.8   0   0   1
6.13428612612617   0.8   0   0   1
6.14430946946951   0.8   0   0   1
6.15433281281286   0.8   0   0   1
6.1643561561562   0.8   0   0   1
6.17437949949954   0.8   0   0   1
6.18440284284289   0.8   0   0   1
6.19442618618623   0.8   0   0   1
6.20444952952957   0.8   0   0   1
6.21447287287292   0.8   0   0   1
6.22449621621626   0.8   0   0   1
6.2345195595596   0.8   0   0   1
6.24454290290295   0.8   0   0   1
6.25456624624629   0.8   0   0   1
6.26458958958963   0.8   0   0   1
6.27461293293298   0.8   0   0   1
6.28463627627632   0.8   0   0   1
6.29465961961966   0.8   0   0   1
6.30468296296301   0.8   0   0   1
6.31470630630635   0.8   0   0   1
6.32472964964969   0.8   0   0   1
6.33475299299304   0.8   0   0   1
6.34477633633638   0.8   0   0   1
6.35479967967972   0.8   0   0   1
6.36482302302307   0.8   0   0   1
6.37484636636641   0.8   0   0   1
6.38486970970975   0.8   0   0   1
6.3948930530531   0.8   0   0   1
6.40491639639644   0.8   0   0   1
6.41493973973978   0.8   0   0   1
6.42496308308313   0.8   0   0   1
6.43498642642647   0.8   0   0   1
6.44500976976981   0.8   0   0   1
6.45503311311316   0.8   0   0   1
6.4650564564565   0.8   0   0   1
6.47507979979985   0.8   0   0   1
6.48510314314319   0.8   0   0   1
6.49512648648653   0.8   0   0   1
6.50514982982988   0.8   0   0   1
6.51517317317322   0.8   0   0   1
6.52519651651656   0.8   0   0   1
6.53521985985991   0.8   0   0   1
6.54524320320325   0.8   0   0   1
6.55526654654659   0.8   0   0   1
6.56528988988994   0.8   0   0   1
6.57531323323328   0.8   0   0   1
6.58533657657662   0.8   0   0   1
6.59535991991997   0.8   0   0   1
6.60538326326331   0.8   0   0   1
6.61540660660665   0.8   0   0   1
6.62542994995   0.8   0   0   1
6.63545329329334   0.8   0   0   1
6.64547663663668   0.8   0   0   1
6.65549997998003   0.8   0   0   1
6.66552332332337   0.8   0   0   1
6.67554666666671   0.8   0   0   1
6.68557001001006   0.8   0   0   1
6.6955933533534   0.8   0   0   1
6.70561669669674   0.8   0   0   1
6.71564004004009   0.8   0   0   1
6.72566338338343   0.8   0   0   1
6.73568672672677   0.8   0   0   1
6.74571007007012   0.8   0   0   1
6.75573341341346   0.8   0   0   1
6.7657567567568   0.8   0   0   1
6.77578010010015   0.8   0   0   1
6.78580344344349   0.8   0   0   1
6.79582678678683   0.8   0   0   1
6.80585013013018   0.8   0   0   1
6.81587347347352   0.8   0   0   1
6.82589681681686   0.8   0   0   1
6.83592016016021   0.8   0   0   1
6.84594350350355   0.8   0   0   1
6.8559668468469   0.8   0   0   1
6.86599019019024   0.8   0   0   1
6.87601353353358   0.8   0   0   1
6.88603687687693   0.8   0   0   1
6.89606022022027   0.8   0   0   1
6.90608356356361   0.8   0   0   1
6.91610690690696   0.8   0   0   1
6.9261302502503   0.8   0   0   1
6.93615359359364   0.8   0   0   1
6.94617693693699   0.8   0   0   1
6.95620028028033   0.8   0   0   1
6.96622362362367   0.8   0   0   1
6.97624696696702   0.8   0   0   1
6.98627031031036   0.8   0   0   1
6.9962936536537   0.8   0   0   1
7.00631699699705   0.8   0   0   1
7.01634034034039   0.8   0   0   1
7.02636368368373   0.8   0   0   1
7.03638702702708   0.8   0   0   1
7.04641037037042   0.8   0   0   1
7.05643371371376   0.8   0   0   1
7.06645705705711   0.8   0   0   1
7.07648040040045   0.8   0   0   1
7.08650374374379   0.8   0   0   1
7.09652708708714   0.8   0   0   1
7.10655043043048   0.8   0   0   1
7.11657377377382   0.8   0   0   1
7.12659711711717   0.8   0   0   1
7.13662046046051   0.8   0   0   1
7.14664380380385   0.8   0   0   1
7.1566671471472   0.8   0   0   1
7.16669049049054   0.8   0   0   1
7.17671383383388   0.8   0   0   1
7.18673717717723   0.8   0   0   1
7.19676052052057   0.8   0   0   1
7.20678386386392   0.8   0   0   1
7.21680720720726   0.8   0   0   1
7.2268305505506   0.8   0   0   1
7.23685389389395   0.8   0   0   1
7.24687723723729   0.8   0   0   1
7.25690058058063   0.8   0   0   1
7.26692392392398   0.8   0   0   1
7.27694726726732   0.8   0   0   1
7.28697061061066   0.8   0   0   1
7.29699395395401   0.8   0   0   1
7.30701729729735   0.8   0   0   1
7.31704064064069   0.8   0   0   1
7.32706398398404   0.8   0   0   1
7.33708732732738   0.8   0   0   1
7.34711067067072   0.8   0   0   1
7.35713401401407   0.8   0   0   1
7.36715735735741   0.8   0   0   1
7.37718070070075   0.8   0   0   1
7.3872040440441   0.8   0   0   1
7.39722738738744   0.8   0   0   1
7.40725073073078   0.8   0   0   1
7.41727407407413   0.8   0   0   1
7.42729741741747   0.8   0   0   1
7.43732076076081   0.8   0   0   1
7.44734410410416   0.8   0   0   1
7.4573674474475   0.8   0   0   1
7.46739079079084   0.8   0   0   1
7.47741413413419   0.8   0   0   1
7.48743747747753   0.8   0   0   1
7.49746082082087   0.8   0   0   1
7.50748416416422   0.8   0   0   1
7.51750750750756   0.8   0   0   1
7.5275308508509   0.8   0   0   1
7.53755419419425   0.8   0   0   1
7.54757753753759   0.8   0   0   1
7.55760088088094   0.8   0   0   1
7.56762422422428   0.8   0   0   1
7.57764756756762   0.8   0   0   1
7.58767091091097   0.8   0   0   1
7.59769425425431   0.8   0   0   1
7.60771759759765   0.8   0   0   1
7.617740940941   0.8   0   0   1
7.62776428428434   0.8   0   0   1
7.63778762762768   0.8   0   0   1
7.64781097097103   0.8   0   0   1
7.65783431431437   0.8   0   0   1
7.66785765765771   0.8   0   0   1
7.67788100100106   0.8   0   0   1
7.6879043443444   0.8   0   0   1
7.69792768768774   0.8   0   0   1
7.70795103103109   0.8   0   0   1
7.71797437437443   0.8   0   0   1
7.72799771771777   0.8   0   0   1
7.73802106106112   0.8   0   0   1
7.74804440440446   0.8   0   0   1
7.7580677477478   0.8   0   0   1
7.76809109109115   0.8   0   0   1
7.77811443443449   0.8   0   0   1
7.78813777777783   0.8   0   0   1
7.79816112112118   0.8   0   0   1
7.80818446446452   0.8   0   0   1
7.81820780780786   0.8   0   0   1
7.82823115115121   0.8   0   0   1
7.83825449449455   0.8   0   0   1
7.84827783783789   0.8   0   0   1
7.85830118118124   0.8   0   0   1
7.86832452452458   0.8   0   0   1
7.87834786786792   0.8   0   0   1
7.88837121121127   0.8   0   0   1
7.89839455455461   0.8   0   0   1
7.90841789789796   0.8   0   0   1
7.9184412412413   0.8   0   0   1
7.92846458458464   0.8   0   0   1
7.93848792792799   0.8   0   0   1
7.94851127127133   0.8   0   0   1
7.95853461461467   0.8   0   0   1
7.96855795795802   0.8   0   0   1
7.97858130130136   0.8   0   0   1
7.9886046446447   0.8   0   0   1
7.99862798798805   0.8   0   0   1
8.00865133133139   0.8   0   0   1
8.01867467467473   0.8   0   0   1
8.02869801801808   0.8   0   0   1
8.03872136136142   0.8   0   0   1
8.04874470470476   0.8   0   0   1
8.05876804804811   0.8   0   0   1
8.06879139139145   0.8   0   0   1
8.07881473473479   0.8   0   0   1
8.08883807807814   0.8   0   0   1
8.09886142142148   0.8   0   0   1
8.10888476476482   0.8   0   0   1
8.11890810810817   0.8   0   0   1
8.12893145145151   0.8   0   0   1
8.13895479479485   0.8   0   0   1
8.1489781381382   0.8   0   0   1
8.15900148148154   0.8   0   0   1
8.16902482482488   0.8   0   0   1
8.17904816816823   0.8   0   0   1
8.18907151151157   0.8   0   0   1
8.19909485485491   0.8   0   0   1
8.20911819819826   0.8   0   0   1
8.2191415415416   0.8   0   0   1
8.22916488488494   0.8   0   0   1
8.23918822822829   0.8   0   0   1
8.24921157157163   0.8   0   0   1
8.25923491491498   0.8   0   0   1
8.26925825825832   0.8   0   0   1
8.27928160160166   0.8   0   0   1
8.28930494494501   0.8   0   0   1
8.29932828828835   0.8   0   0   1
8.30935163163169   0.8   0   0   1
8.31937497497504   0.8   0   0   1
8.32939831831838   0.8   0   0   1
8.33942166166172   0.8   0   0   1
8.34944500500507   0.8   0   0   1
8.35946834834841   0.8   0   0   1
8.36949169169175   0.8   0   0   1
8.3795150350351   0.8   0   0   1
8.38953837837844   0.8   0   0   1
8.39956172172178   0.8   0   0   1
8.40958506506513   0.8   0   0   1
8.41960840840847   0.8   0   0   1
8.42963175175181   0.8   0   0   1
8.43965509509516   0.8   0   0   1
8.4496784384385   0.8   0   0   1
8.45970178178184   0.8   0   0   1
8.46972512512519   0.8   0   0   1
8.47974846846853   0.8   0   0   1
8.48977181181187   0.8   0   0   1
8.49979515515522   0.8   0   0   1
8.50981849849856   0.8   0   0   1
8.5198418418419   0.8   0   0   1
8.52986518518525   0.8   0   0   1
8.53988852852859   0.8   0   0   1
8.54991187187193   0.8   0   0   1
8.55993521521528   0.8   0   0   1
8.56995855855862   0.8   0   0   1
8.57998190190196   0.8   0   0   1
8.59000524524531   0.8   0   0   1
8.60002858858865   0.8   0   0   1
8.610051931932   0.8   0   0   1
8.62007527527534   0.8   0   0   1
8.63009861861868   0.8   0   0   1
8.64012196196203   0.8   0   0   1
8.65014530530537   0.8   0   0   1
8.66016864864871   0.8   0   0   1
8.67019199199206   0.8   0   0   1
8.6802153353354   0.8   0   0   1
8.69023867867874   0.8   0   0   1
8.70026202202209   0.8   0   0   1
8.71028536536543   0.8   0   0   1
8.72030870870877   0.8   0   0   1
8.73033205205212   0.8   0   0   1
8.74035539539546   0.8   0   0   1
8.7503787387388   0.8   0   0   1
8.76040208208215   0.8   0   0   1
8.77042542542549   0.8   0   0   1
8.78044876876883   0.8   0   0   1
8.79047211211218   0.8   0   0   1
8.80049545545552   0.8   0   0   1
8.81051879879886   0.8   0   0   1
8.82054214214221   0.8   0   0   1
8.83056548548555   0.8   0   0   1
8.84058882882889   0.8   0   0   1
8.85061217217224   0.8   0   0   1
8.86063551551558   0.8   0   0   1
8.87065885885892   0.8   0   0   1
8.88068220220227   0.8   0   0   1
8.89070554554561   0.8   0   0   1
8.90072888888895   0.8   0   0   1
8.9107522322323   0.8   0   0   1
8.92077557557564   0.8   0   0   1
8.93079891891898   0.8   0   0   1
8.94082226226233   0.8   0   0   1
8.95084560560567   0.8   0   0   1
8.96086894894901   0.8   0   0   1
8.97089229229236   0.8   0   0   1
8.9809156356357   0.8   0   0   1
8.99093897897905   0.8   0   0   1
9.00096232232239   0.8   0   0   1
9.01098566566573   0.8   0   0   1
9.02100900900908   0.8   0   0   1
9.03103235235242   0.8   0   0   1
9.04105569569576   0.8   0   0   1
9.05107903903911   0.8   0   0   1
9.06110238238245   0.8   0   0   1
9.07112572572579   0.8   0   0   1
9.08114906906914   0.8   0   0   1
9.09117241241248   0.8   0   0   1
9.10119575575582   0.8   0   0   1
9.11121909909917   0.8   0   0   1
9.12124244244251   0.8   0   0   1
9.13126578578585   0.8   0   0   1
9.1412891291292   0.8   0   0   1
9.15131247247254   0.8   0   0   1
9.16133581581588   0.8   0   0   1
9.17135915915923   0.8   0   0   1
9.18138250250257   0.8   0   0   1
9.19140584584591   0.8   0   0   1
9.20142918918926   0.8   0   0   1
9.2114525325326   0.8   0   0   1
9.22147587587594   0.8   0   0   1
9.23149921921929   0.8   0   0   1
9.24152256256263   0.8   0   0   1
9.25154590590597   0.8   0   0   1
9.26156924924932   0.8   0   0   1
9.27159259259266   0.8   0   0   1
9.281615935936   0.8   0   0   1
9.29163927927935   0.8   0   0   1
9.30166262262269   0.8   0   0   1
9.31168596596603   0.8   0   0   1
9.32170930930938   0.8   0   0   1
9.33173265265272   0.8   0   0   1
9.34175599599607   0.8   0   0   1
9.35177933933941   0.8   0   0   1
9.36180268268275   0.8   0   0   1
9.3718260260261   0.8   0   0   1
9.38184936936944   0.8   0   0   1
9.39187271271278   0.8   0   0   1
9.40189605605613   0.8   0   0   1
9.41191939939947   0.8   0   0   1
9.42194274274281   0.8   0   0   1
9.43196608608616   0.8   0   0   1
9.4419894294295   0.8   0   0   1
9.45201277277284   0.8   0   0   1
9.46203611611619   0.8   0   0   1
9.47205945945953   0.8   0   0   1
9.48208280280287   0.8   0   0   1
9.49210614614622   0.8   0   0   1
9.50212948948956   0.8   0   0   1
9.5121528328329   0.8   0   0   1
9.52217617617625   0.8   0   0   1
9.53219951951959   0.8   0   0   1
9.54222286286293   0.8   0   0   1
9.55224620620628   0.8   0   0   1
9.56226954954962   0.8   0   0   1
9.57229289289296   0.8   0   0   1
9.58231623623631   0.8   0   0   1
9.59233957957965   0.8   0   0   1
9.60236292292299   0.8   0   0   1
9.61238626626634   0.8   0   0   1
9.62240960960968   0.8   0   0   1
9.63243295295302   0.8   0   0   1
9.64245629629637   0.8   0   0   1
9.65247963963971   0.8   0   0   1
9.66250298298305   0.8   0   0   1
9.6725263263264   0.8   0   0   1
9.68254966966974   0.8   0   0   1
9.69257301301309   0.8   0   0   1
9.70259635635643   0.8   0   0   1
9.71261969969977   0.8   0   0   1
9.72264304304312   0.8   0   0   1
9.73266638638646   0.8   0   0   1
9.7426897297298   0.8   0   0   1
9.75271307307315   0.8   0   0   1
9.76273641641649   0.8   0   0   1
9.77275975975983   0.8   0   0   1
9.78278310310318   0.8   0   0   1
9.79280644644652   0.8   0   0   1
9.80282978978986   0.8   0   0   1
9.81285313313321   0.8   0   0   1
9.82287647647655   0.8   0   0   1
9.83289981981989   0.8   0   0   1
9.84292316316324   0.8   0   0   1
9.85294650650658   0.8   0   0   1
9.86296984984992   0.8   0   0   1
9.87299319319327   0.8   0   0   1
9.88301653653661   0.8   0   0   1
9.89303987987995   0.8   0   0   1
9.9030632232233   0.8   0   0   1
9.91308656656664   0.8   0   0   1
9.92310990990998   0.8   0   0   1
9.93313325325333   0.8   0   0   1
9.94315659659667   0.8   0   0   1
9.95317993994001   0.8   0   0   1
9.96320328328336   0.8   0   0   1
9.9732266266267   0.8   0   0   1
9.98324996997004   0.8   0   0   1
9.99327331331339   0.8   0   0   1
10.0032966566567   0.8   0   0   1
10.0133200000001   0.8   0   0   1
