variables = x,rho,u,v,p
0   3.8571   2.6293   0   10.3333
0.0100233433433433   3.8571   2.6293   0   10.3333
0.0200466866866867   3.8571   2.6293   0   10.3333
0.03007003003003   3.8571   2.6293   0   10.3333
0.0400933733733734   3.8571   2.6293   0   10.3333
0.0501167167167167   3.8571   2.6293   0   10.3333
0.0601400600600601   3.8571   2.6293   0   10.3333
0.0701634034034034   3.8571   2.6293   0   10.3333
0.0801867467467468   3.8571   2.6293   0   10.3333
0.0902100900900901   3.8571   2.6293   0   10.3333
0.100233433433433   3.8571   2.6293   0   10.3333
0.110256776776777   3.8571   2.6293   0   10.3333
0.12028012012012   3.8571   2.6293   0   10.3333
0.130303463463463   3.8571   2.6293   0   10.3333
0.140326806806807   3.8571   2.6293   0   10.3333
0.15035015015015   3.8571   2.6293   0   10.3333
0.160373493493494   3.8571   2.6293   0   10.3333
0.170396836836837   3.8571   2.6293   0   10.3333
0.18042018018018   3.8571   2.6293   0   10.3333
0.190443523523524   3.8571   2.6293   0   10.3333
0.200466866866867   3.8571   2.6293   0   10.3333
0.21049021021021   3.8571   2.6293   0   10.3333
0.220513553553554   3.8571   2.6293   0   10.3333
0.230536896896897   3.8571   2.6293   0   10.3333
0.24056024024024   3.8571   2.6293   0   10.3333
0.250583583583584   3.8571   2.6293   0   10.3333
0.260606926926927   3.8571   2.6293   0   10.3333
0.27063027027027   3.8571   2.6293   0   10.3333
0.280653613613614   3.8571   2.6293   0   10.3333
0.290676956956957   3.8571   2.6293   0   10.3333
0.3007003003003   3.8571   2.6293   0   10.3333
0.310723643643644   3.8571   2.6293   0   10.3333
0.320746986986987   3.8571   2.6293   0   10.3333
0.330770330330331   3.8571   2.6293   0   10.3333
0.340793673673674   3.8571   2.6293   0   10.3333
0.350817017017017   3.8571   2.6293   0   10.3333
0.360840360360361   3.8571   2.6293   0   10.3333
0.370863703703704   3.8571   2.6293   0   10.3333
0.380887047047047   3.8571   2.6293   0   10.3333
0.390910390390391   3.8571   2.6293   0   10.3333
0.400933733733734   3.8571   2.6293   0   10.3333
0.410957077077078   3.8571   2.6293   0   10.3333
0.420980420420421   3.8571   2.6293   0   10.3333
0.431003763763764   3.8571   2.6293   0   10.3333
0.441027107107108   3.8571   2.6293   0   10.3333
0.451050450450451   3.8571   2.6293   0   10.3333
0.461073793793794   3.8571   2.6293   0   10.3333
0.471097137137138   3.8571   2.6293   0   10.3333
0.481120480480481   3.8571   2.6293   0   10.3333
0.491143823823825   3.8571   2.6293   0   10.3333
0.501167167167168   3.8571   2.6293   0   10.3333
0.511190510510511   3.8571   2.6293   0   10.3333
0.521213853853855   3.8571   2.6293   0   10.3333
0.531237197197198   3.8571   2.6293   0   10.3333
0.541260540540541   3.8571   2.6293   -9.19384412112448e-17   10.3333
0.551283883883884   3.85709999999998   2.62930000000001   6.57879347296934e-17   10.3332999999999
0.561307227227228   3.85709999999995   2.62930000000003   -1.71513145012478e-16   10.3332999999998
0.571330570570571   3.85709999999989   2.62930000000007   -8.49751450457341e-17   10.3332999999995
0.581353913913914   3.85709999999976   2.62930000000014   -7.58169370679986e-17   10.3332999999989
0.591377257257258   3.85709999999953   2.62930000000028   -3.97071215392877e-16   10.3332999999979
0.601400600600601   3.85709999999907   2.62930000000055   -1.15129581544165e-15   10.3332999999959
0.611423943943944   3.85709999999822   2.62930000000105   -1.57386689098844e-15   10.3332999999921
0.621447287287288   3.8570999999966   2.62930000000199   -1.79778139361288e-15   10.333299999985
0.631470630630631   3.8570999999936   2.62930000000374   -1.73379131344142e-15   10.3332999999718
0.641493973973974   3.85709999998805   2.62930000000697   -1.75056765281869e-15   10.3332999999475
0.651517317317318   3.85709999997789   2.62930000001286   -1.62877300946411e-15   10.3332999999031
0.661540660660661   3.85709999995945   2.62930000002352   -1.4142568762103e-15   10.3332999998227
0.671564004004004   3.85709999992627   2.62930000004268   -1.19934267716894e-15   10.3332999996783
0.681587347347348   3.8570999998671   2.62930000007677   -7.0274729708889e-16   10.3332999994215
0.691610690690691   3.85709999976244   2.62930000013694   -3.74505692142469e-16   10.3332999989682
0.701634034034034   3.85709999957897   2.62930000024219   -6.74805214208371e-16   10.3332999981755
0.711657377377378   3.8570999992601   2.62930000042471   -6.88557868617078e-16   10.333299996801
0.721680720720721   3.85709999871073   2.6293000007385   -6.30430595720451e-16   10.3332999944383
0.731704064064064   3.85709999777249   2.62930000127322   -7.61640244600819e-16   10.3332999904126
0.741727407407408   3.85709999618406   2.62930000217653   -7.12010617374167e-16   10.3332999836131
0.751750750750751   3.85709999351837   2.62930000368915   -6.4112449043731e-16   10.3332999722286
0.761774094094094   3.85709998908396   2.62930000619992   -4.95098444898104e-16   10.3332999533345
0.771797437437437   3.85709998177188   2.62930001033098   -3.39097674894183e-16   10.3332999222518
0.781820780780781   3.85709996982049   2.62930001706831   6.66688642462704e-17   10.3332998715663
0.791844124124124   3.85709995045795   2.62930002795961   3.27761915340223e-17   10.3332997896419
0.801867467467467   3.85709991936464   2.62930004541107   1.76565099066015e-16   10.333299658391
0.811890810810811   3.85709986987369   2.62930007312749   4.25606958295762e-16   10.3332994499678
0.821914154154154   3.85709979179482   2.62930011675808   7.95875993143468e-16   10.3332991219195
0.831937497497497   3.85709966970361   2.62930018483303   1.27601898732104e-15   10.3332986101526
0.841960840840841   3.85709948048113   2.6293002901069   1.58970801778452e-15   10.333297818848
0.851984184184184   3.85709918981601   2.62930045146295   1.61419441737175e-15   10.3332966061666
0.862007527527527   3.85709874728933   2.62930069658134   1.78610710969414e-15   10.3332947642252
0.872030870870871   3.85709807955009   2.62930106563291   1.45251525769979e-15   10.3332919913809
0.882054214214214   3.85709708095416   2.62930161633075   1.0367087764742e-15   10.3332878543339
0.892077557557557   3.8570956008824   2.62930243075282   8.06131130541028e-16   10.3332817369557
0.902100900900901   3.8570934267774   2.62930362443927   9.39718262826383e-16   10.3332727720683
0.912124244244244   3.85709026174797   2.62930535836448   1.30485587599663e-15   10.333259751686
0.922147587587587   3.85708569539701   2.62930785448007   9.81628660234833e-16   10.3332410105093
0.932170930930931   3.85707916634682   2.6293114156134   5.22620915665781e-16   10.3332142768071
0.942194274274274   3.85706991478775   2.62931645057412   3.31952565735444e-16   10.3331764843169
0.952217617617617   3.85705692329029   2.62932350535519   1.36705236113887e-16   10.3331235385502
0.96224096096096   3.85703884412985   2.62933330129564   2.57810574802195e-16   10.3330500310438
0.972264304304304   3.8570139115194   2.62934678098073   5.74106656102487e-16   10.332948895799
0.982287647647647   3.8569798374681   2.62936516246985   1.04065464536368e-15   10.332811003561
0.99231099099099   3.85693369052618   2.62939000214315   1.44093449409329e-15   10.3326246918599
1.00233433433433   3.85687175747312   2.62942326602841   1.98195974487622e-15   10.3323752319878
1.01235767767768   3.85678938907847   2.62946740890191   2.6113361474765e-15   10.3320442383879
1.02238102102102   3.85668083241551   2.6295254597527   3.10606730664235e-15   10.331609031273
1.03240436436436   3.85653905381047   2.62960111137653   3.65016873996337e-15   10.3310419695321
1.04242770770771   3.85635555830272   2.62969881095974   3.58854801020317e-15   10.3303097778745
1.05245105105105   3.85612021337382   2.62982384757931   3.95290209260686e-15   10.3293728992735
1.06247439439439   3.85582108653545   2.62998243165902   4.30994756100469e-15   10.3281849105425
1.07249773773774   3.85544430797141   2.63018176067325   4.2619331929606e-15   10.3266920446251
1.08252108108108   3.85497397061032   2.63043006487978   4.29454754895829e-15   10.3248328671199
1.09254442442442   3.85439208055704   2.63073662669138   4.39636259740172e-15   10.322538155943
1.10256776776777   3.85367857054846   2.63111176754713   4.3128515403568e-15   10.3197310311595
1.11259111111111   3.85281138788254   2.63156679687958   4.42988550088743e-15   10.3163273764155
1.12261445445445   3.85176666603182   2.6321139190096   4.75293917201383e-15   10.3122365838956
1.1326377977978   3.85051898592246   2.6327660955078   4.75389593316043e-15   10.3073626415026
1.14266114114114   3.84904172877277   2.63353686265366   4.87369917237101e-15   10.3016055646299
1.15268448448449   3.8473075176849   2.63444010596544   5.18770748006023e-15   10.2948631564837
1.16270782782783   3.84528874020308   2.63548979618969   5.60395373372506e-15   10.2870330617696
1.17273117117117   3.84295813918549   2.63669969343043   5.87670326300362e-15   10.2780150602257
1.18275451451452   3.84028945499517   2.63808302806827   6.53360637231401e-15   10.2677135305494
1.19277785785786   3.83725809857652   2.6396521685954   7.06325872086368e-15   10.2560400031439
1.2028012012012   3.83384183274926   2.64141828734919   7.66314229750889e-15   10.2429157128767
1.21282454454455   3.83002143820609   2.64339103530051   8.3197684136485e-15   10.2282740613158
1.22284788788789   3.8257813412901   2.64557823654968   9.05832391777616e-15   10.212062901737
1.23287123123123   3.82111018255958   2.64798561207594   9.72141197005631e-15   10.194246569105
1.24289457457458   3.81600130819924   2.6506165407047   9.98425556713339e-15   10.1748075902533
1.25291791791792   3.81045317019197   2.65347186336854   1.01190101726935e-14   10.15374802533
1.26294126126126   3.80446962545108   2.6565497347263   9.96439534172534e-15   10.1310904087526
1.27296460460461   3.79806012844798   2.65984552425109   9.88890440257876e-15   10.1068782749463
1.28298794794795   3.79123981590064   2.66335176715876   9.54440382778611e-15   10.0811762696913
1.29301129129129   3.78402948552717   2.66705816414483   9.16059725841484e-15   10.054069860916
1.30303463463464   3.77645547351431   2.67095162790487   8.87669463121332e-15   10.0256646725506
1.31305797797798   3.76854943709934   2.67501637385987   8.46597075206193e-15   9.99608547126274
1.32308132132132   3.76034804951013   2.67923405237555   8.14819152891943e-15   9.96547483860287
1.33310466466467   3.75189261453629   2.68358391999539   7.82077573194724e-15   9.93399156066956
1.34312800800801   3.74322860737585   2.68804304770795   7.32445449356813e-15   9.90180876452704
1.35315135135135   3.73440514733609   2.6925865649225   6.87128029815318e-15   9.86911182613737
1.3631746946947   3.72547440672818   2.69718793849387   6.48014895505514e-15   9.8360960695036
1.37319803803804   3.71649095916831   2.70181928667097   5.96971707848808e-15   9.8029642721265
1.38322138138138   3.70751106977659   2.70645172809095   5.58366630057471e-15   9.76992398881488
1.39324472472473   3.69859192972588   2.71105576575936   5.36832420758613e-15   9.73718470534537
1.40326806806807   3.68979083847632   2.71560170522122   5.24003488239974e-15   9.70495483627032
1.41329141141141   3.6811643390119   2.72006010474924   4.98199421121094e-15   9.67343858790059
1.42331475475476   3.67276731454964   2.7244022533192   4.99065862169927e-15   9.64283271836065
1.4333380980981   3.66465205946629   2.72860066944804   5.19020600392434e-15   9.61332324137349
1.44336144144144   3.65686734236294   2.73262961077249   5.15497846928306e-15   9.585082138248
1.45338478478479   3.64945748486331   2.73646558078624   5.45172673309424e-15   9.55826416193424
1.46340812812813   3.64246148532557   2.74008781578303   5.82972445335284e-15   9.53300383586221
1.47343147147147   3.63591222139424   2.74347873221331   6.11754418606258e-15   9.50941276593598
1.48345481481482   3.62983576838586   2.74662431284668   6.25402754453252e-15   9.4875773935724
1.49347815815816   3.6242508710634   2.74951440982106   6.48946666673545e-15   9.46755731819533
1.50350150150151   3.61916860372987   2.75214294423891   6.56480747072656e-15   9.44938430682639
1.51352484484485   3.61459224737811   2.75450798564453   6.61753362065217e-15   9.43306208513261
1.52354818818819   3.61051740291004   2.75661170043297   6.47646141238839e-15   9.41856696879664
1.53357153153154   3.6069323467239   2.75846016565343   6.78272191868158e-15   9.40584934842491
1.54359487487488   3.60381862029548   2.76006305314306   7.04061571618424e-15   9.39483598918831
1.55361821821822   3.6011518301746   2.76143319760757   7.26780002881456e-15   9.38543305312631
1.56364156156157   3.59890262071491   2.7625860701973   7.66503204246897e-15   9.3775297033263
1.57366490490491   3.59703777044457   2.76353918540321   8.18482782934525e-15   9.37100211058706
1.58368824824825   3.59552135556751   2.76431147300211   8.56097333089538e-15   9.36571765913924
1.5937115915916   3.5943159214545   2.76492264791207   9.2271123532836e-15   9.36153914114442
1.60373493493494   3.59338360531597   2.76539260914147   9.98361470313089e-15   9.35832874040215
1.61375827827828   3.59268716008834   2.76574089485414   1.05288563090129e-14   9.355951632117
1.62378162162163   3.59219083993174   2.76598621453782   1.08945459120499e-14   9.3542790640364
1.63380496496497   3.59186112030545   2.76614607213776   1.12983072348746e-14   9.35319082993697
1.64382830830831   3.59166723890957   2.76623648662215   1.15475720620032e-14   9.35257709412723
1.65385165165166   3.59158155650246   2.76627180952911   1.16112233369802e-14   9.35233957056691
1.663874994995   3.59157974762314   2.76626463318179   1.17810659535954e-14   9.35239209857668
1.67389833833834   3.59164083982708   2.76622577881534   1.19797803392218e-14   9.35266068644739
1.68392168168169   3.59174712583048   2.76616435098334   1.19750007234047e-14   9.35308311346895
1.69394502502503   3.59188397595577   2.76608784325512   1.18575784742203e-14   9.35360819015927
1.70396836836837   3.59203957876579   2.76600228018854   1.15753541250088e-14   9.35419477693171
1.71399171171172   3.59220463623755   2.76591238158552   1.1155925455142e-14   9.35481065487068
1.72401505505506   3.59237203682155   2.76582173679292   1.07238216931699e-14   9.35543133074386
1.7340383983984   3.59253652582852   2.76573297898978   1.06866007234063e-14   9.35603884391069
1.74406174174175   3.59269438829672   2.76564795173303   1.10068813785046e-14   9.35662062720638
1.75408508508509   3.59284315523928   2.76556786230094   1.08341127995383e-14   9.35716845865053
1.76410842842843   3.59298134026136   2.76549341842396   1.09050972065208e-14   9.35767752700406
1.77413177177178   3.593108210168   2.76542494673229   1.104879615807e-14   9.35814562243359
1.78415511511512   3.59322359045232   2.76536249263529   1.04288128899495e-14   9.35857245414446
1.79417845845846   3.59332770447651   2.7653059023791   9.62385782954675e-15   9.35895908984043
1.80420180180181   3.59342104369084   2.76525488873132   8.9984137800065e-15   9.35930750708721
1.81422514514515   3.59350426529448   2.76520908216093   8.42426691941781e-15   9.35962024380141
1.82424848848849   3.59357811322212   2.76516806957152   8.28914303601189e-15   9.35990013379455
1.83427183183184   3.59364335812754   2.76513142266005   7.95806916332423e-15   9.36015011320363
1.84429517517518   3.59370075202045   2.76509871786521   7.26457484981906e-15   9.36037308438321
1.85431851851853   3.59375099329376   2.76506954968147   6.51222390089194e-15   9.360571825117
1.86434186186187   3.59379469796799   2.76504353888549   5.57460735730728e-15   9.36074893257732
1.87436520520521   3.59383237300559   2.76502033697738   4.97147954917361e-15   9.36090679313006
1.88438854854856   3.59386438745571   2.76499962790117   3.87917682324193e-15   9.36104757071169
1.8944118918919   3.59389093694247   2.76498112788945   3.25443358542252e-15   9.36117320800494
1.90443523523524   3.59391199659089   2.76496458408405   2.65283697192089e-15   9.36128543595979
1.91445857857859   3.59392725689875   2.76494977242101   2.35101774156012e-15   9.3613857883253
1.92448192192193   3.59393603634262   2.76493649513405   1.73724054817861e-15   9.36147561877426
1.93450526526527   3.59393716371239   2.7649245781238   1.59446809100684e-15   9.36155611893217
1.94452860860862   3.59392882239715   2.76491386835801   1.55809862202469e-15   9.36162833618425
1.95455195195196   3.5939083482284   2.76490423140616   1.4321757875949e-15   9.36169319055584
1.9645752952953   3.59387197219463   2.76489554916689   1.07840286985432e-15   9.36175149026735
1.97459863863865   3.59381449957945   2.7648877178156   8.22792626833499e-16   9.36180394577915
1.98462198198199   3.59372891807207   2.76488064597828   7.45028646199009e-16   9.36185118228579
1.99464532532533   3.59360592939611   2.76487425312434   5.92743573130877e-16   9.36189375071025
2.00466866866868   3.59343340222348   2.76486846816313   4.51621273568206e-16   9.36193213730246
2.01469201201202   3.59319574876892   2.76486322822522   4.29797934677657e-16   9.36196677197362
2.02471535535536   3.59287323359641   2.76485847760787   5.96796257839668e-16   9.3619980355067
2.03473869869871   3.592441230792   2.7648541668644   4.70012645815321e-16   9.36202626578245
2.04476204204205   3.59186945458835   2.76485025201851   1.30368952673918e-16   9.36205176315075
2.05478538538539   3.59112119839255   2.76484669388635   4.44375335587654e-17   9.36207479506598
2.06480872872874   3.5901526273868   2.76484345749101   -2.87162216172344e-16   9.36209560009122
2.07483207207208   3.58891217964799   2.7648405115561   -5.95816115275827e-16   9.36211439136276
2.08485541541542   3.58734013908589   2.76483782806695   -8.78059369900725e-16   9.36213135959393
2.09487875875877   3.58536844932056   2.76483538188966   -8.13026100098075e-16   9.36214667568567
2.10490210210211   3.58292083975059   2.76483315043954   -8.30131543601478e-16   9.36216049300089
2.11492544544545   3.57991333241131   2.76483111339203   -1.185468453097e-15   9.36217294935112
2.1249487887888   3.57625518988995   2.76482925243004   -1.0108288921759e-15   9.36218416873607
2.13497213213214   3.57185034998535   2.76482755102266   -5.22945894413758e-16   9.36219426287049
2.14499547547548   3.56659937187243   2.76482599423107   6.94578779649638e-17   9.36220333252692
2.15501881881883   3.56040189171618   2.76482456853783   5.5595709343151e-16   9.36221146871879
2.16504216216217   3.55315955406589   2.76482326169669   1.08632169959698e-15   9.36221875374422
2.17506550550551   3.54477935066407   2.76482206260014   1.77970232137137e-15   9.36222526210764
2.18508884884886   3.53517726280387   2.76482096116233   2.56038317885708e-15   9.36223106133417
2.1951121921922   3.52428206976491   2.76481994821565   3.26209764135333e-15   9.36223621268908
2.20513553553555   3.51203915707158   2.76481901541902   3.97288573860966e-15   9.3622407718133
2.21515887887889   3.49841413723211   2.76481815517643   4.78671289494065e-15   9.36224478928427
2.22518222222223   3.48339608479609   2.76481736056454   5.20829990431915e-15   9.36224831111066
2.23520556556558   3.46700018897132   2.76481662526803   5.63798783836583e-15   9.36225137916805
2.24522890890892   3.44926964177732   2.76481594352181   5.72023412427892e-15   9.36225403158253
2.25525225225226   3.43027660785342   2.76481531005909   5.70314207683402e-15   9.36225630306798
2.26527559559561   3.41012216252833   2.76481472006465   5.66369480515853e-15   9.36225822522289
2.27529893893895   3.38893513542425   2.76481416913253   5.82465406693245e-15   9.36225982679123
2.28532228228229   3.3668698545605   2.76481365322768   5.35622602816977e-15   9.36226113389275
2.29534562562564   3.34410284673766   2.76481316865098   4.86348175340231e-15   9.36226217022609
2.30536896896898   3.32082860960154   2.76481271200723   4.03441493139946e-15   9.36226295724923
2.31539231231232   3.29725462483272   2.76481228017578   2.7936482709084e-15   9.36226351434022
2.32541565565567   3.27359582635567   2.76481187028353   1.73121173127076e-15   9.36226385894158
2.33543899899901   3.25006876899092   2.76481147967998   5.78882617545006e-16   9.36226400669059
2.34546234234235   3.22688575927678   2.76481110591414   -7.42010397249379e-16   9.36226397153812
2.3554856856857   3.20424921016664   2.76481074671315   -1.98513076010355e-15   9.36226376585757
2.36550902902904   3.18234646516675   2.76481039996246   -3.40870214122266e-15   9.36226340054544
2.37553237237238   3.16134530667886   2.76481006368732   -4.31788915839587e-15   9.36226288511469
2.38555571571573   3.1413903204139   2.76480973603563   -5.21872303953145e-15   9.36226222778168
2.39557905905907   3.12260023615325   2.7648094152619   -6.06477796827515e-15   9.36226143554711
2.40560240240241   3.10506630877879   2.76480909971223   -6.66599052455805e-15   9.36226051427123
2.41562574574576   3.08885174645761   2.76480878781024   -6.96018806322676e-15   9.36225946874334
2.4256490890891   3.07399213904783   2.76480847804383   -7.16555672212518e-15   9.36225830274542
2.43567243243244   3.06049679257828   2.76480816895261   -7.42819668331702e-15   9.36225701910938
2.44569577577579   3.04835083768921   2.76480785911596   -7.69151145217042e-15   9.36225561976765
2.45571911911913   3.03751795293921   2.7648075471414   -8.01429194060393e-15   9.3622541057961
2.46574246246247   3.02794352865172   2.76480723165333   -7.83284201795625e-15   9.36225247744819
2.47576580580582   3.01955809332099   2.7648069112815   -7.79647859203005e-15   9.36225073417865
2.48578914914916   3.01228083152288   2.764806584649   -7.9105405213362e-15   9.36224887465319
2.4958124924925   3.00602303812263   2.76480625035872   -7.94028169986353e-15   9.36224689673862
2.50583583583585   3.00069137623759   2.76480590697673   -7.81103325845417e-15   9.36224479746254
2.51585917917919   2.99619083356848   2.7648055530098   -7.56697446431897e-15   9.36224257292191
2.52588252252253   2.99242730102009   2.76480518687137   -7.84282366987698e-15   9.36224021810178
2.53590586586588   2.98930972682611   2.76480480682576   -8.21361220554055e-15   9.36223772652961
2.54592920920922   2.98675182682521   2.76480441089097   -8.29660989728057e-15   9.36223508962377
2.55595255255257   2.98467335566987   2.76480399666242   -8.67063766507368e-15   9.36223229546533
2.56597589589591   2.98300096360216   2.76480356098648   -9.20054239787076e-15   9.3622293264771
2.57599923923925   2.98166867846591   2.76480309934735   -9.73120539201969e-15   9.36222615502437
2.5860225825826   2.98061806270506   2.76480260470763   -1.00771677175716e-14   9.36222273505732
2.59604592592594   2.97979810039927   2.76480206530684   -1.0137674102553e-14   9.362218986207
2.60606926926928   2.97916487027831   2.76480146047234   -1.02196593829877e-14   9.36221476348968
2.61609261261263   2.97868105754263   2.76480075263839   -1.05990168017965e-14   9.36220979955943
2.62611595595597   2.97831535042259   2.76479987213151   -1.09055596990797e-14   9.36220359459267
2.63613929929931   2.97804175645838   2.76479868815616   -1.10076405870997e-14   9.36219520627279
2.64616264264266   2.9778388571721   2.76479695345483   -1.12299075078975e-14   9.36218284920045
2.656185985986   2.97768899486441   2.76479419874811   -1.08347933712415e-14   9.36216313076222
2.66620932932934   2.97757734474983   2.76478953137462   -1.04531692795492e-14   9.36212959352174
2.67623267267269   2.9774907556688   2.76478125118494   -1.03827415681559e-14   9.36206993480803
2.68625601601603   2.97741611622015   2.76476611784004   -1.03743032266661e-14   9.36196070320126
2.69627935935937   2.97733776858914   2.76473795316308   -1.03702501409517e-14   9.36175718288644
2.70630270270272   2.97723305077091   2.76468497513444   -1.00269835118769e-14   9.36137410156869
2.71632604604606   2.97706421112894   2.76458471264055   -9.81171005968635e-15   9.36064884439105
2.7263493893894   2.97676335001601   2.76439430607205   -9.61531059203317e-15   9.35927133483074
2.73637273273275   2.976204026278   2.76403200849348   -9.15639828188369e-15   9.35665046661661
2.74639607607609   2.97514745644685   2.76334190938541   -8.9320254482031e-15   9.35165999245845
2.75641941941943   2.97314049934906   2.76202668257449   -8.93575607139704e-15   9.3421562391837
2.76644276276278   2.96932270631633   2.75951943911587   -8.75853333172456e-15   9.32406696861682
2.77646610610612   2.96206377223516   2.75473978535701   -8.89229251236908e-15   9.28968527655695
2.78648944944946   2.94829147695859   2.74563034723934   -8.73007259137843e-15   9.22453000599644
2.79651279279281   2.92227935589692   2.7282796186412   -8.59855354153363e-15   9.10176624993291
2.80653613613615   2.8735800931474   2.69527556319572   -8.33615225489574e-15   8.87299476474773
2.81655947947949   2.78392963778737   2.63267319040016   -7.80174311892874e-15   8.45551843860062
2.82658282282284   2.62410235067614   2.51467463939875   -6.97877075862478e-15   7.72325826757937
2.83660616616618   2.3559719357919   2.29562120842073   -5.76934214387087e-15   6.53069714325301
2.84662950950952   1.95466111697541   1.904968737518   -4.19621809084911e-15   4.83753848587373
2.85665285285287   1.46753638370051   1.28267665182403   -2.14688055222549e-15   2.96352382274544
2.86667619619621   1.05719730646378   0.555643315670516   -4.60216154940562e-16   1.61863537282921
2.87669953953955   0.858662758808977   0.124756780904368   -7.18763043106118e-17   1.11354468860404
2.8867228828829   0.808819680641818   0.0181731781923769   -6.13284110485383e-19   1.01565421638212
2.89674622622624   0.801155143232975   0.00237403734945389   -2.79038103449419e-22   1.00202491950152
2.90676956956958   0.800148420433141   0.000305014283322186   -7.48817148576241e-27   1.00025979134897
2.91679291291293   0.800019026660179   3.91010219363639e-05   -1.1750012550939e-32   1.00003329756717
2.92681625625627   0.80000243840743   5.01108460194191e-06   -9.17669188293396e-40   1.00000426722797
2.93683959959962   0.800000312488453   6.42183917747157e-07   -1.20934168115298e-49   1.00000054685504
2.94686294294296   0.800000040046044   8.22972016683537e-08   -9.7572559767352e-59   1.00000007008058
2.9568862862863   0.80000000513198   1.05465501739426e-08   -6.84648798463045e-69   1.00000000898096
2.96690962962965   0.800000000657673   1.35156067568738e-09   -4.14747696999183e-80   1.00000000115093
2.97693297297299   0.800000000084282   1.73204344976733e-10   -2.0827765156325e-92   1.00000000014749
2.98695631631633   0.800000000010801   2.21959260772922e-11   -8.06705798169376e-106   1.0000000000189
2.99697965965968   0.800000000001384   2.84418100730035e-12   -2.20173961440713e-120   1.00000000000242
3.00700300300302   0.800000000000177   3.6426181862287e-13   -3.48258041441465e-136   1.00000000000031
3.01702634634636   0.800000000000023   4.6437769567453e-14   -6.02449752009086e-154   1.00000000000004
3.02704968968971   0.800000000000003   5.72271396948181e-15   -7.96656131734459e-172   1
3.03707303303305   0.8   5.92822558734418e-16   -1.18772814144406e-190   1
3.04709637637639   0.8   4.74258014293371e-17   -1.21747362526509e-210   1
3.05711971971974   0.8   0   0   1
3.06714306306308   0.8   0   0   1
3.07716640640642   0.8   0   0   1
3.08718974974977   0.8   0   0   1
3.09721309309311   0.8   0   0   1
3.10723643643645   0.8   0   0   1
3.1172597797798   0.8   0   0   1
3.12728312312314   0.8   0   0   1
3.13730646646648   0.8   0   0   1
3.14732980980983   0.8   0   0   1
3.15735315315317   0.8   0   0   1
3.16737649649651   0.8   0   0   1
3.17739983983986   0.8   0   0   1
3.1874231831832   0.8   0   0   1
3.19744652652654   0.8   0   0   1
3.20746986986989   0.8   0   0   1
3.21749321321323   0.8   0   0   1
3.22751655655657   0.8   0   0   1
3.23753989989992   0.8   0   0   1
3.24756324324326   0.8   0   0   1
3.2575865865866   0.8   0   0   1
3.26760992992995   0.8   0   0   1
3.27763327327329   0.8   0   0   1
3.28765661661664   0.8   0   0   1
3.29767995995998   0.8   0   0   1
3.30770330330332   0.8   0   0   1
3.31772664664667   0.8   0   0   1
3.32774998999001   0.8   0   0   1
3.33777333333335   0.8   0   0   1
3.3477966766767   0.8   0   0   1
3.35782002002004   0.8   0   0   1
3.36784336336338   0.8   0   0   1
3.37786670670673   0.8   0   0   1
3.38789005005007   0.8   0   0   1
3.39791339339341   0.8   0   0   1
3.40793673673676   0.8   0   0   1
3.4179600800801   0.8   0   0   1
3.42798342342344   0.8   0   0   1
3.43800676676679   0.8   0   0   1
3.44803011011013   0.8   0   0   1
3.45805345345347   0.8   0   0   1
3.46807679679682   0.8   0   0   1
3.47810014014016   0.8   0   0   1
3.4881234834835   0.8   0   0   1
3.49814682682685   0.8   0   0   1
3.50817017017019   0.8   0   0   1
3.51819351351353   0.8   0   0   1
3.52821685685688   0.8   0   0   1
3.53824020020022   0.8   0   0   1
3.54826354354356   0.8   0   0   1
3.55828688688691   0.8   0   0   1
3.56831023023025   0.8   0   0   1
3.57833357357359   0.8   0   0   1
3.58835691691694   0.8   0   0   1
3.59838026026028   0.8   0   0   1
3.60840360360362   0.8   0   0   1
3.61842694694697   0.8   0   0   1
3.62845029029031   0.8   0   0   1
3.63847363363366   0.8   0   0   1
3.648496976977   0.8   0   0   1
3.65852032032034   0.8   0   0   1
3.66854366366369   0.8   0   0   1
3.67856700700703   0.8   0   0   1
3.68859035035037   0.8   0   0   1
3.69861369369372   0.8   0   0   1
3.70863703703706   0.8   0   0   1
3.7186603803804   0.8   0   0   1
3.72868372372375   0.8   0   0   1
3.73870706706709   0.8   0   0   1
3.74873041041043   0.8   0   0   1
3.75875375375378   0.8   0   0   1
3.76877709709712   0.8   0   0   1
3.77880044044046   0.8   0   0   1
3.78882378378381   0.8   0   0   1
3.79884712712715   0.8   0   0   1
3.80887047047049   0.8   0   0   1
3.81889381381384   0.8   0   0   1
3.82891715715718   0.8   0   0   1
3.83894050050052   0.8   0   0   1
3.84896384384387   0.8   0   0   1
3.85898718718721   0.8   0   0   1
3.86901053053055   0.8   0   0   1
3.8790338738739   0.8   0   0   1
3.88905721721724   0.8   0   0   1
3.89908056056058   0.8   0   0   1
3.90910390390393   0.8   0   0   1
3.91912724724727   0.8   0   0   1
3.92915059059061   0.8   0   0   1
3.93917393393396   0.8   0   0   1
3.9491972772773   0.8   0   0   1
3.95922062062064   0.8   0   0   1
3.96924396396399   0.8   0   0   1
3.97926730730733   0.8   0   0   1
3.98929065065068   0.8   0   0   1
3.99931399399402   0.8   0   0   1
4.00933733733736   0.8   0   0   1
4.01936068068071   0.8   0   0   1
4.02938402402405   0.8   0   0   1
4.03940736736739   0.8   0   0   1
4.04943071071074   0.8   0   0   1
4.05945405405408   0.8   0   0   1
4.06947739739742   0.8   0   0   1
4.07950074074077   0.8   0   0   1
4.08952408408411   0.8   0   0   1
4.09954742742745   0.8   0   0   1
4.1095707707708   0.8   0   0   1
4.11959411411414   0.8   0   0   1
4.12961745745748   0.8   0   0   1
4.13964080080083   0.8   0   0   1
4.14966414414417   0.8   0   0   1
4.15968748748751   0.8   0   0   1
4.16971083083086   0.8   0   0   1
4.1797341741742   0.8   0   0   1
4.18975751751754   0.8   0   0   1
4.19978086086089   0.8   0   0   1
4.20980420420423   0.8   0   0   1
4.21982754754757   0.8   0   0   1
4.22985089089092   0.8   0   0   1
4.23987423423426   0.8   0   0   1
4.2498975775776   0.8   0   0   1
4.25992092092095   0.8   0   0   1
4.26994426426429   0.8   0   0   1
4.27996760760763   0.8   0   0   1
4.28999095095098   0.8   0   0   1
4.30001429429432   0.8   0   0   1
4.31003763763766   0.8   0   0   1
4.32006098098101   0.8   0   0   1
4.33008432432435   0.8   0   0   1
4.3401076676677   0.8   0   0   1
4.35013101101104   0.8   0   0   1
4.36015435435438   0.8   0   0   1
4.37017769769773   0.8   0   0   1
4.38020104104107   0.8   0   0   1
4.39022438438441   0.8   0   0   1
4.40024772772776   0.8   0   0   1
4.4102710710711   0.8   0   0   1
4.42029441441444   0.8   0   0   1
4.43031775775779   0.8   0   0   1
4.44034110110113   0.8   0   0   1
4.45036444444447   0.8   0   0   1
4.46038778778782   0.8   0   0   1
4.47041113113116   0.8   0   0   1
4.4804344744745   0.8   0   0   1
4.49045781781785   0.8   0   0   1
4.50048116116119   0.8   0   0   1
4.51050450450453   0.8   0   0   1
4.52052784784788   0.8   0   0   1
4.53055119119122   0.8   0   0   1
4.54057453453456   0.8   0   0   1
4.55059787787791   0.8   0   0   1
4.56062122122125   0.8   0   0   1
4.57064456456459   0.8   0   0   1
4.58066790790794   0.8   0   0   1
4.59069125125128   0.8   0   0   1
4.60071459459462   0.8   0   0   1
4.61073793793797   0.8   0   0   1
4.62076128128131   0.8   0   0   1
4.63078462462465   0.8   0   0   1
4.640807967968   0.8   0   0   1
4.65083131131134   0.8   0   0   1
4.66085465465468   0.8   0   0   1
4.67087799799803   0.8   0   0   1
4.68090134134137   0.8   0   0   1
4.69092468468472   0.8   0   0   1
4.70094802802806   0.8   0   0   1
4.7109713713714   0.8   0   0   1
4.72099471471475   0.8   0   0   1
4.73101805805809   0.8   0   0   1
4.74104140140143   0.8   0   0   1
4.75106474474478   0.8   0   0   1
4.76108808808812   0.8   0   0   1
4.77111143143146   0.8   0   0   1
4.78113477477481   0.8   0   0   1
4.79115811811815   0.8   0   0   1
4.80118146146149   0.8   0   0   1
4.81120480480484   0.8   0   0   1
4.82122814814818   0.8   0   0   1
4.83125149149152   0.8   0   0   1
4.84127483483487   0.8   0   0   1
4.85129817817821   0.8   0   0   1
4.86132152152155   0.8   0   0   1
4.8713448648649   0.8   0   0   1
4.88136820820824   0.8   0   0   1
4.89139155155158   0.8   0   0   1
4.90141489489493   0.8   0   0   1
4.91143823823827   0.8   0   0   1
4.92146158158161   0.8   0   0   1
4.93148492492496   0.8   0   0   1
4.9415082682683   0.8   0   0   1
4.95153161161164   0.8   0   0   1
4.96155495495499   0.8   0   0   1
4.97157829829833   0.8   0   0   1
4.98160164164167   0.8   0   0   1
4.99162498498502   0.8   0   0   1
5.00164832832836   0.8   0   0   1
5.0116716716717   0.8   0   0   1
5.02169501501505   0.8   0   0   1
5.03171835835839   0.8   0   0   1
5.04174170170173   0.8   0   0   1
5.05176504504508   0.8   0   0   1
5.06178838838842   0.8   0   0   1
5.07181173173177   0.8   0   0   1
5.08183507507511   0.8   0   0   1
5.09185841841845   0.8   0   0   1
5.1018817617618   0.8   0   0   1
5.11190510510514   0.8   0   0   1
5.12192844844848   0.8   0   0   1
5.13195179179183   0.8   0   0   1
5.14197513513517   0.8   0   0   1
5.15199847847851   0.8   0   0   1
5.16202182182186   0.8   0   0   1
5.1720451651652   0.8   0   0   1
5.18206850850854   0.8   0   0   1
5.19209185185189   0.8   0   0   1
5.20211519519523   0.8   0   0   1
5.21213853853857   0.8   0   0   1
5.22216188188192   0.8   0   0   1
5.23218522522526   0.8   0   0   1
5.2422085685686   0.8   0   0   1
5.25223191191195   0.8   0   0   1
5.26225525525529   0.8   0   0   1
5.27227859859863   0.8   0   0   1
5.28230194194198   0.8   0   0   1
5.29232528528532   0.8   0   0   1
5.30234862862866   0.8   0   0   1
5.31237197197201   0.8   0   0   1
5.32239531531535   0.8   0   0   1
5.33241865865869   0.8   0   0   1
5.34244200200204   0.8   0   0   1
5.35246534534538   0.8   0   0   1
5.36248868868872   0.8   0   0   1
5.37251203203207   0.8   0   0   1
5.38253537537541   0.8   0   0   1
5.39255871871875   0.8   0   0   1
5.4025820620621   0.8   0   0   1
5.41260540540544   0.8   0   0   1
5.42262874874879   0.8   0   0   1
5.43265209209213   0.8   0   0   1
5.44267543543547   0.8   0   0   1
5.45269877877882   0.8   0   0   1
5.46272212212216   0.8   0   0   1
5.4727454654655   0.8   0   0   1
5.48276880880885   0.8   0   0   1
5.49279215215219   0.8   0   0   1
5.50281549549553   0.8   0   0   1
5.51283883883888   0.8   0   0   1
5.52286218218222   0.8   0   0   1
5.53288552552556   0.8   0   0   1
5.54290886886891   0.8   0   0   1
5.55293221221225   0.8   0   0   1
5.56295555555559   0.8   0   0   1
5.57297889889894   0.8   0   0   1
5.58300224224228   0.8   0   0   1
5.59302558558562   0.8   0   0   1
5.60304892892897   0.8   0   0   1
5.61307227227231   0.8   0   0   1
5.62309561561565   0.8   0   0   1
5.633118958959   0.8   0   0   1
5.64314230230234   0.8   0   0   1
5.65316564564568   0.8   0   0   1
5.66318898898903   0.8   0   0   1
5.67321233233237   0.8   0   0   1
5.68323567567571   0.8   0   0   1
5.69325901901906   0.8   0   0   1
5.7032823623624   0.8   0   0   1
5.71330570570574   0.8   0   0   1
5.72332904904909   0.8   0   0   1
5.73335239239243   0.8   0   0   1
5.74337573573577   0.8   0   0   1
5.75339907907912   0.8   0   0   1
5.76342242242246   0.8   0   0   1
5.77344576576581   0.8   0   0   1
5.78346910910915   0.8   0   0   1
5.79349245245249   0.8   0   0   1
5.80351579579584   0.8   0   0   1
5.81353913913918   0.8   0   0   1
5.82356248248252   0.8   0   0   1
5.83358582582587   0.8   0   0   1
5.84360916916921   0.8   0   0   1
5.85363251251255   0.8   0   0   1
5.8636558558559   0.8   0   0   1
5.87367919919924   0.8   0   0   1
5.88370254254258   0.8   0   0   1
5.89372588588593   0.8   0   0   1
5.90374922922927   0.8   0   0   1
5.91377257257261   0.8   0   0   1
5.92379591591596   0.8   0   0   1
5.9338192592593   0.8   0   0   1
5.94384260260264   0.8   0   0   1
5.95386594594599   0.8   0   0   1
5.96388928928933   0.8   0   0   1
5.97391263263267   0.8   0   0   1
5.98393597597602   0.8   0   0   1
5.99395931931936   0.8   0   0   1
6.0039826626627   0.8   0   0   1
6.01400600600605   0.8   0   0   1
6.02402934934939   0.8   0   0   1
6.03405269269273   0.8   0   0   1
6.04407603603608   0.8   0   0   1
6.05409937937942   0.8   0   0   1
6.06412272272276   0.8   0   0   1
6.07414606606611   0.8   0   0   1
6.08416940940945   0.8   0   0   1
6.09419275275279   0.8   0   0   1
6.10421609609614   0.8   0   0   1
6.11423943943948   0.8   0   0   1
6.12426278278283   0.8   0   0   1
6.13428612612617   0.8   0   0   1
6.14430946946951   0.8   0   0   1
6.15433281281286   0.8   0   0   1
6.1643561561562   0.8   0   0   1
6.17437949949954   0.8   0   0   1
6.18440284284289   0.8   0   0   1
6.19442618618623   0.8   0   0   1
6.20444952952957   0.8   0   0   1
6.21447287287292   0.8   0   0   1
6.22449621621626   0.8   0   0   1
6.2345195595596   0.8   0   0   1
6.24454290290295   0.8   0   0   1
6.25456624624629   0.8   0   0   1
6.26458958958963   0.8   0   0   1
6.27461293293298   0.8   0   0   1
6.28463627627632   0.8   0   0   1
6.29465961961966   0.8   0   0   1
6.30468296296301   0.8   0   0   1
6.31470630630635   0.8   0   0   1
6.32472964964969   0.8   0   0   1
6.33475299299304   0.8   0   0   1
6.34477633633638   0.8   0   0   1
6.35479967967972   0.8   0   0   1
6.36482302302307   0.8   0   0   1
6.37484636636641   0.8   0   0   1
6.38486970970975   0.8   0   0   1
6.3948930530531   0.8   0   0   1
6.40491639639644   0.8   0   0   1
6.41493973973978   0.8   0   0   1
6.42496308308313   0.8   0   0   1
6.43498642642647   0.8   0   0   1
6.44500976976981   0.8   0   0   1
6.45503311311316   0.8   0   0   1
6.4650564564565   0.8   0   0   1
6.47507979979985   0.8   0   0   1
6.48510314314319   0.8   0   0   1
6.49512648648653   0.8   0   0   1
6.50514982982988   0.8   0   0   1
6.51517317317322   0.8   0   0   1
6.52519651651656   0.8   0   0   1
6.53521985985991   0.8   0   0   1
6.54524320320325   0.8   0   0   1
6.55526654654659   0.8   0   0   1
6.56528988988994   0.8   0   0   1
6.57531323323328   0.8   0   0   1
6.58533657657662   0.8   0   0   1
6.59535991991997   0.8   0   0   1
6.60538326326331   0.8   0   0   1
6.61540660660665   0.8   0   0   1
6.62542994995   0.8   0   0   1
6.63545329329334   0.8   0   0   1
6.64547663663668   0.8   0   0   1
6.65549997998003   0.8   0   0   1
6.66552332332337   0.8   0   0   1
6.67554666666671   0.8   0   0   1
6.68557001001006   0.8   0   0   1
6.6955933533534   0.8   0   0   1
6.70561669669674   0.8   0   0   1
6.71564004004009   0.8   0   0   1
6.72566338338343   0.8   0   0   1
6.73568672672677   0.8   0   0   1
6.74571007007012   0.8   0   0   1
6.75573341341346   0.8   0   0   1
6.7657567567568   0.8   0   0   1
6.77578010010015   0.8   0   0   1
6.78580344344349   0.8   0   0   1
6.79582678678683   0.8   0   0   1
6.80585013013018   0.8   0   0   1
6.81587347347352   0.8   0   0   1
6.82589681681686   0.8   0   0   1
6.83592016016021   0.8   0   0   1
6.84594350350355   0.8   0   0   1
6.8559668468469   0.8   0   0   1
6.86599019019024   0.8   0   0   1
6.87601353353358   0.8   0   0   1
6.88603687687693   0.8   0   0   1
6.89606022022027   0.8   0   0   1
6.90608356356361   0.8   0   0   1
6.91610690690696   0.8   0   0   1
6.9261302502503   0.8   0   0   1
6.93615359359364   0.8   0   0   1
6.94617693693699   0.8   0   0   1
6.95620028028033   0.8   0   0   1
6.96622362362367   0.8   0   0   1
6.97624696696702   0.8   0   0   1
6.98627031031036   0.8   0   0   1
6.9962936536537   0.8   0   0   1
7.00631699699705   0.8   0   0   1
7.01634034034039   0.8   0   0   1
7.02636368368373   0.8   0   0   1
7.03638702702708   0.8   0   0   1
7.04641037037042   0.8   0   0   1
7.05643371371376   0.8   0   0   1
7.06645705705711   0.8   0   0   1
7.07648040040045   0.8   0   0   1
7.08650374374379   0.8   0   0   1
7.09652708708714   0.8   0   0   1
7.10655043043048   0.8   0   0   1
7.11657377377382   0.8   0   0   1
7.12659711711717   0.8   0   0   1
7.13662046046051   0.8   0   0   1
7.14664380380385   0.8   0   0   1
7.1566671471472   0.8   0   0   1
7.16669049049054   0.8   0   0   1
7.17671383383388   0.8   0   0   1
7.18673717717723   0.8   0   0   1
7.19676052052057   0.8   0   0   1
7.20678386386392   0.8   0   0   1
7.21680720720726   0.8   0   0   1
7.2268305505506   0.8   0   0   1
7.23685389389395   0.8   0   0   1
7.24687723723729   0.8   0   0   1
7.25690058058063   0.8   0   0   1
7.26692392392398   0.8   0   0   1
7.27694726726732   0.8   0   0   1
7.28697061061066   0.8   0   0   1
7.29699395395401   0.8   0   0   1
7.30701729729735   0.8   0   0   1
7.31704064064069   0.8   0   0   1
7.32706398398404   0.8   0   0   1
7.33708732732738   0.8   0   0   1
7.34711067067072   0.8   0   0   1
7.35713401401407   0.8   0   0   1
7.36715735735741   0.8   0   0   1
7.37718070070075   0.8   0   0   1
7.3872040440441   0.8   0   0   1
7.39722738738744   0.8   0   0   1
7.40725073073078   0.8   0   0   1
7.41727407407413   0.8   0   0   1
7.42729741741747   0.8   0   0   1
7.43732076076081   0.8   0   0   1
7.44734410410416   0.8   0   0   1
7.4573674474475   0.8   0   0   1
7.46739079079084   0.8   0   0   1
7.47741413413419   0.8   0   0   1
7.48743747747753   0.8   0   0   1
7.49746082082087   0.8   0   0   1
7.50748416416422   0.8   0   0   1
7.51750750750756   0.8   0   0   1
7.5275308508509   0.8   0   0   1
7.53755419419425   0.8   0   0   1
7.54757753753759   0.8   0   0   1
7.55760088088094   0.8   0   0   1
7.56762422422428   0.8   0   0   1
7.57764756756762   0.8   0   0   1
7.58767091091097   0.8   0   0   1
7.59769425425431   0.8   0   0   1
7.60771759759765   0.8   0   0   1
7.617740940941   0.8   0   0   1
7.62776428428434   0.8   0   0   1
7.63778762762768   0.8   0   0   1
7.64781097097103   0.8   0   0   1
7.65783431431437   0.8   0   0   1
7.66785765765771   0.8   0   0   1
7.67788100100106   0.8   0   0   1
7.6879043443444   0.8   0   0   1
7.69792768768774   0.8   0   0   1
7.70795103103109   0.8   0   0   1
7.71797437437443   0.8   0   0   1
7.72799771771777   0.8   0   0   1
7.73802106106112   0.8   0   0   1
7.74804440440446   0.8   0   0   1
7.7580677477478   0.8   0   0   1
7.76809109109115   0.8   0   0   1
7.77811443443449   0.8   0   0   1
7.78813777777783   0.8   0   0   1
7.79816112112118   0.8   0   0   1
7.80818446446452   0.8   0   0   1
7.81820780780786   0.8   0   0   1
7.82823115115121   0.8   0   0   1
7.83825449449455   0.8   0   0   1
7.84827783783789   0.8   0   0   1
7.85830118118124   0.8   0   0   1
7.86832452452458   0.8   0   0   1
7.87834786786792   0.8   0   0   1
7.88837121121127   0.8   0   0   1
7.89839455455461   0.8   0   0   1
7.90841789789796   0.8   0   0   1
7.9184412412413   0.8   0   0   1
7.92846458458464   0.8   0   0   1
7.93848792792799   0.8   0   0   1
7.94851127127133   0.8   0   0   1
7.95853461461467   0.8   0   0   1
7.96855795795802   0.8   0   0   1
7.97858130130136   0.8   0   0   1
7.9886046446447   0.8   0   0   1
7.99862798798805   0.8   0   0   1
8.00865133133139   0.8   0   0   1
8.01867467467473   0.8   0   0   1
8.02869801801808   0.8   0   0   1
8.03872136136142   0.8   0   0   1
8.04874470470476   0.8   0   0   1
8.05876804804811   0.8   0   0   1
8.06879139139145   0.8   0   0   1
8.07881473473479   0.8   0   0   1
8.08883807807814   0.8   0   0   1
8.09886142142148   0.8   0   0   1
8.10888476476482   0.8   0   0   1
8.11890810810817   0.8   0   0   1
8.12893145145151   0.8   0   0   1
8.13895479479485   0.8   0   0   1
8.1489781381382   0.8   0   0   1
8.15900148148154   0.8   0   0   1
8.16902482482488   0.8   0   0   1
8.17904816816823   0.8   0   0   1
8.18907151151157   0.8   0   0   1
8.19909485485491   0.8   0   0   1
8.20911819819826   0.8   0   0   1
8.2191415415416   0.8   0   0   1
8.22916488488494   0.8   0   0   1
8.23918822822829   0.8   0   0   1
8.24921157157163   0.8   0   0   1
8.25923491491498   0.8   0   0   1
8.26925825825832   0.8   0   0   1
8.27928160160166   0.8   0   0   1
8.28930494494501   0.8   0   0   1
8.29932828828835   0.8   0   0   1
8.30935163163169   0.8   0   0   1
8.31937497497504   0.8   0   0   1
8.32939831831838   0.8   0   0   1
8.33942166166172   0.8   0   0   1
8.34944500500507   0.8   0   0   1
8.35946834834841   0.8   0   0   1
8.36949169169175   0.8   0   0   1
8.3795150350351   0.8   0   0   1
8.38953837837844   0.8   0   0   1
8.39956172172178   0.8   0   0   1
8.40958506506513   0.8   0   0   1
8.41960840840847   0.8   0   0   1
8.42963175175181   0.8   0   0   1
8.43965509509516   0.8   0   0   1
8.4496784384385   0.8   0   0   1
8.45970178178184   0.8   0   0   1
8.46972512512519   0.8   0   0   1
8.47974846846853   0.8   0   0   1
8.48977181181187   0.8   0   0   1
8.49979515515522   0.8   0   0   1
8.50981849849856   0.8   0   0   1
8.5198418418419   0.8   0   0   1
8.52986518518525   0.8   0   0   1
8.53988852852859   0.8   0   0   1
8.54991187187193   0.8   0   0   1
8.55993521521528   0.8   0   0   1
8.56995855855862   0.8   0   0   1
8.57998190190196   0.8   0   0   1
8.59000524524531   0.8   0   0   1
8.60002858858865   0.8   0   0   1
8.610051931932   0.8   0   0   1
8.62007527527534   0.8   0   0   1
8.63009861861868   0.8   0   0   1
8.64012196196203   0.8   0   0   1
8.65014530530537   0.8   0   0   1
8.66016864864871   0.8   0   0   1
8.67019199199206   0.8   0   0   1
8.6802153353354   0.8   0   0   1
8.69023867867874   0.8   0   0   1
8.70026202202209   0.8   0   0   1
8.71028536536543   0.8   0   0   1
8.72030870870877   0.8   0   0   1
8.73033205205212   0.8   0   0   1
8.74035539539546   0.8   0   0   1
8.7503787387388   0.8   0   0   1
8.76040208208215   0.8   0   0   1
8.77042542542549   0.8   0   0   1
8.78044876876883   0.8   0   0   1
8.79047211211218   0.8   0   0   1
8.80049545545552   0.8   0   0   1
8.81051879879886   0.8   0   0   1
8.82054214214221   0.8   0   0   1
8.83056548548555   0.8   0   0   1
8.84058882882889   0.8   0   0   1
8.85061217217224   0.8   0   0   1
8.86063551551558   0.8   0   0   1
8.87065885885892   0.8   0   0   1
8.88068220220227   0.8   0   0   1
8.89070554554561   0.8   0   0   1
8.90072888888895   0.8   0   0   1
8.9107522322323   0.8   0   0   1
8.92077557557564   0.8   0   0   1
8.93079891891898   0.8   0   0   1
8.94082226226233   0.8   0   0   1
8.95084560560567   0.8   0   0   1
8.96086894894901   0.8   0   0   1
8.97089229229236   0.8   0   0   1
8.9809156356357   0.8   0   0   1
8.99093897897905   0.8   0   0   1
9.00096232232239   0.8   0   0   1
9.01098566566573   0.8   0   0   1
9.02100900900908   0.8   0   0   1
9.03103235235242   0.8   0   0   1
9.04105569569576   0.8   0   0   1
9.05107903903911   0.8   0   0   1
9.06110238238245   0.8   0   0   1
9.07112572572579   0.8   0   0   1
9.08114906906914   0.8   0   0   1
9.09117241241248   0.8   0   0   1
9.10119575575582   0.8   0   0   1
9.11121909909917   0.8   0   0   1
9.12124244244251   0.8   0   0   1
9.13126578578585   0.8   0   0   1
9.1412891291292   0.8   0   0   1
9.15131247247254   0.8   0   0   1
9.16133581581588   0.8   0   0   1
9.17135915915923   0.8   0   0   1
9.18138250250257   0.8   0   0   1
9.19140584584591   0.8   0   0   1
9.20142918918926   0.8   0   0   1
9.2114525325326   0.8   0   0   1
9.22147587587594   0.8   0   0   1
9.23149921921929   0.8   0   0   1
9.24152256256263   0.8   0   0   1
9.25154590590597   0.8   0   0   1
9.26156924924932   0.8   0   0   1
9.27159259259266   0.8   0   0   1
9.281615935936   0.8   0   0   1
9.29163927927935   0.8   0   0   1
9.30166262262269   0.8   0   0   1
9.31168596596603   0.8   0   0   1
9.32170930930938   0.8   0   0   1
9.33173265265272   0.8   0   0   1
9.34175599599607   0.8   0   0   1
9.35177933933941   0.8   0   0   1
9.36180268268275   0.8   0   0   1
9.3718260260261   0.8   0   0   1
9.38184936936944   0.8   0   0   1
9.39187271271278   0.8   0   0   1
9.40189605605613   0.8   0   0   1
9.41191939939947   0.8   0   0   1
9.42194274274281   0.8   0   0   1
9.43196608608616   0.8   0   0   1
9.4419894294295   0.8   0   0   1
9.45201277277284   0.8   0   0   1
9.46203611611619   0.8   0   0   1
9.47205945945953   0.8   0   0   1
9.48208280280287   0.8   0   0   1
9.49210614614622   0.8   0   0   1
9.50212948948956   0.8   0   0   1
9.5121528328329   0.8   0   0   1
9.52217617617625   0.8   0   0   1
9.53219951951959   0.8   0   0   1
9.54222286286293   0.8   0   0   1
9.55224620620628   0.8   0   0   1
9.56226954954962   0.8   0   0   1
9.57229289289296   0.8   0   0   1
9.58231623623631   0.8   0   0   1
9.59233957957965   0.8   0   0   1
9.60236292292299   0.8   0   0   1
9.61238626626634   0.8   0   0   1
9.62240960960968   0.8   0   0   1
9.63243295295302   0.8   0   0   1
9.64245629629637   0.8   0   0   1
9.65247963963971   0.8   0   0   1
9.66250298298305   0.8   0   0   1
9.6725263263264   0.8   0   0   1
9.68254966966974   0.8   0   0   1
9.69257301301309   0.8   0   0   1
9.70259635635643   0.8   0   0   1
9.71261969969977   0.8   0   0   1
9.72264304304312   0.8   0   0   1
9.73266638638646   0.8   0   0   1
9.7426897297298   0.8   0   0   1
9.75271307307315   0.8   0   0   1
9.76273641641649   0.8   0   0   1
9.77275975975983   0.8   0   0   1
9.78278310310318   0.8   0   0   1
9.79280644644652   0.8   0   0   1
9.80282978978986   0.8   0   0   1
9.81285313313321   0.8   0   0   1
9.82287647647655   0.8   0   0   1
9.83289981981989   0.8   0   0   1
9.84292316316324   0.8   0   0   1
9.85294650650658   0.8   0   0   1
9.86296984984992   0.8   0   0   1
9.87299319319327   0.8   0   0   1
9.88301653653661   0.8   0   0   1
9.89303987987995   0.8   0   0   1
9.9030632232233   0.8   0   0   1
9.91308656656664   0.8   0   0   1
9.92310990990998   0.8   0   0   1
9.93313325325333   0.8   0   0   1
9.94315659659667   0.8   0   0   1
9.95317993994001   0.8   0   0   1
9.96320328328336   0.8   0   0   1
9.9732266266267   0.8   0   0   1
9.98324996997004   0.8   0   0   1
9.99327331331339   0.8   0   0   1
10.0032966566567   0.8   0   0   1
10.0133200000001   0.8   0   0   1
