variables = x,rho,u,v,p
0   3.8571   2.6293   0   10.3333
0.0100233433433433   3.8571   2.6293   0   10.3333
0.0200466866866867   3.8571   2.6293   0   10.3333
0.03007003003003   3.8571   2.6293   0   10.3333
0.0400933733733734   3.8571   2.6293   0   10.3333
0.0501167167167167   3.8571   2.6293   0   10.3333
0.0601400600600601   3.8571   2.6293   0   10.3333
0.0701634034034034   3.8571   2.6293   0   10.3333
0.0801867467467468   3.8571   2.6293   0   10.3333
0.0902100900900901   3.8571   2.6293   0   10.3333
0.100233433433433   3.8571   2.6293   0   10.3333
0.110256776776777   3.8571   2.6293   0   10.3333
0.12028012012012   3.8571   2.6293   0   10.3333
0.130303463463463   3.8571   2.6293   0   10.3333
0.140326806806807   3.8571   2.6293   0   10.3333
0.15035015015015   3.8571   2.6293   0   10.3333
0.160373493493494   3.8571   2.6293   0   10.3333
0.170396836836837   3.8571   2.6293   0   10.3333
0.18042018018018   3.8571   2.6293   0   10.3333
0.190443523523524   3.8571   2.6293   0   10.3333
0.200466866866867   3.8571   2.6293   0   10.3333
0.21049021021021   3.8571   2.6293   0   10.3333
0.220513553553554   3.8571   2.6293   0   10.3333
0.230536896896897   3.8571   2.6293   0   10.3333
0.24056024024024   3.8571   2.6293   0   10.3333
0.250583583583584   3.8571   2.6293   0   10.3333
0.260606926926927   3.8571   2.6293   0   10.3333
0.27063027027027   3.8571   2.6293   0   10.3333
0.280653613613614   3.8571   2.6293   0   10.3333
0.290676956956957   3.8571   2.6293   0   10.3333
0.3007003003003   3.8571   2.6293   0   10.3333
0.310723643643644   3.8571   2.6293   0   10.3333
0.320746986986987   3.8571   2.6293   0   10.3333
0.330770330330331   3.8571   2.6293   0   10.3333
0.340793673673674   3.8571   2.6293   0   10.3333
0.350817017017017   3.8571   2.6293   0   10.3333
0.360840360360361   3.8571   2.6293   0   10.3333
0.370863703703704   3.8571   2.6293   0   10.3333
0.380887047047047   3.8571   2.6293   0   10.3333
0.390910390390391   3.8571   2.6293   0   10.3333
0.400933733733734   3.8571   2.6293   0   10.3333
0.410957077077078   3.8571   2.6293   0   10.3333
0.420980420420421   3.8571   2.6293   0   10.3333
0.431003763763764   3.8571   2.6293   0   10.3333
0.441027107107108   3.8571   2.6293   0   10.3333
0.451050450450451   3.8571   2.6293   0   10.3333
0.461073793793794   3.8571   2.6293   0   10.3333
0.471097137137138   3.8571   2.6293   0   10.3333
0.481120480480481   3.8571   2.6293   0   10.3333
0.491143823823825   3.8571   2.6293   0   10.3333
0.501167167167168   3.8571   2.6293   0   10.3333
0.511190510510511   3.8571   2.6293   0   10.3333
0.521213853853855   3.8571   2.6293   0   10.3333
0.531237197197198   3.8571   2.6293   0   10.3333
0.541260540540541   3.8571   2.6293   0   10.3333
0.551283883883884   3.8571   2.6293   0   10.3333
0.561307227227228   3.8571   2.6293   5.37937095780731e-18   10.3333
0.571330570570571   3.85709999999999   2.62930000000001   1.93615093916601e-16   10.3332999999999
0.581353913913914   3.85709999999996   2.62930000000003   3.21627531165309e-16   10.3332999999998
0.591377257257258   3.85709999999989   2.62930000000007   1.10183254968291e-16   10.3332999999995
0.601400600600601   3.85709999999975   2.62930000000015   -6.27297491071808e-17   10.3332999999989
0.611423943943944   3.85709999999945   2.62930000000033   -3.55740078747539e-16   10.3332999999975
0.621447287287288   3.8570999999988   2.62930000000072   -5.74204261871093e-16   10.3332999999945
0.631470630630631   3.85709999999745   2.62930000000153   -7.06195760181648e-16   10.3332999999884
0.641493973973974   3.85709999999464   2.62930000000322   -1.79276808711102e-16   10.3332999999757
0.651517317317318   3.85709999998885   2.62930000000667   -2.00473353638098e-16   10.3332999999496
0.661540660660661   3.85709999997707   2.62930000001368   -5.58135968080782e-17   10.3332999998967
0.671564004004004   3.85709999995342   2.62930000002772   5.11289480798983e-16   10.3332999997907
0.681587347347348   3.85709999990642   2.62930000005552   4.74868536806873e-16   10.3332999995809
0.691610690690691   3.85709999981415   2.62930000010994   4.72886642209263e-16   10.3332999991702
0.701634034034034   3.85709999963512   2.62930000021522   5.26642024273401e-16   10.3332999983759
0.711657377377378   3.85709999929181   2.62930000041653   7.55699325930747e-16   10.3332999968575
0.721680720720721   3.8570999986412   2.62930000079688   5.94238140440567e-16   10.3332999939891
0.731704064064064   3.8570999974228   2.62930000150708   5.20670669239846e-16   10.3332999886344
0.741727407407408   3.85709999516803   2.62930000281744   4.86019440824607e-16   10.3332999787566
0.751750750750751   3.85709999104487   2.62930000520648   6.45702517466162e-16   10.3332999607511
0.761774094094094   3.85709998359476   2.62930000951031   7.23879538646612e-16   10.3332999283209
0.771797437437437   3.8570999702937   2.62930001717115   2.43381704248896e-16   10.3332998706066
0.781820780780781   3.85709994683055   2.62930003064435   8.10492601160327e-17   10.3332997691244
0.791844124124124   3.85709990593753   2.6293000540556   1.69277676682223e-16   10.3332995928226
0.801867467467467   3.85709983552319   2.6293000942463   1.3585242241203e-16   10.3332992902216
0.811890810810811   3.85709971573636   2.62930016241106   3.44613377018976e-16   10.3332987771033
0.821914154154154   3.85709951441969   2.62930027662388   3.23546855817762e-16   10.3332979175249
0.831937497497497   3.85709918017823   2.62930046567429   3.26393642989644e-16   10.3332964949949
0.841960840840841   3.8570986319793   2.62930077480045   1.63981662162961e-16   10.3332941694064
0.851984184184184   3.85709774379955   2.62930127411815   3.1294674837243e-16   10.3332904137355
0.862007527527527   3.85709632233463   2.62930207080781   4.70362718684924e-16   10.3332844225421
0.872030870870871   3.85709407518481   2.62930332643457   3.69496020389437e-16   10.3332749819678
0.882054214214214   3.85709056623839   2.62930528113184   3.18925795410665e-16   10.3332602882692
0.892077557557557   3.85708515422617   2.62930828675615   2.9142450449997e-16   10.3332376991083
0.902100900900901   3.85707690967688   2.62931285148645   3.91331184572216e-16   10.3332033990994
0.912124244244244   3.85706450486004   2.62931969864203   6.03637405872048e-16   10.3331519588818
0.922147587587587   3.85704607089664   2.62932984265577   9.26781502885222e-16   10.333075765805
0.932170930930931   3.85701901622552   2.62934468507218   1.38924714613968e-15   10.3329643048689
0.942194274274274   3.85697980124424   2.62936613303337   1.72076809907329e-15   10.3328032716746
0.952217617617617   3.85692366542528   2.62939674185922   2.07625960293153e-15   10.3325735056666
0.96224096096096   3.8568443057557   2.62943988191671   2.29341872120099e-15   10.3322497426525
0.972264304304304   3.85673350912241   2.62949992794024   2.32813232073684e-15   10.3317992010173
0.982287647647647   3.85658074632101   2.6295824662993   2.23038312326629e-15   10.3311800362709
0.99231099099099   3.85637274159727   2.62969451249274   2.1312253274532e-15   10.3303397230194
1.00233433433433   3.85609303871664   2.62984472756952   1.5432840495576e-15   10.3292134506937
1.01235767767768   3.85572159193297   2.63004361855074   1.39503042525667e-15   10.3277226470517
1.02238102102102   3.85523441708522   2.630303704686   1.02638805182777e-15   10.3257737683189
1.03240436436436   3.85460334338957   2.63063962903444   7.18308140870582e-16   10.3232575129248
1.04242770770771   3.85379590922995   2.63106819394891   1.50204272236197e-16   10.3200486229875
1.05245105105105   3.85277544437061   2.63160830003185   -3.04438363586038e-16   10.3160064303015
1.06247439439439   3.85150137577631   2.63228077132805   -2.27930015549811e-16   10.3109762790512
1.07249773773774   3.84992978434026   2.63310805497337   -3.99391970931975e-16   10.3047919151999
1.08252108108108   3.84801422560608   2.63411379096709   -1.19983494539378e-16   10.2972788742604
1.09254442442442   3.84570681000876   2.63532225658724   2.91840400390327e-17   10.288258829309
1.10256776776777   3.84295951883692   2.63675769936246   1.05043625308048e-16   10.277554786224
1.11259111111111   3.83972571303801   2.63844358143206   5.94521330896668e-16   10.2649969412323
1.12261445445445   3.83596177528016   2.64040176554749   1.15396526276363e-15   10.2504289551654
1.1326377977978   3.83162881327308   2.64265167804539   1.5930530189037e-15   10.2337143565068
1.14266114114114   3.82669434562825   2.64520948631663   2.00122616547527e-15   10.214742766219
1.15268448448449   3.82113389114389   2.6480873274732   2.24419677682836e-15   10.1934356432272
1.16270782782783   3.81493238811825   2.65129262135221   2.55969186816487e-15   10.1697512787288
1.17273117117117   3.80808538112169   2.65482749532398   2.90335018103643e-15   10.1436888156177
1.18275451451452   3.80059992699472   2.65868834145003   2.90973369964288e-15   10.1152911295708
1.19277785785786   3.79249518777413   2.6628655193085   3.03699313905317e-15   10.0846464730813
1.2028012012012   3.78380269386936   2.66734321114584   3.17945649296517e-15   10.051888845517
1.21282454454455   3.77456627448557   2.67209943060749   3.29325202774031e-15   10.0171971050542
1.22284788788789   3.76484166287717   2.67710618256161   3.33874018199501e-15   9.98079287802777
1.23287123123123   3.75469579098791   2.68232976956089   3.27493765625096e-15   9.94293734623093
1.24289457457458   3.74420579150344   2.68773124008747   3.2721128706868e-15   9.90392700382489
1.25291791791792   3.73345772601317   2.69326697441839   3.25341128484285e-15   9.86408847574748
1.26294126126126   3.72254505704254   2.69888940504152   3.41055595054919e-15   9.82377248354499
1.27296460460461   3.71156688070191   2.7045478692008   3.3330667117425e-15   9.78334703815743
1.28298794794795   3.70062593728659   2.71018959045595   3.38504395103198e-15   9.74318993853601
1.29301129129129   3.68982642096804   2.71576078325304   3.49465185862244e-15   9.70368066581505
1.30303463463464   3.67927161802525   2.72120786876179   3.60935901991326e-15   9.66519178952547
1.31305797797798   3.66906141653686   2.7264787813415   3.60221632040321e-15   9.62808004711301
1.32308132132132   3.65928974881606   2.73152433319027   3.63124940534576e-15   9.59267731953798
1.33310466466467   3.650042049652   2.73629959094556   3.77160209440558e-15   9.55928179850649
1.34312800800801   3.64139283583314   2.74076520394903   3.93979796255123e-15   9.52814971488172
1.35315135135135   3.63340353148094   2.74488861197041   4.14133139273096e-15   9.49948805897295
1.3631746946947   3.62612067469161   2.74864505323214   4.47923753948371e-15   9.47344875527335
1.37319803803804   3.61957463923252   2.7520182943257   5.10832450822907e-15   9.45012474097576
1.38322138138138   3.61377898711979   2.75500101404811   5.58875371109123e-15   9.42954832781475
1.39324472472473   3.60873053267692   2.75759479387053   6.07779023087701e-15   9.41169209734931
1.40326806806807   3.6044101481462   2.75980969733246   6.39744058948668e-15   9.39647239867867
1.41329141141141   3.60078428041561   2.76166345581688   6.0192720304843e-15   9.38375530427466
1.42331475475476   3.59780708591301   2.76318031406815   5.94542176508445e-15   9.37336466264695
1.4333380980981   3.59542303538197   2.76438962003854   5.6342720109913e-15   9.36509169821188
1.44336144144144   3.59356980055701   2.76532426533781   5.65216207584542e-15   9.35870547825129
1.45338478478479   3.59218121661031   2.76601909151615   6.0338187078671e-15   9.3539635139789
1.46340812812813   3.59119011976079   2.76650937275817   6.18404318769862e-15   9.3506217935329
1.47343147147147   3.59053088662836   2.76682946883041   6.41898532469399e-15   9.34844365071815
1.48345481481482   3.59014154535489   2.76701171673351   6.51605118338934e-15   9.34720703418387
1.49347815815816   3.58996538071742   2.76708559990474   6.4059844029393e-15   9.34670993031551
1.50350150150151   3.58995200854348   2.76707720447297   6.42357741170051e-15   9.34677388147339
1.51352484484485   3.59005794189315   2.76700894666719   6.6296499246819e-15   9.34724570572242
1.52354818818819   3.59024670794509   2.76689953641895   7.05199365378523e-15   9.34799764895817
1.53357153153154   3.59048859799617   2.76676413045883   7.34751349223152e-15   9.34892627827003
1.54359487487488   3.59076014339361   2.76661462352729   7.71085266519647e-15   9.34995045742151
1.55361821821822   3.59104340921423   2.7664600275583   8.21333192404556e-15   9.35100873833201
1.56364156156157   3.59132518774791   2.76630689423257   8.38535624550965e-15   9.35205646663069
1.57366490490491   3.59159615832676   2.76615974441758   8.41449817309465e-15   9.35306284588892
1.58368824824825   3.59185006157508   2.76602147716625   8.59912486795714e-15   9.35400814428353
1.5937115915916   3.59208291702821   2.76589373991412   8.74181588506744e-15   9.35488116741908
1.60373493493494   3.59229229492988   2.76577724946548   8.88419229607324e-15   9.35567706755098
1.61375827827828   3.59247663690099   2.76567205982757   8.71257439387891e-15   9.35639551575108
1.62378162162163   3.59263460664041   2.76557777778331   8.37549925835421e-15   9.35703923081508
1.63380496496497   3.59276444114869   2.76549373035303   8.00506810607144e-15   9.35761283655619
1.64382830830831   3.59286326535631   2.76541909019327   7.42028930645949e-15   9.3581220062066
1.65385165165166   3.59292632877674   2.76535296579234   6.65392767917784e-15   9.358572847107
1.663874994995   3.59294612237521   2.7652944633402   5.57869566095684e-15   9.35897147873539
1.67389833833834   3.59291133796236   2.76524272664252   4.71269991969161e-15   9.35932376058379
1.68392168168169   3.592805641966   2.7651969606423   4.1818913769182e-15   9.35963513189724
1.69394502502503   3.59260625128964   2.76515644317983   2.98251345889223e-15   9.35991053165582
1.70396836836837   3.59228232177301   2.76512052868704   2.20323296088201e-15   9.36015437356681
1.71399171171172   3.59179318961647   2.76508864665258   1.19967843586217e-15   9.36037055670602
1.72401505505506   3.59108654222383   2.76506029695236   3.18390680636664e-16   9.36056249751658
1.7340383983984   3.59009663529261   2.76503504353095   -9.64667485961987e-16   9.36073317303358
1.74406174174175   3.58874271432478   2.76501250744132   -1.5401813230643e-15   9.36088516847089
1.75408508508509   3.58692783639264   2.76499235988906   -1.96705458484943e-15   9.36102072477024
1.76410842842843   3.58453831622848   2.76497431566613   -2.22794507312409e-15   9.36114178349855
1.77413177177178   3.5814440332038   2.76495812717685   -2.49580029333862e-15   9.36125002772001
1.78415511511512   3.57749982642874   2.7649435791382   -1.99825441616343e-15   9.36134691829262
1.79417845845846   3.5725481691395   2.76493048396047   -1.77057631398301e-15   9.36143372555309
1.80420180180181   3.56642324809615   2.76491867777038   -1.9775888822844e-15   9.36151155665112
1.81422514514515   3.55895647943197   2.76490801701635   -1.78741574865076e-15   9.36158137894444
1.82424848848849   3.54998337369085   2.76489837558649   -1.68421916407926e-15   9.36164403992026
1.83427183183184   3.53935152815206   2.76488964237003   -1.48420006727337e-15   9.36170028410799
1.84429517517518   3.52692938615461   2.76488171919697   -1.47719474919935e-15   9.36175076741444
1.85431851851853   3.51261527585572   2.7648745190973   -1.24558417363822e-15   9.36179606926621
1.86434186186187   3.49634614061893   2.76486796482834   -8.58072533895492e-16   9.36183670289257
1.87436520520521   3.47810531502196   2.7648619876262   -7.43235990284764e-16   9.36187312403382
1.88438854854856   3.45792869620445   2.76485652614348   -1.77005955493534e-16   9.36190573831633
1.8944118918919   3.4359087167818   2.76485152554171   5.84883129113842e-17   9.36193490749807
1.90443523523524   3.41219564315497   2.76484693671172   -2.43596316734005e-16   9.36196095475728
1.91445857857859   3.38699589488486   2.76484271560006   -5.00228258934663e-16   9.36198416917078
1.92448192192193   3.36056729313548   2.76483882262298   -2.1879258335166e-16   9.36200480950765
1.93450526526527   3.33321137969299   2.76483522215308   -5.20955312709781e-16   9.36202310744598
1.94452860860862   3.30526317996803   2.76483188206625   -6.71663132519193e-16   9.36203927030567
1.95455195195196   3.27707899018884   2.76482877333911   -6.29544346960435e-16   9.36205348337735
1.9645752952953   3.24902292936877   2.76482586968868   -9.04974059770685e-16   9.36206591191569
1.97459863863865   3.22145309410449   2.76482314724788   -1.07354977662902e-15   9.36207670285446
1.98462198198199   3.19470817922852   2.76482058427114   -1.25063858085786e-15   9.36208598628981
1.99464532532533   3.16909537820175   2.76481816086512   -1.33463820601096e-15   9.36209387676625
2.00466866866868   3.1448802603332   2.76481585873959   -1.68748171870155e-15   9.3621004743856
2.01469201201202   3.12227915095102   2.76481366097199   -1.90791516593267e-15   9.3621058657405
2.02471535535536   3.10145433418763   2.76481155177719   -2.00639203858313e-15   9.36211012464432
2.03473869869871   3.08251217748433   2.76480951626747   -1.87658005398504e-15   9.36211331258054
2.04476204204205   3.06550406375246   2.76480754017733   -1.6867278082461e-15   9.36211547870716
2.05478538538539   3.05042983045024   2.76480560950544   -1.09850014993294e-15   9.36211665908877
2.06480872872874   3.03724326938582   2.76480370998438   -6.62177885911977e-17   9.36211687452254
2.07483207207208   3.02585914594932   2.76480182620892   7.99501719092429e-16   9.36211612574103
2.08485541541542   3.01616115473966   2.76479994009975   1.09647498047192e-15   9.36211438366094
2.09487875875877   3.00801023745538   2.76479802808615   1.15651211944996e-15   9.36211157021914
2.10490210210211   3.00125274091173   2.76479605582941   1.14257912771717e-15   9.36210752126958
2.11492544544545   2.99572797710697   2.76479396823559   8.74268483215735e-16   9.36210191524328
2.1249487887888   2.99127485034985   2.76479167045598   6.33729612941784e-16   9.36209413642832
2.13497213213214   2.98773732479312   2.76478899165856   5.32922575233818e-17   9.36208301338248
2.14499547547548   2.98496860552427   2.76478561588025   -3.00172744802902e-16   9.36206631888648
2.15501881881883   2.98283398374133   2.7647809500067   -7.91766015875168e-16   9.36203981459779
2.16504216216217   2.98121233588394   2.76477387171183   -1.534833241299e-15   9.36199542657426
2.17506550550551   2.97999624666077   2.76476224826728   -2.17587740936771e-15   9.36191776206461
2.18508884884886   2.9790906119048   2.76474201808557   -2.75101350238307e-15   9.36177746129266
2.1951121921922   2.97840930552698   2.76470543793117   -3.43376276440932e-15   9.36151851150791
2.20513553553555   2.97786894462451   2.76463773838537   -4.13439959354787e-15   9.36103404636953
2.21515887887889   2.97737772621657   2.76451074292421   -4.41613247869178e-15   9.36012019465265
2.22518222222223   2.97681529525368   2.76427069557656   -4.99397384548191e-15   9.35838811342236
2.23520556556558   2.97599579730879   2.76381504429607   -5.65211234630199e-15   9.35509646611729
2.24522890890892   2.97459910111724   2.76294816878246   -6.21942437400371e-15   9.34883291161073
2.25525225225226   2.97204177636635   2.76129698734983   -6.83292167758871e-15   9.33691035338768
2.26527559559561   2.96723476840798   2.75815018900026   -7.67002372760925e-15   9.31422913470659
2.27529893893895   2.95813093040123   2.75215235475334   -7.94690295806867e-15   9.27115675247426
2.28532228228229   2.94089353659845   2.7407234220329   -8.44774714733313e-15   9.18966322246741
2.29534562562564   2.90841989009245   2.71896241431033   -8.84362342133515e-15   9.03658708474638
2.30536896896898   2.84790730354876   2.67759978657315   -8.51092911338104e-15   8.75300027785331
2.31539231231232   2.7375043139716   2.59927066805435   -7.97249957547587e-15   8.2412378556073
2.32541565565567   2.54401905321819   2.45219511072763   -7.21779503608073e-15   7.36226871683451
2.33543899899901   2.22975054639227   2.18183467444364   -6.07688077576815e-15   5.98569303723369
2.34546234234235   1.78679504001476   1.7126296765764   -4.4238449822897e-15   4.16630029910754
2.3554856856857   1.30397696113848   1.02055032108353   -2.20168455571088e-15   2.39384296943444
2.36550902902904   0.962473745597724   0.35391019361407   -6.07842255631441e-16   1.35943550963656
2.37553237237238   0.831100948567039   0.0650418697068958   -1.48734133476208e-16   1.05744963654348
2.38555571571573   0.804334802015705   0.00891483668355597   -5.31122944853168e-19   1.00763634897007
2.39557905905907   0.800561203282967   0.00115333029811328   -1.17462855777975e-22   1.00098290542469
2.40560240240241   0.800072007899266   0.000147981242285018   -1.92223557702023e-27   1.00012602689435
2.41562574574576   0.800009229180328   1.89665933924772e-05   -2.26245203954447e-33   1.00001615128009
2.4256490890891   0.800001182727217   2.43058495248537e-06   -1.85612597557471e-40   1.00000206977615
2.43567243243244   0.80000015156445   3.11475300041586e-07   -1.01870761644313e-48   1.00000026523784
2.44569577577579   0.800000019422634   3.99148442225681e-08   -2.89640185721329e-58   1.00000003398961
2.45571911911913   0.800000002488959   5.11498129606324e-09   -6.5255936863198e-71   1.00000000435568
2.46574246246247   0.800000000318953   6.5546907983122e-10   -7.69746504465399e-83   1.00000000055817
2.47576580580582   0.800000000040873   8.3995681280594e-11   -1.41238571992825e-96   1.00000000007153
2.48578914914916   0.800000000005238   1.07633130377282e-11   -3.14975367423872e-110   1.00000000000916
2.4958124924925   0.800000000000671   1.37887596475511e-12   -5.30458662727725e-125   1.00000000000117
2.50583583583585   0.800000000000086   1.76399933302745e-13   -5.95183460864583e-141   1.00000000000015
2.51585917917919   0.800000000000011   2.24185609771529e-14   -4.42401508392351e-158   1.00000000000002
2.52588252252253   0.800000000000001   2.70350728899171e-15   -5.89351107975194e-176   1
2.53590586586588   0.8   2.52959691141721e-16   -5.76751698882912e-195   1
2.54592920920922   0.8   1.58099621517823e-17   -1.75429271846903e-215   1
2.55595255255257   0.8   0   0   1
2.56597589589591   0.8   0   0   1
2.57599923923925   0.8   0   0   1
2.5860225825826   0.8   0   0   1
2.59604592592594   0.8   0   0   1
2.60606926926928   0.8   0   0   1
2.61609261261263   0.8   0   0   1
2.62611595595597   0.8   0   0   1
2.63613929929931   0.8   0   0   1
2.64616264264266   0.8   0   0   1
2.656185985986   0.8   0   0   1
2.66620932932934   0.8   0   0   1
2.67623267267269   0.8   0   0   1
2.68625601601603   0.8   0   0   1
2.69627935935937   0.8   0   0   1
2.70630270270272   0.8   0   0   1
2.71632604604606   0.8   0   0   1
2.7263493893894   0.8   0   0   1
2.73637273273275   0.8   0   0   1
2.74639607607609   0.8   0   0   1
2.75641941941943   0.8   0   0   1
2.76644276276278   0.8   0   0   1
2.77646610610612   0.8   0   0   1
2.78648944944946   0.8   0   0   1
2.79651279279281   0.8   0   0   1
2.80653613613615   0.8   0   0   1
2.81655947947949   0.8   0   0   1
2.82658282282284   0.8   0   0   1
2.83660616616618   0.8   0   0   1
2.84662950950952   0.8   0   0   1
2.85665285285287   0.8   0   0   1
2.86667619619621   0.8   0   0   1
2.87669953953955   0.8   0   0   1
2.8867228828829   0.8   0   0   1
2.89674622622624   0.8   0   0   1
2.90676956956958   0.8   0   0   1
2.91679291291293   0.8   0   0   1
2.92681625625627   0.8   0   0   1
2.93683959959962   0.8   0   0   1
2.94686294294296   0.8   0   0   1
2.9568862862863   0.8   0   0   1
2.96690962962965   0.8   0   0   1
2.97693297297299   0.8   0   0   1
2.98695631631633   0.8   0   0   1
2.99697965965968   0.8   0   0   1
3.00700300300302   0.8   0   0   1
3.01702634634636   0.8   0   0   1
3.02704968968971   0.8   0   0   1
3.03707303303305   0.8   0   0   1
3.04709637637639   0.8   0   0   1
3.05711971971974   0.8   0   0   1
3.06714306306308   0.8   0   0   1
3.07716640640642   0.8   0   0   1
3.08718974974977   0.8   0   0   1
3.09721309309311   0.8   0   0   1
3.10723643643645   0.8   0   0   1
3.1172597797798   0.8   0   0   1
3.12728312312314   0.8   0   0   1
3.13730646646648   0.8   0   0   1
3.14732980980983   0.8   0   0   1
3.15735315315317   0.8   0   0   1
3.16737649649651   0.8   0   0   1
3.17739983983986   0.8   0   0   1
3.1874231831832   0.8   0   0   1
3.19744652652654   0.8   0   0   1
3.20746986986989   0.8   0   0   1
3.21749321321323   0.8   0   0   1
3.22751655655657   0.8   0   0   1
3.23753989989992   0.8   0   0   1
3.24756324324326   0.8   0   0   1
3.2575865865866   0.8   0   0   1
3.26760992992995   0.8   0   0   1
3.27763327327329   0.8   0   0   1
3.28765661661664   0.8   0   0   1
3.29767995995998   0.8   0   0   1
3.30770330330332   0.8   0   0   1
3.31772664664667   0.8   0   0   1
3.32774998999001   0.8   0   0   1
3.33777333333335   0.8   0   0   1
3.3477966766767   0.8   0   0   1
3.35782002002004   0.8   0   0   1
3.36784336336338   0.8   0   0   1
3.37786670670673   0.8   0   0   1
3.38789005005007   0.8   0   0   1
3.39791339339341   0.8   0   0   1
3.40793673673676   0.8   0   0   1
3.4179600800801   0.8   0   0   1
3.42798342342344   0.8   0   0   1
3.43800676676679   0.8   0   0   1
3.44803011011013   0.8   0   0   1
3.45805345345347   0.8   0   0   1
3.46807679679682   0.8   0   0   1
3.47810014014016   0.8   0   0   1
3.4881234834835   0.8   0   0   1
3.49814682682685   0.8   0   0   1
3.50817017017019   0.8   0   0   1
3.51819351351353   0.8   0   0   1
3.52821685685688   0.8   0   0   1
3.53824020020022   0.8   0   0   1
3.54826354354356   0.8   0   0   1
3.55828688688691   0.8   0   0   1
3.56831023023025   0.8   0   0   1
3.57833357357359   0.8   0   0   1
3.58835691691694   0.8   0   0   1
3.59838026026028   0.8   0   0   1
3.60840360360362   0.8   0   0   1
3.61842694694697   0.8   0   0   1
3.62845029029031   0.8   0   0   1
3.63847363363366   0.8   0   0   1
3.648496976977   0.8   0   0   1
3.65852032032034   0.8   0   0   1
3.66854366366369   0.8   0   0   1
3.67856700700703   0.8   0   0   1
3.68859035035037   0.8   0   0   1
3.69861369369372   0.8   0   0   1
3.70863703703706   0.8   0   0   1
3.7186603803804   0.8   0   0   1
3.72868372372375   0.8   0   0   1
3.73870706706709   0.8   0   0   1
3.74873041041043   0.8   0   0   1
3.75875375375378   0.8   0   0   1
3.76877709709712   0.8   0   0   1
3.77880044044046   0.8   0   0   1
3.78882378378381   0.8   0   0   1
3.79884712712715   0.8   0   0   1
3.80887047047049   0.8   0   0   1
3.81889381381384   0.8   0   0   1
3.82891715715718   0.8   0   0   1
3.83894050050052   0.8   0   0   1
3.84896384384387   0.8   0   0   1
3.85898718718721   0.8   0   0   1
3.86901053053055   0.8   0   0   1
3.8790338738739   0.8   0   0   1
3.88905721721724   0.8   0   0   1
3.89908056056058   0.8   0   0   1
3.90910390390393   0.8   0   0   1
3.91912724724727   0.8   0   0   1
3.92915059059061   0.8   0   0   1
3.93917393393396   0.8   0   0   1
3.9491972772773   0.8   0   0   1
3.95922062062064   0.8   0   0   1
3.96924396396399   0.8   0   0   1
3.97926730730733   0.8   0   0   1
3.98929065065068   0.8   0   0   1
3.99931399399402   0.8   0   0   1
4.00933733733736   0.8   0   0   1
4.01936068068071   0.8   0   0   1
4.02938402402405   0.8   0   0   1
4.03940736736739   0.8   0   0   1
4.04943071071074   0.8   0   0   1
4.05945405405408   0.8   0   0   1
4.06947739739742   0.8   0   0   1
4.07950074074077   0.8   0   0   1
4.08952408408411   0.8   0   0   1
4.09954742742745   0.8   0   0   1
4.1095707707708   0.8   0   0   1
4.11959411411414   0.8   0   0   1
4.12961745745748   0.8   0   0   1
4.13964080080083   0.8   0   0   1
4.14966414414417   0.8   0   0   1
4.15968748748751   0.8   0   0   1
4.16971083083086   0.8   0   0   1
4.1797341741742   0.8   0   0   1
4.18975751751754   0.8   0   0   1
4.19978086086089   0.8   0   0   1
4.20980420420423   0.8   0   0   1
4.21982754754757   0.8   0   0   1
4.22985089089092   0.8   0   0   1
4.23987423423426   0.8   0   0   1
4.2498975775776   0.8   0   0   1
4.25992092092095   0.8   0   0   1
4.26994426426429   0.8   0   0   1
4.27996760760763   0.8   0   0   1
4.28999095095098   0.8   0   0   1
4.30001429429432   0.8   0   0   1
4.31003763763766   0.8   0   0   1
4.32006098098101   0.8   0   0   1
4.33008432432435   0.8   0   0   1
4.3401076676677   0.8   0   0   1
4.35013101101104   0.8   0   0   1
4.36015435435438   0.8   0   0   1
4.37017769769773   0.8   0   0   1
4.38020104104107   0.8   0   0   1
4.39022438438441   0.8   0   0   1
4.40024772772776   0.8   0   0   1
4.4102710710711   0.8   0   0   1
4.42029441441444   0.8   0   0   1
4.43031775775779   0.8   0   0   1
4.44034110110113   0.8   0   0   1
4.45036444444447   0.8   0   0   1
4.46038778778782   0.8   0   0   1
4.47041113113116   0.8   0   0   1
4.4804344744745   0.8   0   0   1
4.49045781781785   0.8   0   0   1
4.50048116116119   0.8   0   0   1
4.51050450450453   0.8   0   0   1
4.52052784784788   0.8   0   0   1
4.53055119119122   0.8   0   0   1
4.54057453453456   0.8   0   0   1
4.55059787787791   0.8   0   0   1
4.56062122122125   0.8   0   0   1
4.57064456456459   0.8   0   0   1
4.58066790790794   0.8   0   0   1
4.59069125125128   0.8   0   0   1
4.60071459459462   0.8   0   0   1
4.61073793793797   0.8   0   0   1
4.62076128128131   0.8   0   0   1
4.63078462462465   0.8   0   0   1
4.640807967968   0.8   0   0   1
4.65083131131134   0.8   0   0   1
4.66085465465468   0.8   0   0   1
4.67087799799803   0.8   0   0   1
4.68090134134137   0.8   0   0   1
4.69092468468472   0.8   0   0   1
4.70094802802806   0.8   0   0   1
4.7109713713714   0.8   0   0   1
4.72099471471475   0.8   0   0   1
4.73101805805809   0.8   0   0   1
4.74104140140143   0.8   0   0   1
4.75106474474478   0.8   0   0   1
4.76108808808812   0.8   0   0   1
4.77111143143146   0.8   0   0   1
4.78113477477481   0.8   0   0   1
4.79115811811815   0.8   0   0   1
4.80118146146149   0.8   0   0   1
4.81120480480484   0.8   0   0   1
4.82122814814818   0.8   0   0   1
4.83125149149152   0.8   0   0   1
4.84127483483487   0.8   0   0   1
4.85129817817821   0.8   0   0   1
4.86132152152155   0.8   0   0   1
4.8713448648649   0.8   0   0   1
4.88136820820824   0.8   0   0   1
4.89139155155158   0.8   0   0   1
4.90141489489493   0.8   0   0   1
4.91143823823827   0.8   0   0   1
4.92146158158161   0.8   0   0   1
4.93148492492496   0.8   0   0   1
4.9415082682683   0.8   0   0   1
4.95153161161164   0.8   0   0   1
4.96155495495499   0.8   0   0   1
4.97157829829833   0.8   0   0   1
4.98160164164167   0.8   0   0   1
4.99162498498502   0.8   0   0   1
5.00164832832836   0.8   0   0   1
5.0116716716717   0.8   0   0   1
5.02169501501505   0.8   0   0   1
5.03171835835839   0.8   0   0   1
5.04174170170173   0.8   0   0   1
5.05176504504508   0.8   0   0   1
5.06178838838842   0.8   0   0   1
5.07181173173177   0.8   0   0   1
5.08183507507511   0.8   0   0   1
5.09185841841845   0.8   0   0   1
5.1018817617618   0.8   0   0   1
5.11190510510514   0.8   0   0   1
5.12192844844848   0.8   0   0   1
5.13195179179183   0.8   0   0   1
5.14197513513517   0.8   0   0   1
5.15199847847851   0.8   0   0   1
5.16202182182186   0.8   0   0   1
5.1720451651652   0.8   0   0   1
5.18206850850854   0.8   0   0   1
5.19209185185189   0.8   0   0   1
5.20211519519523   0.8   0   0   1
5.21213853853857   0.8   0   0   1
5.22216188188192   0.8   0   0   1
5.23218522522526   0.8   0   0   1
5.2422085685686   0.8   0   0   1
5.25223191191195   0.8   0   0   1
5.26225525525529   0.8   0   0   1
5.27227859859863   0.8   0   0   1
5.28230194194198   0.8   0   0   1
5.29232528528532   0.8   0   0   1
5.30234862862866   0.8   0   0   1
5.31237197197201   0.8   0   0   1
5.32239531531535   0.8   0   0   1
5.33241865865869   0.8   0   0   1
5.34244200200204   0.8   0   0   1
5.35246534534538   0.8   0   0   1
5.36248868868872   0.8   0   0   1
5.37251203203207   0.8   0   0   1
5.38253537537541   0.8   0   0   1
5.39255871871875   0.8   0   0   1
5.4025820620621   0.8   0   0   1
5.41260540540544   0.8   0   0   1
5.42262874874879   0.8   0   0   1
5.43265209209213   0.8   0   0   1
5.44267543543547   0.8   0   0   1
5.45269877877882   0.8   0   0   1
5.46272212212216   0.8   0   0   1
5.4727454654655   0.8   0   0   1
5.48276880880885   0.8   0   0   1
5.49279215215219   0.8   0   0   1
5.50281549549553   0.8   0   0   1
5.51283883883888   0.8   0   0   1
5.52286218218222   0.8   0   0   1
5.53288552552556   0.8   0   0   1
5.54290886886891   0.8   0   0   1
5.55293221221225   0.8   0   0   1
5.56295555555559   0.8   0   0   1
5.57297889889894   0.8   0   0   1
5.58300224224228   0.8   0   0   1
5.59302558558562   0.8   0   0   1
5.60304892892897   0.8   0   0   1
5.61307227227231   0.8   0   0   1
5.62309561561565   0.8   0   0   1
5.633118958959   0.8   0   0   1
5.64314230230234   0.8   0   0   1
5.65316564564568   0.8   0   0   1
5.66318898898903   0.8   0   0   1
5.67321233233237   0.8   0   0   1
5.68323567567571   0.8   0   0   1
5.69325901901906   0.8   0   0   1
5.7032823623624   0.8   0   0   1
5.71330570570574   0.8   0   0   1
5.72332904904909   0.8   0   0   1
5.73335239239243   0.8   0   0   1
5.74337573573577   0.8   0   0   1
5.75339907907912   0.8   0   0   1
5.76342242242246   0.8   0   0   1
5.77344576576581   0.8   0   0   1
5.78346910910915   0.8   0   0   1
5.79349245245249   0.8   0   0   1
5.80351579579584   0.8   0   0   1
5.81353913913918   0.8   0   0   1
5.82356248248252   0.8   0   0   1
5.83358582582587   0.8   0   0   1
5.84360916916921   0.8   0   0   1
5.85363251251255   0.8   0   0   1
5.8636558558559   0.8   0   0   1
5.87367919919924   0.8   0   0   1
5.88370254254258   0.8   0   0   1
5.89372588588593   0.8   0   0   1
5.90374922922927   0.8   0   0   1
5.91377257257261   0.8   0   0   1
5.92379591591596   0.8   0   0   1
5.9338192592593   0.8   0   0   1
5.94384260260264   0.8   0   0   1
5.95386594594599   0.8   0   0   1
5.96388928928933   0.8   0   0   1
5.97391263263267   0.8   0   0   1
5.98393597597602   0.8   0   0   1
5.99395931931936   0.8   0   0   1
6.0039826626627   0.8   0   0   1
6.01400600600605   0.8   0   0   1
6.02402934934939   0.8   0   0   1
6.03405269269273   0.8   0   0   1
6.04407603603608   0.8   0   0   1
6.05409937937942   0.8   0   0   1
6.06412272272276   0.8   0   0   1
6.07414606606611   0.8   0   0   1
6.08416940940945   0.8   0   0   1
6.09419275275279   0.8   0   0   1
6.10421609609614   0.8   0   0   1
6.11423943943948   0.8   0   0   1
6.12426278278283   0.8   0   0   1
6.13428612612617   0.8   0   0   1
6.14430946946951   0.8   0   0   1
6.15433281281286   0.8   0   0   1
6.1643561561562   0.8   0   0   1
6.17437949949954   0.8   0   0   1
6.18440284284289   0.8   0   0   1
6.19442618618623   0.8   0   0   1
6.20444952952957   0.8   0   0   1
6.21447287287292   0.8   0   0   1
6.22449621621626   0.8   0   0   1
6.2345195595596   0.8   0   0   1
6.24454290290295   0.8   0   0   1
6.25456624624629   0.8   0   0   1
6.26458958958963   0.8   0   0   1
6.27461293293298   0.8   0   0   1
6.28463627627632   0.8   0   0   1
6.29465961961966   0.8   0   0   1
6.30468296296301   0.8   0   0   1
6.31470630630635   0.8   0   0   1
6.32472964964969   0.8   0   0   1
6.33475299299304   0.8   0   0   1
6.34477633633638   0.8   0   0   1
6.35479967967972   0.8   0   0   1
6.36482302302307   0.8   0   0   1
6.37484636636641   0.8   0   0   1
6.38486970970975   0.8   0   0   1
6.3948930530531   0.8   0   0   1
6.40491639639644   0.8   0   0   1
6.41493973973978   0.8   0   0   1
6.42496308308313   0.8   0   0   1
6.43498642642647   0.8   0   0   1
6.44500976976981   0.8   0   0   1
6.45503311311316   0.8   0   0   1
6.4650564564565   0.8   0   0   1
6.47507979979985   0.8   0   0   1
6.48510314314319   0.8   0   0   1
6.49512648648653   0.8   0   0   1
6.50514982982988   0.8   0   0   1
6.51517317317322   0.8   0   0   1
6.52519651651656   0.8   0   0   1
6.53521985985991   0.8   0   0   1
6.54524320320325   0.8   0   0   1
6.55526654654659   0.8   0   0   1
6.56528988988994   0.8   0   0   1
6.57531323323328   0.8   0   0   1
6.58533657657662   0.8   0   0   1
6.59535991991997   0.8   0   0   1
6.60538326326331   0.8   0   0   1
6.61540660660665   0.8   0   0   1
6.62542994995   0.8   0   0   1
6.63545329329334   0.8   0   0   1
6.64547663663668   0.8   0   0   1
6.65549997998003   0.8   0   0   1
6.66552332332337   0.8   0   0   1
6.67554666666671   0.8   0   0   1
6.68557001001006   0.8   0   0   1
6.6955933533534   0.8   0   0   1
6.70561669669674   0.8   0   0   1
6.71564004004009   0.8   0   0   1
6.72566338338343   0.8   0   0   1
6.73568672672677   0.8   0   0   1
6.74571007007012   0.8   0   0   1
6.75573341341346   0.8   0   0   1
6.7657567567568   0.8   0   0   1
6.77578010010015   0.8   0   0   1
6.78580344344349   0.8   0   0   1
6.79582678678683   0.8   0   0   1
6.80585013013018   0.8   0   0   1
6.81587347347352   0.8   0   0   1
6.82589681681686   0.8   0   0   1
6.83592016016021   0.8   0   0   1
6.84594350350355   0.8   0   0   1
6.8559668468469   0.8   0   0   1
6.86599019019024   0.8   0   0   1
6.87601353353358   0.8   0   0   1
6.88603687687693   0.8   0   0   1
6.89606022022027   0.8   0   0   1
6.90608356356361   0.8   0   0   1
6.91610690690696   0.8   0   0   1
6.9261302502503   0.8   0   0   1
6.93615359359364   0.8   0   0   1
6.94617693693699   0.8   0   0   1
6.95620028028033   0.8   0   0   1
6.96622362362367   0.8   0   0   1
6.97624696696702   0.8   0   0   1
6.98627031031036   0.8   0   0   1
6.9962936536537   0.8   0   0   1
7.00631699699705   0.8   0   0   1
7.01634034034039   0.8   0   0   1
7.02636368368373   0.8   0   0   1
7.03638702702708   0.8   0   0   1
7.04641037037042   0.8   0   0   1
7.05643371371376   0.8   0   0   1
7.06645705705711   0.8   0   0   1
7.07648040040045   0.8   0   0   1
7.08650374374379   0.8   0   0   1
7.09652708708714   0.8   0   0   1
7.10655043043048   0.8   0   0   1
7.11657377377382   0.8   0   0   1
7.12659711711717   0.8   0   0   1
7.13662046046051   0.8   0   0   1
7.14664380380385   0.8   0   0   1
7.1566671471472   0.8   0   0   1
7.16669049049054   0.8   0   0   1
7.17671383383388   0.8   0   0   1
7.18673717717723   0.8   0   0   1
7.19676052052057   0.8   0   0   1
7.20678386386392   0.8   0   0   1
7.21680720720726   0.8   0   0   1
7.2268305505506   0.8   0   0   1
7.23685389389395   0.8   0   0   1
7.24687723723729   0.8   0   0   1
7.25690058058063   0.8   0   0   1
7.26692392392398   0.8   0   0   1
7.27694726726732   0.8   0   0   1
7.28697061061066   0.8   0   0   1
7.29699395395401   0.8   0   0   1
7.30701729729735   0.8   0   0   1
7.31704064064069   0.8   0   0   1
7.32706398398404   0.8   0   0   1
7.33708732732738   0.8   0   0   1
7.34711067067072   0.8   0   0   1
7.35713401401407   0.8   0   0   1
7.36715735735741   0.8   0   0   1
7.37718070070075   0.8   0   0   1
7.3872040440441   0.8   0   0   1
7.39722738738744   0.8   0   0   1
7.40725073073078   0.8   0   0   1
7.41727407407413   0.8   0   0   1
7.42729741741747   0.8   0   0   1
7.43732076076081   0.8   0   0   1
7.44734410410416   0.8   0   0   1
7.4573674474475   0.8   0   0   1
7.46739079079084   0.8   0   0   1
7.47741413413419   0.8   0   0   1
7.48743747747753   0.8   0   0   1
7.49746082082087   0.8   0   0   1
7.50748416416422   0.8   0   0   1
7.51750750750756   0.8   0   0   1
7.5275308508509   0.8   0   0   1
7.53755419419425   0.8   0   0   1
7.54757753753759   0.8   0   0   1
7.55760088088094   0.8   0   0   1
7.56762422422428   0.8   0   0   1
7.57764756756762   0.8   0   0   1
7.58767091091097   0.8   0   0   1
7.59769425425431   0.8   0   0   1
7.60771759759765   0.8   0   0   1
7.617740940941   0.8   0   0   1
7.62776428428434   0.8   0   0   1
7.63778762762768   0.8   0   0   1
7.64781097097103   0.8   0   0   1
7.65783431431437   0.8   0   0   1
7.66785765765771   0.8   0   0   1
7.67788100100106   0.8   0   0   1
7.6879043443444   0.8   0   0   1
7.69792768768774   0.8   0   0   1
7.70795103103109   0.8   0   0   1
7.71797437437443   0.8   0   0   1
7.72799771771777   0.8   0   0   1
7.73802106106112   0.8   0   0   1
7.74804440440446   0.8   0   0   1
7.7580677477478   0.8   0   0   1
7.76809109109115   0.8   0   0   1
7.77811443443449   0.8   0   0   1
7.78813777777783   0.8   0   0   1
7.79816112112118   0.8   0   0   1
7.80818446446452   0.8   0   0   1
7.81820780780786   0.8   0   0   1
7.82823115115121   0.8   0   0   1
7.83825449449455   0.8   0   0   1
7.84827783783789   0.8   0   0   1
7.85830118118124   0.8   0   0   1
7.86832452452458   0.8   0   0   1
7.87834786786792   0.8   0   0   1
7.88837121121127   0.8   0   0   1
7.89839455455461   0.8   0   0   1
7.90841789789796   0.8   0   0   1
7.9184412412413   0.8   0   0   1
7.92846458458464   0.8   0   0   1
7.93848792792799   0.8   0   0   1
7.94851127127133   0.8   0   0   1
7.95853461461467   0.8   0   0   1
7.96855795795802   0.8   0   0   1
7.97858130130136   0.8   0   0   1
7.9886046446447   0.8   0   0   1
7.99862798798805   0.8   0   0   1
8.00865133133139   0.8   0   0   1
8.01867467467473   0.8   0   0   1
8.02869801801808   0.8   0   0   1
8.03872136136142   0.8   0   0   1
8.04874470470476   0.8   0   0   1
8.05876804804811   0.8   0   0   1
8.06879139139145   0.8   0   0   1
8.07881473473479   0.8   0   0   1
8.08883807807814   0.8   0   0   1
8.09886142142148   0.8   0   0   1
8.10888476476482   0.8   0   0   1
8.11890810810817   0.8   0   0   1
8.12893145145151   0.8   0   0   1
8.13895479479485   0.8   0   0   1
8.1489781381382   0.8   0   0   1
8.15900148148154   0.8   0   0   1
8.16902482482488   0.8   0   0   1
8.17904816816823   0.8   0   0   1
8.18907151151157   0.8   0   0   1
8.19909485485491   0.8   0   0   1
8.20911819819826   0.8   0   0   1
8.2191415415416   0.8   0   0   1
8.22916488488494   0.8   0   0   1
8.23918822822829   0.8   0   0   1
8.24921157157163   0.8   0   0   1
8.25923491491498   0.8   0   0   1
8.26925825825832   0.8   0   0   1
8.27928160160166   0.8   0   0   1
8.28930494494501   0.8   0   0   1
8.29932828828835   0.8   0   0   1
8.30935163163169   0.8   0   0   1
8.31937497497504   0.8   0   0   1
8.32939831831838   0.8   0   0   1
8.33942166166172   0.8   0   0   1
8.34944500500507   0.8   0   0   1
8.35946834834841   0.8   0   0   1
8.36949169169175   0.8   0   0   1
8.3795150350351   0.8   0   0   1
8.38953837837844   0.8   0   0   1
8.39956172172178   0.8   0   0   1
8.40958506506513   0.8   0   0   1
8.41960840840847   0.8   0   0   1
8.42963175175181   0.8   0   0   1
8.43965509509516   0.8   0   0   1
8.4496784384385   0.8   0   0   1
8.45970178178184   0.8   0   0   1
8.46972512512519   0.8   0   0   1
8.47974846846853   0.8   0   0   1
8.48977181181187   0.8   0   0   1
8.49979515515522   0.8   0   0   1
8.50981849849856   0.8   0   0   1
8.5198418418419   0.8   0   0   1
8.52986518518525   0.8   0   0   1
8.53988852852859   0.8   0   0   1
8.54991187187193   0.8   0   0   1
8.55993521521528   0.8   0   0   1
8.56995855855862   0.8   0   0   1
8.57998190190196   0.8   0   0   1
8.59000524524531   0.8   0   0   1
8.60002858858865   0.8   0   0   1
8.610051931932   0.8   0   0   1
8.62007527527534   0.8   0   0   1
8.63009861861868   0.8   0   0   1
8.64012196196203   0.8   0   0   1
8.65014530530537   0.8   0   0   1
8.66016864864871   0.8   0   0   1
8.67019199199206   0.8   0   0   1
8.6802153353354   0.8   0   0   1
8.69023867867874   0.8   0   0   1
8.70026202202209   0.8   0   0   1
8.71028536536543   0.8   0   0   1
8.72030870870877   0.8   0   0   1
8.73033205205212   0.8   0   0   1
8.74035539539546   0.8   0   0   1
8.7503787387388   0.8   0   0   1
8.76040208208215   0.8   0   0   1
8.77042542542549   0.8   0   0   1
8.78044876876883   0.8   0   0   1
8.79047211211218   0.8   0   0   1
8.80049545545552   0.8   0   0   1
8.81051879879886   0.8   0   0   1
8.82054214214221   0.8   0   0   1
8.83056548548555   0.8   0   0   1
8.84058882882889   0.8   0   0   1
8.85061217217224   0.8   0   0   1
8.86063551551558   0.8   0   0   1
8.87065885885892   0.8   0   0   1
8.88068220220227   0.8   0   0   1
8.89070554554561   0.8   0   0   1
8.90072888888895   0.8   0   0   1
8.9107522322323   0.8   0   0   1
8.92077557557564   0.8   0   0   1
8.93079891891898   0.8   0   0   1
8.94082226226233   0.8   0   0   1
8.95084560560567   0.8   0   0   1
8.96086894894901   0.8   0   0   1
8.97089229229236   0.8   0   0   1
8.9809156356357   0.8   0   0   1
8.99093897897905   0.8   0   0   1
9.00096232232239   0.8   0   0   1
9.01098566566573   0.8   0   0   1
9.02100900900908   0.8   0   0   1
9.03103235235242   0.8   0   0   1
9.04105569569576   0.8   0   0   1
9.05107903903911   0.8   0   0   1
9.06110238238245   0.8   0   0   1
9.07112572572579   0.8   0   0   1
9.08114906906914   0.8   0   0   1
9.09117241241248   0.8   0   0   1
9.10119575575582   0.8   0   0   1
9.11121909909917   0.8   0   0   1
9.12124244244251   0.8   0   0   1
9.13126578578585   0.8   0   0   1
9.1412891291292   0.8   0   0   1
9.15131247247254   0.8   0   0   1
9.16133581581588   0.8   0   0   1
9.17135915915923   0.8   0   0   1
9.18138250250257   0.8   0   0   1
9.19140584584591   0.8   0   0   1
9.20142918918926   0.8   0   0   1
9.2114525325326   0.8   0   0   1
9.22147587587594   0.8   0   0   1
9.23149921921929   0.8   0   0   1
9.24152256256263   0.8   0   0   1
9.25154590590597   0.8   0   0   1
9.26156924924932   0.8   0   0   1
9.27159259259266   0.8   0   0   1
9.281615935936   0.8   0   0   1
9.29163927927935   0.8   0   0   1
9.30166262262269   0.8   0   0   1
9.31168596596603   0.8   0   0   1
9.32170930930938   0.8   0   0   1
9.33173265265272   0.8   0   0   1
9.34175599599607   0.8   0   0   1
9.35177933933941   0.8   0   0   1
9.36180268268275   0.8   0   0   1
9.3718260260261   0.8   0   0   1
9.38184936936944   0.8   0   0   1
9.39187271271278   0.8   0   0   1
9.40189605605613   0.8   0   0   1
9.41191939939947   0.8   0   0   1
9.42194274274281   0.8   0   0   1
9.43196608608616   0.8   0   0   1
9.4419894294295   0.8   0   0   1
9.45201277277284   0.8   0   0   1
9.46203611611619   0.8   0   0   1
9.47205945945953   0.8   0   0   1
9.48208280280287   0.8   0   0   1
9.49210614614622   0.8   0   0   1
9.50212948948956   0.8   0   0   1
9.5121528328329   0.8   0   0   1
9.52217617617625   0.8   0   0   1
9.53219951951959   0.8   0   0   1
9.54222286286293   0.8   0   0   1
9.55224620620628   0.8   0   0   1
9.56226954954962   0.8   0   0   1
9.57229289289296   0.8   0   0   1
9.58231623623631   0.8   0   0   1
9.59233957957965   0.8   0   0   1
9.60236292292299   0.8   0   0   1
9.61238626626634   0.8   0   0   1
9.62240960960968   0.8   0   0   1
9.63243295295302   0.8   0   0   1
9.64245629629637   0.8   0   0   1
9.65247963963971   0.8   0   0   1
9.66250298298305   0.8   0   0   1
9.6725263263264   0.8   0   0   1
9.68254966966974   0.8   0   0   1
9.69257301301309   0.8   0   0   1
9.70259635635643   0.8   0   0   1
9.71261969969977   0.8   0   0   1
9.72264304304312   0.8   0   0   1
9.73266638638646   0.8   0   0   1
9.7426897297298   0.8   0   0   1
9.75271307307315   0.8   0   0   1
9.76273641641649   0.8   0   0   1
9.77275975975983   0.8   0   0   1
9.78278310310318   0.8   0   0   1
9.79280644644652   0.8   0   0   1
9.80282978978986   0.8   0   0   1
9.81285313313321   0.8   0   0   1
9.82287647647655   0.8   0   0   1
9.83289981981989   0.8   0   0   1
9.84292316316324   0.8   0   0   1
9.85294650650658   0.8   0   0   1
9.86296984984992   0.8   0   0   1
9.87299319319327   0.8   0   0   1
9.88301653653661   0.8   0   0   1
9.89303987987995   0.8   0   0   1
9.9030632232233   0.8   0   0   1
9.91308656656664   0.8   0   0   1
9.92310990990998   0.8   0   0   1
9.93313325325333   0.8   0   0   1
9.94315659659667   0.8   0   0   1
9.95317993994001   0.8   0   0   1
9.96320328328336   0.8   0   0   1
9.9732266266267   0.8   0   0   1
9.98324996997004   0.8   0   0   1
9.99327331331339   0.8   0   0   1
10.0032966566567   0.8   0   0   1
10.0133200000001   0.8   0   0   1
