variables = x,rho,u,v,p
0   3.8571   2.6293   0   10.3333
0.0100233433433433   3.8571   2.6293   0   10.3333
0.0200466866866867   3.8571   2.6293   0   10.3333
0.03007003003003   3.8571   2.6293   0   10.3333
0.0400933733733734   3.8571   2.6293   0   10.3333
0.0501167167167167   3.8571   2.6293   0   10.3333
0.0601400600600601   3.8571   2.6293   0   10.3333
0.0701634034034034   3.8571   2.6293   0   10.3333
0.0801867467467468   3.8571   2.6293   0   10.3333
0.0902100900900901   3.8571   2.6293   0   10.3333
0.100233433433433   3.8571   2.6293   0   10.3333
0.110256776776777   3.8571   2.6293   0   10.3333
0.12028012012012   3.8571   2.6293   0   10.3333
0.130303463463463   3.8571   2.6293   0   10.3333
0.140326806806807   3.8571   2.6293   0   10.3333
0.15035015015015   3.8571   2.6293   0   10.3333
0.160373493493494   3.8571   2.6293   0   10.3333
0.170396836836837   3.8571   2.6293   0   10.3333
0.18042018018018   3.8571   2.6293   0   10.3333
0.190443523523524   3.8571   2.6293   0   10.3333
0.200466866866867   3.8571   2.6293   0   10.3333
0.21049021021021   3.8571   2.6293   0   10.3333
0.220513553553554   3.8571   2.6293   0   10.3333
0.230536896896897   3.8571   2.6293   0   10.3333
0.24056024024024   3.8571   2.6293   0   10.3333
0.250583583583584   3.8571   2.6293   0   10.3333
0.260606926926927   3.8571   2.6293   0   10.3333
0.27063027027027   3.8571   2.6293   0   10.3333
0.280653613613614   3.8571   2.6293   0   10.3333
0.290676956956957   3.8571   2.6293   0   10.3333
0.3007003003003   3.8571   2.6293   0   10.3333
0.310723643643644   3.8571   2.6293   0   10.3333
0.320746986986987   3.8571   2.6293   0   10.3333
0.330770330330331   3.8571   2.6293   0   10.3333
0.340793673673674   3.8571   2.6293   0   10.3333
0.350817017017017   3.8571   2.6293   0   10.3333
0.360840360360361   3.8571   2.6293   0   10.3333
0.370863703703704   3.8571   2.6293   0   10.3333
0.380887047047047   3.8571   2.6293   0   10.3333
0.390910390390391   3.8571   2.6293   0   10.3333
0.400933733733734   3.8571   2.6293   0   10.3333
0.410957077077078   3.8571   2.6293   0   10.3333
0.420980420420421   3.8571   2.6293   0   10.3333
0.431003763763764   3.8571   2.6293   0   10.3333
0.441027107107108   3.8571   2.6293   0   10.3333
0.451050450450451   3.8571   2.6293   0   10.3333
0.461073793793794   3.8571   2.6293   0   10.3333
0.471097137137138   3.8571   2.6293   0   10.3333
0.481120480480481   3.8571   2.6293   0   10.3333
0.491143823823825   3.8571   2.6293   0   10.3333
0.501167167167168   3.8571   2.6293   0   10.3333
0.511190510510511   3.8571   2.6293   0   10.3333
0.521213853853855   3.8571   2.6293   0   10.3333
0.531237197197198   3.8571   2.6293   0   10.3333
0.541260540540541   3.8571   2.6293   0   10.3333
0.551283883883884   3.8571   2.6293   0   10.3333
0.561307227227228   3.8571   2.6293   -1.44119883853329e-17   10.3333
0.571330570570571   3.85709999999999   2.62930000000001   5.43491924347034e-17   10.3332999999999
0.581353913913914   3.85709999999995   2.62930000000003   1.19068576826194e-16   10.3332999999998
0.591377257257258   3.85709999999988   2.62930000000007   3.74223897249699e-16   10.3332999999995
0.601400600600601   3.85709999999973   2.62930000000016   4.86525397560482e-16   10.3332999999988
0.611423943943944   3.85709999999941   2.62930000000036   2.47875224628179e-16   10.3332999999973
0.621447287287288   3.85709999999872   2.62930000000077   -1.20224363461525e-16   10.3332999999942
0.631470630630631   3.8570999999973   2.62930000000162   -3.60347185964248e-16   10.3332999999877
0.641493973973974   3.85709999999434   2.62930000000339   -4.85669298531153e-16   10.3332999999744
0.651517317317318   3.8570999999883   2.62930000000699   -3.1473863897608e-16   10.3332999999472
0.661540660660661   3.85709999997609   2.62930000001425   6.4329661013449e-17   10.3332999998924
0.671564004004004   3.85709999995165   2.62930000002873   3.38131359413366e-16   10.3332999997831
0.681587347347348   3.85709999990334   2.62930000005727   5.96400817857249e-16   10.3332999995677
0.691610690690691   3.85709999980894   2.62930000011289   4.27921018629712e-16   10.333299999148
0.701634034034034   3.85709999962662   2.62930000021999   5.68819023392708e-16   10.3332999983401
0.711657377377378   3.85709999927853   2.62930000042387   8.04033218451967e-16   10.3332999968023
0.721680720720721   3.85709999862171   2.62930000080746   1.01938688633787e-15   10.3332999939098
0.731704064064064   3.85709999739677   2.62930000152073   8.29943408852334e-16   10.3332999885322
0.741727407407408   3.85709999513901   2.62930000283155   5.7367327885572e-16   10.3332999786517
0.751750750750751   3.85709999102637   2.62930000521224   4.27655884553407e-16   10.3332999607102
0.761774094094094   3.85709998362299   2.62930000948518   4.59707645413188e-16   10.3332999285147
0.771797437437437   3.85709997045284   2.62930001706399   2.39331269614356e-16   10.3332998714217
0.781820780780781   3.85709994730071   2.62930003034744   1.72762124705831e-16   10.3332997713742
0.791844124124124   3.8570999070831   2.62930005335358   -7.9443684837264e-17   10.3332995981324
0.801867467467467   3.85709983805052   2.62930009272548   -9.92062910381427e-17   10.3332993017111
0.811890810810811   3.85709972096821   2.62930015930279   -3.25561978204126e-16   10.3332988005663
0.821914154154154   3.85709952476087   2.62930027054015   -3.05401201217909e-16   10.333297963419
0.831937497497497   3.85709919988799   2.62930045417179   5.44534514538998e-17   10.3332965817214
0.841960840840841   3.85709866842415   2.62930075367708   1.46032954399796e-16   10.3332943286008
0.851984184184184   3.85709780944239   2.62930123630205   1.99895293084495e-16   10.3332906986201
0.862007527527527   3.85709643782719   2.62930200463896   4.32411060321941e-16   10.3332849208407
0.872030870870871   3.85709427407697   2.62930321306123   4.19535820167981e-16   10.3332758354666
0.882054214214214   3.85709090200351   2.62930509064623   4.47624158923776e-16   10.3332617218401
0.892077557557557   3.8570857105278   2.62930797257584   7.54148744560952e-16   10.3332400628946
0.902100900900901   3.85707781506407   2.62931234235325   8.66749363444265e-16   10.3332072285678
0.912124244244244   3.85706595336384   2.629318887466   1.22103235721398e-15   10.3331580585235
0.922147587587587   3.85704835028467   2.62932857129254   1.40209327222469e-15   10.3330853233052
0.932170930930931   3.85702254591712   2.62934272400647   1.32163860421535e-15   10.3329790434132
0.942194274274274   3.85698518204239   2.62936315488082   1.4251200408641e-15   10.332825648505
0.952217617617617   3.85693174321509   2.62939228762583   1.74525701896953e-15   10.3326069647623
0.96224096096096   3.8568562510733   2.6294333191123   2.22904610946315e-15   10.3322990282025
0.972264304304304   3.85675091393075   2.62949039996851   2.36669941509743e-15   10.3318707358467
0.982287647647647   3.8566057383662   2.62956883307707   2.29101620918955e-15   10.3312823653415
0.99231099099099   3.85640811531519   2.62967528300197   2.21521187099549e-15   10.3304840163861
1.00233433433433   3.85614239981194   2.62981798601123   1.92854090268734e-15   10.3294140529281
1.01235767767768   3.85578951052585   2.63000694690801   1.85980165987192e-15   10.3279976514373
1.02238102102102   3.85532658185695   2.63025410573234   1.77625136333513e-15   10.3261455847041
1.03240436436436   3.85472670668158   2.63057345502105   1.71917302362118e-15   10.3237533889182
1.04242770770771   3.85395881085908   2.63098108721709   1.20408040148286e-15   10.3207010703802
1.05245105105105   3.8529877003549   2.6314951524555   4.69466305733002e-16   10.316853503516
1.06247439439439   3.85177431755638   2.63213570963802   5.70022424539064e-18   10.3120616513102
1.07249773773774   3.85027623470608   2.63292445853327   -2.8179852857244e-16   10.3061647019403
1.08252108108108   3.84844839955135   2.63388434740808   -5.70269589643077e-16   10.2989931625577
1.09254442442442   3.84624413212272   2.63503905890672   -5.82643649801971e-16   10.2903728864961
1.10256776776777   3.84361635340299   2.63641238577916   -2.66508547675818e-16   10.2801299395285
1.11259111111111   3.84051900835866   2.63802751667931   1.35396259600423e-17   10.2680961414848
1.12261445445445   3.83690862937505   2.63990625964067   2.72711990685093e-16   10.2541150593478
1.1326377977978   3.83274597343328   2.6420682361503   6.64735188135731e-16   10.2380481838757
1.14266114114114   3.82799765881784   2.64453008140959   1.24416630057457e-15   10.2197809989183
1.15268448448449   3.82263772550582   2.64730468618375   1.65239614647388e-15   10.1992286531939
1.16270782782783   3.81664904763007   2.6504005127802   1.94913569300639e-15   10.1763409675531
1.17273117117117   3.81002453573859   2.65382101268493   2.35708403511694e-15   10.1511065529506
1.18275451451452   3.80276807959292   2.65756416699659   2.87617613132567e-15   10.1235558695547
1.19277785785786   3.79489519720794   2.66162216390906   3.06007857490927e-15   10.0937631185681
1.2028012012012   3.786433370912   2.6659812209549   2.90950078641008e-15   10.0618469182995
1.21282454454455   3.77742206478112   2.67062155422931   2.96780814493123e-15   10.0279697687106
1.22284788788789   3.76791242867277   2.67551749282769   3.29904753013474e-15   9.99233634973768
1.23287123123123   3.75796670159986   2.68063773442359   3.55595438499578e-15   9.95519072601046
1.24289457457458   3.74765733128746   2.68594573717919   3.37597771490303e-15   9.91681254433337
1.25291791791792   3.73706582795502   2.69140024363934   3.37330362460487e-15   9.87751231271734
1.26294126126126   3.72628136965998   2.69695593332047   3.35936909481196e-15   9.83762584482687
1.27296460460461   3.71539917527601   2.70256420161558   3.20459010497893e-15   9.79750794660482
1.28298794794795   3.7045186609097   2.70817406256037   3.18141411432913e-15   9.75752541828285
1.29301129129129   3.69374139783862   2.71373317112301   3.48337263465226e-15   9.71804945057699
1.30303463463464   3.68316889621832   2.71918895629533   3.63392957201451e-15   9.6794475132679
1.31305797797798   3.67290024971216   2.7244898489606   3.60623077831364e-15   9.64207487040618
1.32308132132132   3.6630296919374   2.72958657831163   3.62651615379755e-15   9.60626590911375
1.33310466466467   3.65364413525824   2.73443349811245   3.61852919775705e-15   9.57232553477751
1.34312800800801   3.64482078385261   2.7389898906563   3.65848526391682e-15   9.54052095657668
1.35315135135135   3.63662493280738   2.74322118388867   3.94419426040552e-15   9.51107425192953
1.3631746946947   3.62910807903691   2.74710000836801   4.31563461449461e-15   9.48415614182646
1.37319803803804   3.62230647359157   2.75060701818644   4.68980269475017e-15   9.45988141570475
1.38322138138138   3.61624023461683   2.75373140589148   5.16198270217005e-15   9.43830640168354
1.39324472472473   3.61091311375968   2.75647105698042   6.13618755528389e-15   9.41942877907233
1.40326806806807   3.6063129667726   2.75883231420517   6.64545501277411e-15   9.40318987797049
1.41329141141141   3.60241292510984   2.7608293533915   6.51601502306822e-15   9.38947941922608
1.42331475475476   3.59917320595726   2.76248320675568   6.39184160178572e-15   9.37814244050612
1.4333380980981   3.59654344167636   2.76382050183637   6.32978301949055e-15   9.36898796012884
1.44336144144144   3.59446536452055   2.76487200923832   6.42720703833279e-15   9.36179877905578
1.45338478478479   3.59287565549633   2.76567110661004   6.15843076821969e-15   9.35634173619043
1.46340812812813   3.59170876109277   2.76625226779287   6.75978400500367e-15   9.35237772472959
1.47343147147147   3.59089949818849   2.76664967529332   6.83738548128437e-15   9.34967084604394
1.48345481481482   3.59038530207202   2.76689603359936   7.02164068491905e-15   9.34799620813516
1.49347815815816   3.59010801890925   2.76702163420194   6.89918966280551e-15   9.34714604508567
1.50350150150151   3.59001519477191   2.76705369477629   6.81425345748224e-15   9.34693401560271
1.51352484484485   3.59006086149218   2.76701596871206   6.8433097094196e-15   9.3471977081505
1.52354818818819   3.59020585965152   2.76692859992897   6.71921541021853e-15   9.34779951854475
1.53357153153154   3.59041776763392   2.76680818325276   6.6857385512305e-15   9.34862616248137
1.54359487487488   3.59067052179744   2.76666798286564   6.88490922840464e-15   9.34958713754656
1.55361821821822   3.59094381725356   2.76651825979211   7.08360403004882e-15   9.35061246067811
1.56364156156157   3.59122237358157   2.76636666270426   7.0415849109511e-15   9.351649986062
1.57366490490491   3.59149513776524   2.76621864293166   7.68056221721183e-15   9.35266256530407
1.58368824824825   3.59175448049666   2.76607786288151   8.01878007122306e-15   9.35362525665236
1.5937115915916   3.59199542417564   2.76594657579365   8.38901192641535e-15   9.35452273187815
1.60373493493494   3.59221492330455   2.76582596289605   8.69977617961855e-15   9.35534697479462
1.61375827827828   3.5924112017867   2.76571642097064   8.82722660969526e-15   9.35609531857745
1.62378162162163   3.5925831375889   2.76561779879061   8.4266777824197e-15   9.35676883216715
1.63380496496497   3.59272967365118   2.76552958480389   8.20460540266513e-15   9.35737103947358
1.64382830830831   3.59284922494376   2.76545105094378   7.95930094673475e-15   9.35790693805723
1.65385165165166   3.59293904529211   2.76538135877563   7.91216642430176e-15   9.35838227490791
1.663874994995   3.59299451425332   2.7653196346096   7.32903443444752e-15   9.35880303406213
1.67389833833834   3.59300830438664   2.76526501999165   6.53220477317742e-15   9.35917509228144
1.68392168168169   3.59296939340889   2.76521670336448   5.67307756746566e-15   9.35950400324509
1.69394502502503   3.59286189481585   2.76517393785977   4.72540852556364e-15   9.35979487637815
1.70396836836837   3.59266369545083   2.7651360492862   3.96064191825675e-15   9.36005232256342
1.71399171171172   3.59234490985545   2.76510243751161   3.25443602127027e-15   9.36028044490035
1.72401505505506   3.59186618918064   2.76507257366211   1.7721720118851e-15   9.36048285797544
1.7340383983984   3.59117695628862   2.76504599490371   6.11608938652479e-16   9.36066272359679
1.74406174174175   3.59021367667773   2.76502229804165   -3.41891147754883e-16   9.36082279457128
1.75408508508509   3.58889831399457   2.76500113276107   -8.99042242450248e-16   9.36096546091204
1.76410842842843   3.58713715489159   2.76498219502669   -1.5886872344049e-15   9.36109279495515
1.77413177177178   3.58482021552993   2.76496522093955   -2.18555985274049e-15   9.36120659336124
1.78415511511512   3.5818214552316   2.76494998119878   -2.44815933872511e-15   9.36130841500377
1.79417845845846   3.57800001590295   2.76493627621755   -2.29366422293776e-15   9.36139961441497
1.80420180180181   3.57320267416006   2.76492393188224   -2.37973239168554e-15   9.36148137087134
1.81422514514515   3.56726763386149   2.76491279590958   -2.16020633092609e-15   9.36155471342822
1.82424848848849   3.56002970016558   2.76490273474048   -2.03213437220388e-15   9.36162054232255
1.83427183183184   3.55132676599349   2.76489363090357   -2.17627235179255e-15   9.36167964719312
1.84429517517518   3.54100741540942   2.76488538078363   -2.15710048554932e-15   9.36173272255514
1.85431851851853   3.52893931694476   2.76487789273437   -2.10551082672986e-15   9.36178038092805
1.86434186186187   3.51501795695112   2.7648710854821   -1.79796527813707e-15   9.36182316396921
1.87436520520521   3.49917516354669   2.76486488677353   -1.78486375477933e-15   9.36186155191685
1.88438854854856   3.48138680989957   2.76485923222755   -1.46290231774553e-15   9.36189597160069
1.8944118918919   3.46167907316357   2.76485406435704   -8.79668819035542e-16   9.36192680323845
1.90443523523524   3.44013266958209   2.76484933173189   -4.63196171527737e-16   9.36195438620228
1.91445857857859   3.41688458844761   2.76484498825934   -4.12578887000298e-16   9.36197902391095
1.92448192192193   3.39212700245092   2.7648409925614   -2.87078504924855e-16   9.36200098798034
1.93450526526527   3.36610322766585   2.76483730743289   -6.00265016267726e-16   9.36202052174549
1.94452860860862   3.33910082570518   2.7648338993663   -5.89436121466115e-16   9.36203784325211
1.95455195195196   3.31144216255017   2.76483073813226   -3.82933958300636e-16   9.36205314780187
1.9645752952953   3.2834729411147   2.76482779640672   -4.45522772236203e-16   9.36206661012406
1.97459863863865   3.255549387172   2.76482504943708   -6.01234817042583e-16   9.36207838623679
1.98462198198199   3.2280248743045   2.76482247474165   -8.16355780513577e-16   9.36208861505016
1.99464532532533   3.20123681256247   2.76482005183712   -1.18142955978106e-15   9.36209741975533
2.00466866866868   3.17549459436598   2.76481776198985   -1.49207140967661e-15   9.36210490903327
2.01469201201202   3.15106929425424   2.76481558798664   -1.59054728177603e-15   9.36211117810574
2.02471535535536   3.12818566762527   2.76481351392036   -1.6345831724854e-15   9.36211630963703
2.03473869869871   3.10701680414805   2.76481152498389   -1.95779953133166e-15   9.36212037447441
2.04476204204205   3.08768158371821   2.76480960726259   -1.80279289868273e-15   9.36212343218173
2.05478538538539   3.0702448770024   2.76480774750807   -1.59814605905382e-15   9.36212553126317
2.06480872872874   3.05472024743558   2.76480593286219   -9.99410454650198e-16   9.36212670886791
2.07483207207208   3.04107476202206   2.76480415047336   -3.15247323458126e-16   9.36212698956769
2.08485541541542   3.02923541446749   2.76480238689543   2.69496872130267e-16   9.36212638242333
2.09487875875877   3.01909661044244   2.76480062706065   4.40429179804604e-16   9.36212487483698
2.10490210210211   3.01052816004981   2.76479885242896   5.51425533841753e-16   9.36212242031582
2.11492544544545   3.00338326096778   2.76479703755381   5.24346087701822e-16   9.36211891465012
2.1249487887888   2.9975060278038   2.76479514361271   7.51247016763397e-16   9.36211414999799
2.13497213213214   2.99273821722485   2.76479310612864   6.55558289064528e-16   9.36210772679589
2.14499547547548   2.98892490179295   2.76479081158377   3.11476139895701e-17   9.36209888513415
2.15501881881883   2.98591894550873   2.76478805280602   -3.53536839936734e-16   9.36208618233708
2.16504216216217   2.98358421853203   2.76478444380908   -5.50647559648694e-16   9.36206687688308
2.17506550550551   2.98179754465785   2.7647792572089   -7.24884285272151e-16   9.36203575170954
2.18508884884886   2.98044938732394   2.7647711138425   -1.40514179308419e-15   9.3619828674899
2.1951121921922   2.9794432247576   2.76475739030999   -2.09166289683104e-15   9.36188927399907
2.20513553553555   2.97869340110178   2.76473308825842   -2.84806527626694e-15   9.36171882573465
2.21515887887889   2.97812089035706   2.76468867670712   -3.48487578767871e-15   9.36140256657752
2.22518222222223   2.9776457247543   2.76460597523943   -4.32704026154015e-15   9.36080894454141
2.23520556556558   2.97717353290948   2.76445030016392   -4.80220673035031e-15   9.35968701930651
2.24522890890892   2.97657116098469   2.76415548326957   -5.43204629975676e-15   9.35755823887222
2.25525225225226   2.97562168357314   2.76359529960551   -6.1720239790966e-15   9.3535104282846
2.26527559559561   2.97394033798373   2.76252898798242   -6.73954037501376e-15   9.3458064030278
2.27529893893895   2.97081657948375   2.7604974179028   -7.16931908417545e-15   9.33114317300436
2.28532228228229   2.9649176613939   2.75662535138776   -7.94671918541948e-15   9.3032598248518
2.29534562562564   2.953737162676   2.74924545587958   -8.81678381298246e-15   9.25035766108246
2.30536896896898   2.93258996132544   2.73518559158875   -9.08777735057136e-15   9.15044973342446
2.31539231231232   2.89285912936738   2.70842645657363   -8.8188605126553e-15   8.96344429814434
2.32541565565567   2.81922014494131   2.65760915101043   -8.32861265231119e-15   8.61931269976466
2.33543899899901   2.686239038735   2.56156719576859   -7.91821688353582e-15   8.00609854211906
2.34546234234235   2.45766892160784   2.38209408389621   -6.9458787628573e-15   6.97756355893637
2.3554856856857   2.09971681179435   2.05629636656688   -5.65284565193075e-15   5.43592529898449
2.36550902902904   1.62792796008904   1.51052384740031   -3.71651852960697e-15   3.55450866201509
2.37553237237238   1.17077162326328   0.780771709317262   -1.72743789944981e-15   1.96039857169032
2.38555571571573   0.900675162161476   0.217563343379696   -5.08619205775332e-16   1.20717741139941
2.39557905905907   0.816822461335699   0.0348333145498394   -8.38395243485113e-17   1.03028530902215
2.40560240240241   0.802252106617212   0.00462920676532211   -1.22935557615317e-19   1.00395440214221
2.41562574574576   0.800290099552702   0.000596177661905891   -1.01967745892208e-23   1.00050788703805
2.4256490890891   0.800037200037602   7.64486157187247e-05   -4.72059290905507e-29   1.00006510355242
2.43567243243244   0.800004767533933   9.79760463723308e-06   -7.74112021394097e-36   1.00000834324162
2.44569577577579   0.800000610959009   1.25556215825028e-06   -1.82731721395494e-44   1.0000010691792
2.45571911911913   0.800000078293459   1.6089838009377e-07   -3.2609915236775e-53   1.00000013701357
2.46574246246247   0.800000010033154   2.06188144528556e-08   -3.17424877281423e-63   1.00000001755802
2.47576580580582   0.800000001285726   2.64225418076887e-09   -8.49518909681931e-75   1.00000000225002
2.48578914914916   0.800000000164762   3.38597545727243e-10   -1.51053589962471e-86   1.00000000028833
2.4958124924925   0.800000000021114   4.3389838466191e-11   -2.3523122613557e-99   1.00000000003695
2.50583583583585   0.800000000002705   5.55981051297915e-12   -3.14519636451391e-113   1.00000000000473
2.51585917917919   0.800000000000346   7.12188347223431e-13   -3.42509925793977e-128   1.00000000000061
2.52588252252253   0.800000000000044   9.10491847113625e-14   -2.85240707608222e-144   1.00000000000008
2.53590586586588   0.800000000000006   1.14384582025872e-14   -1.66018043880149e-161   1.00000000000001
2.54592920920922   0.800000000000001   1.32012589664531e-15   -5.04821972920791e-180   1
2.55595255255257   0.8   1.10669206240177e-16   -8.32973648900146e-202   1
2.56597589589591   0.8   0   0   1
2.57599923923925   0.8   0   0   1
2.5860225825826   0.8   0   0   1
2.59604592592594   0.8   0   0   1
2.60606926926928   0.8   0   0   1
2.61609261261263   0.8   0   0   1
2.62611595595597   0.8   0   0   1
2.63613929929931   0.8   0   0   1
2.64616264264266   0.8   0   0   1
2.656185985986   0.8   0   0   1
2.66620932932934   0.8   0   0   1
2.67623267267269   0.8   0   0   1
2.68625601601603   0.8   0   0   1
2.69627935935937   0.8   0   0   1
2.70630270270272   0.8   0   0   1
2.71632604604606   0.8   0   0   1
2.7263493893894   0.8   0   0   1
2.73637273273275   0.8   0   0   1
2.74639607607609   0.8   0   0   1
2.75641941941943   0.8   0   0   1
2.76644276276278   0.8   0   0   1
2.77646610610612   0.8   0   0   1
2.78648944944946   0.8   0   0   1
2.79651279279281   0.8   0   0   1
2.80653613613615   0.8   0   0   1
2.81655947947949   0.8   0   0   1
2.82658282282284   0.8   0   0   1
2.83660616616618   0.8   0   0   1
2.84662950950952   0.8   0   0   1
2.85665285285287   0.8   0   0   1
2.86667619619621   0.8   0   0   1
2.87669953953955   0.8   0   0   1
2.8867228828829   0.8   0   0   1
2.89674622622624   0.8   0   0   1
2.90676956956958   0.8   0   0   1
2.91679291291293   0.8   0   0   1
2.92681625625627   0.8   0   0   1
2.93683959959962   0.8   0   0   1
2.94686294294296   0.8   0   0   1
2.9568862862863   0.8   0   0   1
2.96690962962965   0.8   0   0   1
2.97693297297299   0.8   0   0   1
2.98695631631633   0.8   0   0   1
2.99697965965968   0.8   0   0   1
3.00700300300302   0.8   0   0   1
3.01702634634636   0.8   0   0   1
3.02704968968971   0.8   0   0   1
3.03707303303305   0.8   0   0   1
3.04709637637639   0.8   0   0   1
3.05711971971974   0.8   0   0   1
3.06714306306308   0.8   0   0   1
3.07716640640642   0.8   0   0   1
3.08718974974977   0.8   0   0   1
3.09721309309311   0.8   0   0   1
3.10723643643645   0.8   0   0   1
3.1172597797798   0.8   0   0   1
3.12728312312314   0.8   0   0   1
3.13730646646648   0.8   0   0   1
3.14732980980983   0.8   0   0   1
3.15735315315317   0.8   0   0   1
3.16737649649651   0.8   0   0   1
3.17739983983986   0.8   0   0   1
3.1874231831832   0.8   0   0   1
3.19744652652654   0.8   0   0   1
3.20746986986989   0.8   0   0   1
3.21749321321323   0.8   0   0   1
3.22751655655657   0.8   0   0   1
3.23753989989992   0.8   0   0   1
3.24756324324326   0.8   0   0   1
3.2575865865866   0.8   0   0   1
3.26760992992995   0.8   0   0   1
3.27763327327329   0.8   0   0   1
3.28765661661664   0.8   0   0   1
3.29767995995998   0.8   0   0   1
3.30770330330332   0.8   0   0   1
3.31772664664667   0.8   0   0   1
3.32774998999001   0.8   0   0   1
3.33777333333335   0.8   0   0   1
3.3477966766767   0.8   0   0   1
3.35782002002004   0.8   0   0   1
3.36784336336338   0.8   0   0   1
3.37786670670673   0.8   0   0   1
3.38789005005007   0.8   0   0   1
3.39791339339341   0.8   0   0   1
3.40793673673676   0.8   0   0   1
3.4179600800801   0.8   0   0   1
3.42798342342344   0.8   0   0   1
3.43800676676679   0.8   0   0   1
3.44803011011013   0.8   0   0   1
3.45805345345347   0.8   0   0   1
3.46807679679682   0.8   0   0   1
3.47810014014016   0.8   0   0   1
3.4881234834835   0.8   0   0   1
3.49814682682685   0.8   0   0   1
3.50817017017019   0.8   0   0   1
3.51819351351353   0.8   0   0   1
3.52821685685688   0.8   0   0   1
3.53824020020022   0.8   0   0   1
3.54826354354356   0.8   0   0   1
3.55828688688691   0.8   0   0   1
3.56831023023025   0.8   0   0   1
3.57833357357359   0.8   0   0   1
3.58835691691694   0.8   0   0   1
3.59838026026028   0.8   0   0   1
3.60840360360362   0.8   0   0   1
3.61842694694697   0.8   0   0   1
3.62845029029031   0.8   0   0   1
3.63847363363366   0.8   0   0   1
3.648496976977   0.8   0   0   1
3.65852032032034   0.8   0   0   1
3.66854366366369   0.8   0   0   1
3.67856700700703   0.8   0   0   1
3.68859035035037   0.8   0   0   1
3.69861369369372   0.8   0   0   1
3.70863703703706   0.8   0   0   1
3.7186603803804   0.8   0   0   1
3.72868372372375   0.8   0   0   1
3.73870706706709   0.8   0   0   1
3.74873041041043   0.8   0   0   1
3.75875375375378   0.8   0   0   1
3.76877709709712   0.8   0   0   1
3.77880044044046   0.8   0   0   1
3.78882378378381   0.8   0   0   1
3.79884712712715   0.8   0   0   1
3.80887047047049   0.8   0   0   1
3.81889381381384   0.8   0   0   1
3.82891715715718   0.8   0   0   1
3.83894050050052   0.8   0   0   1
3.84896384384387   0.8   0   0   1
3.85898718718721   0.8   0   0   1
3.86901053053055   0.8   0   0   1
3.8790338738739   0.8   0   0   1
3.88905721721724   0.8   0   0   1
3.89908056056058   0.8   0   0   1
3.90910390390393   0.8   0   0   1
3.91912724724727   0.8   0   0   1
3.92915059059061   0.8   0   0   1
3.93917393393396   0.8   0   0   1
3.9491972772773   0.8   0   0   1
3.95922062062064   0.8   0   0   1
3.96924396396399   0.8   0   0   1
3.97926730730733   0.8   0   0   1
3.98929065065068   0.8   0   0   1
3.99931399399402   0.8   0   0   1
4.00933733733736   0.8   0   0   1
4.01936068068071   0.8   0   0   1
4.02938402402405   0.8   0   0   1
4.03940736736739   0.8   0   0   1
4.04943071071074   0.8   0   0   1
4.05945405405408   0.8   0   0   1
4.06947739739742   0.8   0   0   1
4.07950074074077   0.8   0   0   1
4.08952408408411   0.8   0   0   1
4.09954742742745   0.8   0   0   1
4.1095707707708   0.8   0   0   1
4.11959411411414   0.8   0   0   1
4.12961745745748   0.8   0   0   1
4.13964080080083   0.8   0   0   1
4.14966414414417   0.8   0   0   1
4.15968748748751   0.8   0   0   1
4.16971083083086   0.8   0   0   1
4.1797341741742   0.8   0   0   1
4.18975751751754   0.8   0   0   1
4.19978086086089   0.8   0   0   1
4.20980420420423   0.8   0   0   1
4.21982754754757   0.8   0   0   1
4.22985089089092   0.8   0   0   1
4.23987423423426   0.8   0   0   1
4.2498975775776   0.8   0   0   1
4.25992092092095   0.8   0   0   1
4.26994426426429   0.8   0   0   1
4.27996760760763   0.8   0   0   1
4.28999095095098   0.8   0   0   1
4.30001429429432   0.8   0   0   1
4.31003763763766   0.8   0   0   1
4.32006098098101   0.8   0   0   1
4.33008432432435   0.8   0   0   1
4.3401076676677   0.8   0   0   1
4.35013101101104   0.8   0   0   1
4.36015435435438   0.8   0   0   1
4.37017769769773   0.8   0   0   1
4.38020104104107   0.8   0   0   1
4.39022438438441   0.8   0   0   1
4.40024772772776   0.8   0   0   1
4.4102710710711   0.8   0   0   1
4.42029441441444   0.8   0   0   1
4.43031775775779   0.8   0   0   1
4.44034110110113   0.8   0   0   1
4.45036444444447   0.8   0   0   1
4.46038778778782   0.8   0   0   1
4.47041113113116   0.8   0   0   1
4.4804344744745   0.8   0   0   1
4.49045781781785   0.8   0   0   1
4.50048116116119   0.8   0   0   1
4.51050450450453   0.8   0   0   1
4.52052784784788   0.8   0   0   1
4.53055119119122   0.8   0   0   1
4.54057453453456   0.8   0   0   1
4.55059787787791   0.8   0   0   1
4.56062122122125   0.8   0   0   1
4.57064456456459   0.8   0   0   1
4.58066790790794   0.8   0   0   1
4.59069125125128   0.8   0   0   1
4.60071459459462   0.8   0   0   1
4.61073793793797   0.8   0   0   1
4.62076128128131   0.8   0   0   1
4.63078462462465   0.8   0   0   1
4.640807967968   0.8   0   0   1
4.65083131131134   0.8   0   0   1
4.66085465465468   0.8   0   0   1
4.67087799799803   0.8   0   0   1
4.68090134134137   0.8   0   0   1
4.69092468468472   0.8   0   0   1
4.70094802802806   0.8   0   0   1
4.7109713713714   0.8   0   0   1
4.72099471471475   0.8   0   0   1
4.73101805805809   0.8   0   0   1
4.74104140140143   0.8   0   0   1
4.75106474474478   0.8   0   0   1
4.76108808808812   0.8   0   0   1
4.77111143143146   0.8   0   0   1
4.78113477477481   0.8   0   0   1
4.79115811811815   0.8   0   0   1
4.80118146146149   0.8   0   0   1
4.81120480480484   0.8   0   0   1
4.82122814814818   0.8   0   0   1
4.83125149149152   0.8   0   0   1
4.84127483483487   0.8   0   0   1
4.85129817817821   0.8   0   0   1
4.86132152152155   0.8   0   0   1
4.8713448648649   0.8   0   0   1
4.88136820820824   0.8   0   0   1
4.89139155155158   0.8   0   0   1
4.90141489489493   0.8   0   0   1
4.91143823823827   0.8   0   0   1
4.92146158158161   0.8   0   0   1
4.93148492492496   0.8   0   0   1
4.9415082682683   0.8   0   0   1
4.95153161161164   0.8   0   0   1
4.96155495495499   0.8   0   0   1
4.97157829829833   0.8   0   0   1
4.98160164164167   0.8   0   0   1
4.99162498498502   0.8   0   0   1
5.00164832832836   0.8   0   0   1
5.0116716716717   0.8   0   0   1
5.02169501501505   0.8   0   0   1
5.03171835835839   0.8   0   0   1
5.04174170170173   0.8   0   0   1
5.05176504504508   0.8   0   0   1
5.06178838838842   0.8   0   0   1
5.07181173173177   0.8   0   0   1
5.08183507507511   0.8   0   0   1
5.09185841841845   0.8   0   0   1
5.1018817617618   0.8   0   0   1
5.11190510510514   0.8   0   0   1
5.12192844844848   0.8   0   0   1
5.13195179179183   0.8   0   0   1
5.14197513513517   0.8   0   0   1
5.15199847847851   0.8   0   0   1
5.16202182182186   0.8   0   0   1
5.1720451651652   0.8   0   0   1
5.18206850850854   0.8   0   0   1
5.19209185185189   0.8   0   0   1
5.20211519519523   0.8   0   0   1
5.21213853853857   0.8   0   0   1
5.22216188188192   0.8   0   0   1
5.23218522522526   0.8   0   0   1
5.2422085685686   0.8   0   0   1
5.25223191191195   0.8   0   0   1
5.26225525525529   0.8   0   0   1
5.27227859859863   0.8   0   0   1
5.28230194194198   0.8   0   0   1
5.29232528528532   0.8   0   0   1
5.30234862862866   0.8   0   0   1
5.31237197197201   0.8   0   0   1
5.32239531531535   0.8   0   0   1
5.33241865865869   0.8   0   0   1
5.34244200200204   0.8   0   0   1
5.35246534534538   0.8   0   0   1
5.36248868868872   0.8   0   0   1
5.37251203203207   0.8   0   0   1
5.38253537537541   0.8   0   0   1
5.39255871871875   0.8   0   0   1
5.4025820620621   0.8   0   0   1
5.41260540540544   0.8   0   0   1
5.42262874874879   0.8   0   0   1
5.43265209209213   0.8   0   0   1
5.44267543543547   0.8   0   0   1
5.45269877877882   0.8   0   0   1
5.46272212212216   0.8   0   0   1
5.4727454654655   0.8   0   0   1
5.48276880880885   0.8   0   0   1
5.49279215215219   0.8   0   0   1
5.50281549549553   0.8   0   0   1
5.51283883883888   0.8   0   0   1
5.52286218218222   0.8   0   0   1
5.53288552552556   0.8   0   0   1
5.54290886886891   0.8   0   0   1
5.55293221221225   0.8   0   0   1
5.56295555555559   0.8   0   0   1
5.57297889889894   0.8   0   0   1
5.58300224224228   0.8   0   0   1
5.59302558558562   0.8   0   0   1
5.60304892892897   0.8   0   0   1
5.61307227227231   0.8   0   0   1
5.62309561561565   0.8   0   0   1
5.633118958959   0.8   0   0   1
5.64314230230234   0.8   0   0   1
5.65316564564568   0.8   0   0   1
5.66318898898903   0.8   0   0   1
5.67321233233237   0.8   0   0   1
5.68323567567571   0.8   0   0   1
5.69325901901906   0.8   0   0   1
5.7032823623624   0.8   0   0   1
5.71330570570574   0.8   0   0   1
5.72332904904909   0.8   0   0   1
5.73335239239243   0.8   0   0   1
5.74337573573577   0.8   0   0   1
5.75339907907912   0.8   0   0   1
5.76342242242246   0.8   0   0   1
5.77344576576581   0.8   0   0   1
5.78346910910915   0.8   0   0   1
5.79349245245249   0.8   0   0   1
5.80351579579584   0.8   0   0   1
5.81353913913918   0.8   0   0   1
5.82356248248252   0.8   0   0   1
5.83358582582587   0.8   0   0   1
5.84360916916921   0.8   0   0   1
5.85363251251255   0.8   0   0   1
5.8636558558559   0.8   0   0   1
5.87367919919924   0.8   0   0   1
5.88370254254258   0.8   0   0   1
5.89372588588593   0.8   0   0   1
5.90374922922927   0.8   0   0   1
5.91377257257261   0.8   0   0   1
5.92379591591596   0.8   0   0   1
5.9338192592593   0.8   0   0   1
5.94384260260264   0.8   0   0   1
5.95386594594599   0.8   0   0   1
5.96388928928933   0.8   0   0   1
5.97391263263267   0.8   0   0   1
5.98393597597602   0.8   0   0   1
5.99395931931936   0.8   0   0   1
6.0039826626627   0.8   0   0   1
6.01400600600605   0.8   0   0   1
6.02402934934939   0.8   0   0   1
6.03405269269273   0.8   0   0   1
6.04407603603608   0.8   0   0   1
6.05409937937942   0.8   0   0   1
6.06412272272276   0.8   0   0   1
6.07414606606611   0.8   0   0   1
6.08416940940945   0.8   0   0   1
6.09419275275279   0.8   0   0   1
6.10421609609614   0.8   0   0   1
6.11423943943948   0.8   0   0   1
6.12426278278283   0.8   0   0   1
6.13428612612617   0.8   0   0   1
6.14430946946951   0.8   0   0   1
6.15433281281286   0.8   0   0   1
6.1643561561562   0.8   0   0   1
6.17437949949954   0.8   0   0   1
6.18440284284289   0.8   0   0   1
6.19442618618623   0.8   0   0   1
6.20444952952957   0.8   0   0   1
6.21447287287292   0.8   0   0   1
6.22449621621626   0.8   0   0   1
6.2345195595596   0.8   0   0   1
6.24454290290295   0.8   0   0   1
6.25456624624629   0.8   0   0   1
6.26458958958963   0.8   0   0   1
6.27461293293298   0.8   0   0   1
6.28463627627632   0.8   0   0   1
6.29465961961966   0.8   0   0   1
6.30468296296301   0.8   0   0   1
6.31470630630635   0.8   0   0   1
6.32472964964969   0.8   0   0   1
6.33475299299304   0.8   0   0   1
6.34477633633638   0.8   0   0   1
6.35479967967972   0.8   0   0   1
6.36482302302307   0.8   0   0   1
6.37484636636641   0.8   0   0   1
6.38486970970975   0.8   0   0   1
6.3948930530531   0.8   0   0   1
6.40491639639644   0.8   0   0   1
6.41493973973978   0.8   0   0   1
6.42496308308313   0.8   0   0   1
6.43498642642647   0.8   0   0   1
6.44500976976981   0.8   0   0   1
6.45503311311316   0.8   0   0   1
6.4650564564565   0.8   0   0   1
6.47507979979985   0.8   0   0   1
6.48510314314319   0.8   0   0   1
6.49512648648653   0.8   0   0   1
6.50514982982988   0.8   0   0   1
6.51517317317322   0.8   0   0   1
6.52519651651656   0.8   0   0   1
6.53521985985991   0.8   0   0   1
6.54524320320325   0.8   0   0   1
6.55526654654659   0.8   0   0   1
6.56528988988994   0.8   0   0   1
6.57531323323328   0.8   0   0   1
6.58533657657662   0.8   0   0   1
6.59535991991997   0.8   0   0   1
6.60538326326331   0.8   0   0   1
6.61540660660665   0.8   0   0   1
6.62542994995   0.8   0   0   1
6.63545329329334   0.8   0   0   1
6.64547663663668   0.8   0   0   1
6.65549997998003   0.8   0   0   1
6.66552332332337   0.8   0   0   1
6.67554666666671   0.8   0   0   1
6.68557001001006   0.8   0   0   1
6.6955933533534   0.8   0   0   1
6.70561669669674   0.8   0   0   1
6.71564004004009   0.8   0   0   1
6.72566338338343   0.8   0   0   1
6.73568672672677   0.8   0   0   1
6.74571007007012   0.8   0   0   1
6.75573341341346   0.8   0   0   1
6.7657567567568   0.8   0   0   1
6.77578010010015   0.8   0   0   1
6.78580344344349   0.8   0   0   1
6.79582678678683   0.8   0   0   1
6.80585013013018   0.8   0   0   1
6.81587347347352   0.8   0   0   1
6.82589681681686   0.8   0   0   1
6.83592016016021   0.8   0   0   1
6.84594350350355   0.8   0   0   1
6.8559668468469   0.8   0   0   1
6.86599019019024   0.8   0   0   1
6.87601353353358   0.8   0   0   1
6.88603687687693   0.8   0   0   1
6.89606022022027   0.8   0   0   1
6.90608356356361   0.8   0   0   1
6.91610690690696   0.8   0   0   1
6.9261302502503   0.8   0   0   1
6.93615359359364   0.8   0   0   1
6.94617693693699   0.8   0   0   1
6.95620028028033   0.8   0   0   1
6.96622362362367   0.8   0   0   1
6.97624696696702   0.8   0   0   1
6.98627031031036   0.8   0   0   1
6.9962936536537   0.8   0   0   1
7.00631699699705   0.8   0   0   1
7.01634034034039   0.8   0   0   1
7.02636368368373   0.8   0   0   1
7.03638702702708   0.8   0   0   1
7.04641037037042   0.8   0   0   1
7.05643371371376   0.8   0   0   1
7.06645705705711   0.8   0   0   1
7.07648040040045   0.8   0   0   1
7.08650374374379   0.8   0   0   1
7.09652708708714   0.8   0   0   1
7.10655043043048   0.8   0   0   1
7.11657377377382   0.8   0   0   1
7.12659711711717   0.8   0   0   1
7.13662046046051   0.8   0   0   1
7.14664380380385   0.8   0   0   1
7.1566671471472   0.8   0   0   1
7.16669049049054   0.8   0   0   1
7.17671383383388   0.8   0   0   1
7.18673717717723   0.8   0   0   1
7.19676052052057   0.8   0   0   1
7.20678386386392   0.8   0   0   1
7.21680720720726   0.8   0   0   1
7.2268305505506   0.8   0   0   1
7.23685389389395   0.8   0   0   1
7.24687723723729   0.8   0   0   1
7.25690058058063   0.8   0   0   1
7.26692392392398   0.8   0   0   1
7.27694726726732   0.8   0   0   1
7.28697061061066   0.8   0   0   1
7.29699395395401   0.8   0   0   1
7.30701729729735   0.8   0   0   1
7.31704064064069   0.8   0   0   1
7.32706398398404   0.8   0   0   1
7.33708732732738   0.8   0   0   1
7.34711067067072   0.8   0   0   1
7.35713401401407   0.8   0   0   1
7.36715735735741   0.8   0   0   1
7.37718070070075   0.8   0   0   1
7.3872040440441   0.8   0   0   1
7.39722738738744   0.8   0   0   1
7.40725073073078   0.8   0   0   1
7.41727407407413   0.8   0   0   1
7.42729741741747   0.8   0   0   1
7.43732076076081   0.8   0   0   1
7.44734410410416   0.8   0   0   1
7.4573674474475   0.8   0   0   1
7.46739079079084   0.8   0   0   1
7.47741413413419   0.8   0   0   1
7.48743747747753   0.8   0   0   1
7.49746082082087   0.8   0   0   1
7.50748416416422   0.8   0   0   1
7.51750750750756   0.8   0   0   1
7.5275308508509   0.8   0   0   1
7.53755419419425   0.8   0   0   1
7.54757753753759   0.8   0   0   1
7.55760088088094   0.8   0   0   1
7.56762422422428   0.8   0   0   1
7.57764756756762   0.8   0   0   1
7.58767091091097   0.8   0   0   1
7.59769425425431   0.8   0   0   1
7.60771759759765   0.8   0   0   1
7.617740940941   0.8   0   0   1
7.62776428428434   0.8   0   0   1
7.63778762762768   0.8   0   0   1
7.64781097097103   0.8   0   0   1
7.65783431431437   0.8   0   0   1
7.66785765765771   0.8   0   0   1
7.67788100100106   0.8   0   0   1
7.6879043443444   0.8   0   0   1
7.69792768768774   0.8   0   0   1
7.70795103103109   0.8   0   0   1
7.71797437437443   0.8   0   0   1
7.72799771771777   0.8   0   0   1
7.73802106106112   0.8   0   0   1
7.74804440440446   0.8   0   0   1
7.7580677477478   0.8   0   0   1
7.76809109109115   0.8   0   0   1
7.77811443443449   0.8   0   0   1
7.78813777777783   0.8   0   0   1
7.79816112112118   0.8   0   0   1
7.80818446446452   0.8   0   0   1
7.81820780780786   0.8   0   0   1
7.82823115115121   0.8   0   0   1
7.83825449449455   0.8   0   0   1
7.84827783783789   0.8   0   0   1
7.85830118118124   0.8   0   0   1
7.86832452452458   0.8   0   0   1
7.87834786786792   0.8   0   0   1
7.88837121121127   0.8   0   0   1
7.89839455455461   0.8   0   0   1
7.90841789789796   0.8   0   0   1
7.9184412412413   0.8   0   0   1
7.92846458458464   0.8   0   0   1
7.93848792792799   0.8   0   0   1
7.94851127127133   0.8   0   0   1
7.95853461461467   0.8   0   0   1
7.96855795795802   0.8   0   0   1
7.97858130130136   0.8   0   0   1
7.9886046446447   0.8   0   0   1
7.99862798798805   0.8   0   0   1
8.00865133133139   0.8   0   0   1
8.01867467467473   0.8   0   0   1
8.02869801801808   0.8   0   0   1
8.03872136136142   0.8   0   0   1
8.04874470470476   0.8   0   0   1
8.05876804804811   0.8   0   0   1
8.06879139139145   0.8   0   0   1
8.07881473473479   0.8   0   0   1
8.08883807807814   0.8   0   0   1
8.09886142142148   0.8   0   0   1
8.10888476476482   0.8   0   0   1
8.11890810810817   0.8   0   0   1
8.12893145145151   0.8   0   0   1
8.13895479479485   0.8   0   0   1
8.1489781381382   0.8   0   0   1
8.15900148148154   0.8   0   0   1
8.16902482482488   0.8   0   0   1
8.17904816816823   0.8   0   0   1
8.18907151151157   0.8   0   0   1
8.19909485485491   0.8   0   0   1
8.20911819819826   0.8   0   0   1
8.2191415415416   0.8   0   0   1
8.22916488488494   0.8   0   0   1
8.23918822822829   0.8   0   0   1
8.24921157157163   0.8   0   0   1
8.25923491491498   0.8   0   0   1
8.26925825825832   0.8   0   0   1
8.27928160160166   0.8   0   0   1
8.28930494494501   0.8   0   0   1
8.29932828828835   0.8   0   0   1
8.30935163163169   0.8   0   0   1
8.31937497497504   0.8   0   0   1
8.32939831831838   0.8   0   0   1
8.33942166166172   0.8   0   0   1
8.34944500500507   0.8   0   0   1
8.35946834834841   0.8   0   0   1
8.36949169169175   0.8   0   0   1
8.3795150350351   0.8   0   0   1
8.38953837837844   0.8   0   0   1
8.39956172172178   0.8   0   0   1
8.40958506506513   0.8   0   0   1
8.41960840840847   0.8   0   0   1
8.42963175175181   0.8   0   0   1
8.43965509509516   0.8   0   0   1
8.4496784384385   0.8   0   0   1
8.45970178178184   0.8   0   0   1
8.46972512512519   0.8   0   0   1
8.47974846846853   0.8   0   0   1
8.48977181181187   0.8   0   0   1
8.49979515515522   0.8   0   0   1
8.50981849849856   0.8   0   0   1
8.5198418418419   0.8   0   0   1
8.52986518518525   0.8   0   0   1
8.53988852852859   0.8   0   0   1
8.54991187187193   0.8   0   0   1
8.55993521521528   0.8   0   0   1
8.56995855855862   0.8   0   0   1
8.57998190190196   0.8   0   0   1
8.59000524524531   0.8   0   0   1
8.60002858858865   0.8   0   0   1
8.610051931932   0.8   0   0   1
8.62007527527534   0.8   0   0   1
8.63009861861868   0.8   0   0   1
8.64012196196203   0.8   0   0   1
8.65014530530537   0.8   0   0   1
8.66016864864871   0.8   0   0   1
8.67019199199206   0.8   0   0   1
8.6802153353354   0.8   0   0   1
8.69023867867874   0.8   0   0   1
8.70026202202209   0.8   0   0   1
8.71028536536543   0.8   0   0   1
8.72030870870877   0.8   0   0   1
8.73033205205212   0.8   0   0   1
8.74035539539546   0.8   0   0   1
8.7503787387388   0.8   0   0   1
8.76040208208215   0.8   0   0   1
8.77042542542549   0.8   0   0   1
8.78044876876883   0.8   0   0   1
8.79047211211218   0.8   0   0   1
8.80049545545552   0.8   0   0   1
8.81051879879886   0.8   0   0   1
8.82054214214221   0.8   0   0   1
8.83056548548555   0.8   0   0   1
8.84058882882889   0.8   0   0   1
8.85061217217224   0.8   0   0   1
8.86063551551558   0.8   0   0   1
8.87065885885892   0.8   0   0   1
8.88068220220227   0.8   0   0   1
8.89070554554561   0.8   0   0   1
8.90072888888895   0.8   0   0   1
8.9107522322323   0.8   0   0   1
8.92077557557564   0.8   0   0   1
8.93079891891898   0.8   0   0   1
8.94082226226233   0.8   0   0   1
8.95084560560567   0.8   0   0   1
8.96086894894901   0.8   0   0   1
8.97089229229236   0.8   0   0   1
8.9809156356357   0.8   0   0   1
8.99093897897905   0.8   0   0   1
9.00096232232239   0.8   0   0   1
9.01098566566573   0.8   0   0   1
9.02100900900908   0.8   0   0   1
9.03103235235242   0.8   0   0   1
9.04105569569576   0.8   0   0   1
9.05107903903911   0.8   0   0   1
9.06110238238245   0.8   0   0   1
9.07112572572579   0.8   0   0   1
9.08114906906914   0.8   0   0   1
9.09117241241248   0.8   0   0   1
9.10119575575582   0.8   0   0   1
9.11121909909917   0.8   0   0   1
9.12124244244251   0.8   0   0   1
9.13126578578585   0.8   0   0   1
9.1412891291292   0.8   0   0   1
9.15131247247254   0.8   0   0   1
9.16133581581588   0.8   0   0   1
9.17135915915923   0.8   0   0   1
9.18138250250257   0.8   0   0   1
9.19140584584591   0.8   0   0   1
9.20142918918926   0.8   0   0   1
9.2114525325326   0.8   0   0   1
9.22147587587594   0.8   0   0   1
9.23149921921929   0.8   0   0   1
9.24152256256263   0.8   0   0   1
9.25154590590597   0.8   0   0   1
9.26156924924932   0.8   0   0   1
9.27159259259266   0.8   0   0   1
9.281615935936   0.8   0   0   1
9.29163927927935   0.8   0   0   1
9.30166262262269   0.8   0   0   1
9.31168596596603   0.8   0   0   1
9.32170930930938   0.8   0   0   1
9.33173265265272   0.8   0   0   1
9.34175599599607   0.8   0   0   1
9.35177933933941   0.8   0   0   1
9.36180268268275   0.8   0   0   1
9.3718260260261   0.8   0   0   1
9.38184936936944   0.8   0   0   1
9.39187271271278   0.8   0   0   1
9.40189605605613   0.8   0   0   1
9.41191939939947   0.8   0   0   1
9.42194274274281   0.8   0   0   1
9.43196608608616   0.8   0   0   1
9.4419894294295   0.8   0   0   1
9.45201277277284   0.8   0   0   1
9.46203611611619   0.8   0   0   1
9.47205945945953   0.8   0   0   1
9.48208280280287   0.8   0   0   1
9.49210614614622   0.8   0   0   1
9.50212948948956   0.8   0   0   1
9.5121528328329   0.8   0   0   1
9.52217617617625   0.8   0   0   1
9.53219951951959   0.8   0   0   1
9.54222286286293   0.8   0   0   1
9.55224620620628   0.8   0   0   1
9.56226954954962   0.8   0   0   1
9.57229289289296   0.8   0   0   1
9.58231623623631   0.8   0   0   1
9.59233957957965   0.8   0   0   1
9.60236292292299   0.8   0   0   1
9.61238626626634   0.8   0   0   1
9.62240960960968   0.8   0   0   1
9.63243295295302   0.8   0   0   1
9.64245629629637   0.8   0   0   1
9.65247963963971   0.8   0   0   1
9.66250298298305   0.8   0   0   1
9.6725263263264   0.8   0   0   1
9.68254966966974   0.8   0   0   1
9.69257301301309   0.8   0   0   1
9.70259635635643   0.8   0   0   1
9.71261969969977   0.8   0   0   1
9.72264304304312   0.8   0   0   1
9.73266638638646   0.8   0   0   1
9.7426897297298   0.8   0   0   1
9.75271307307315   0.8   0   0   1
9.76273641641649   0.8   0   0   1
9.77275975975983   0.8   0   0   1
9.78278310310318   0.8   0   0   1
9.79280644644652   0.8   0   0   1
9.80282978978986   0.8   0   0   1
9.81285313313321   0.8   0   0   1
9.82287647647655   0.8   0   0   1
9.83289981981989   0.8   0   0   1
9.84292316316324   0.8   0   0   1
9.85294650650658   0.8   0   0   1
9.86296984984992   0.8   0   0   1
9.87299319319327   0.8   0   0   1
9.88301653653661   0.8   0   0   1
9.89303987987995   0.8   0   0   1
9.9030632232233   0.8   0   0   1
9.91308656656664   0.8   0   0   1
9.92310990990998   0.8   0   0   1
9.93313325325333   0.8   0   0   1
9.94315659659667   0.8   0   0   1
9.95317993994001   0.8   0   0   1
9.96320328328336   0.8   0   0   1
9.9732266266267   0.8   0   0   1
9.98324996997004   0.8   0   0   1
9.99327331331339   0.8   0   0   1
10.0032966566567   0.8   0   0   1
10.0133200000001   0.8   0   0   1
