variables = x,rho,u,v,p
0   3.8571   2.6293   0   10.3333
0.0100233433433433   3.8571   2.6293   0   10.3333
0.0200466866866867   3.8571   2.6293   0   10.3333
0.03007003003003   3.8571   2.6293   0   10.3333
0.0400933733733734   3.8571   2.6293   0   10.3333
0.0501167167167167   3.8571   2.6293   0   10.3333
0.0601400600600601   3.8571   2.6293   0   10.3333
0.0701634034034034   3.8571   2.6293   0   10.3333
0.0801867467467468   3.8571   2.6293   0   10.3333
0.0902100900900901   3.8571   2.6293   0   10.3333
0.100233433433433   3.8571   2.6293   0   10.3333
0.110256776776777   3.8571   2.6293   0   10.3333
0.12028012012012   3.8571   2.6293   0   10.3333
0.130303463463463   3.8571   2.6293   0   10.3333
0.140326806806807   3.8571   2.6293   0   10.3333
0.15035015015015   3.8571   2.6293   0   10.3333
0.160373493493494   3.8571   2.6293   0   10.3333
0.170396836836837   3.8571   2.6293   0   10.3333
0.18042018018018   3.8571   2.6293   0   10.3333
0.190443523523524   3.8571   2.6293   0   10.3333
0.200466866866867   3.8571   2.6293   0   10.3333
0.21049021021021   3.8571   2.6293   0   10.3333
0.220513553553554   3.8571   2.6293   0   10.3333
0.230536896896897   3.8571   2.6293   0   10.3333
0.24056024024024   3.8571   2.6293   0   10.3333
0.250583583583584   3.8571   2.6293   0   10.3333
0.260606926926927   3.8571   2.6293   0   10.3333
0.27063027027027   3.8571   2.6293   0   10.3333
0.280653613613614   3.8571   2.6293   0   10.3333
0.290676956956957   3.8571   2.6293   0   10.3333
0.3007003003003   3.8571   2.6293   0   10.3333
0.310723643643644   3.8571   2.6293   0   10.3333
0.320746986986987   3.8571   2.6293   0   10.3333
0.330770330330331   3.8571   2.6293   0   10.3333
0.340793673673674   3.8571   2.6293   0   10.3333
0.350817017017017   3.8571   2.6293   0   10.3333
0.360840360360361   3.8571   2.6293   0   10.3333
0.370863703703704   3.8571   2.6293   0   10.3333
0.380887047047047   3.8571   2.6293   0   10.3333
0.390910390390391   3.8571   2.6293   0   10.3333
0.400933733733734   3.8571   2.6293   0   10.3333
0.410957077077078   3.8571   2.6293   0   10.3333
0.420980420420421   3.8571   2.6293   0   10.3333
0.431003763763764   3.8571   2.6293   0   10.3333
0.441027107107108   3.8571   2.6293   0   10.3333
0.451050450450451   3.8571   2.6293   0   10.3333
0.461073793793794   3.8571   2.6293   0   10.3333
0.471097137137138   3.8571   2.6293   0   10.3333
0.481120480480481   3.8571   2.6293   0   10.3333
0.491143823823825   3.8571   2.6293   0   10.3333
0.501167167167168   3.8571   2.6293   0   10.3333
0.511190510510511   3.8571   2.6293   0   10.3333
0.521213853853855   3.8571   2.6293   0   10.3333
0.531237197197198   3.8571   2.6293   0   10.3333
0.541260540540541   3.8571   2.6293   0   10.3333
0.551283883883884   3.8571   2.6293   0   10.3333
0.561307227227228   3.8571   2.6293   0   10.3333
0.571330570570571   3.8571   2.6293   0   10.3333
0.581353913913914   3.8571   2.6293   -1.62579747101351e-17   10.3333
0.591377257257258   3.85709999999999   2.62930000000001   -3.30531718321817e-16   10.3332999999999
0.601400600600601   3.85709999999996   2.62930000000003   -3.90062158789892e-16   10.3332999999998
0.611423943943944   3.85709999999989   2.62930000000007   -2.68892949422048e-16   10.3332999999995
0.621447287287288   3.85709999999973   2.62930000000017   -2.36649111858738e-16   10.3332999999987
0.631470630630631   3.85709999999935   2.6293000000004   -2.33162857251993e-16   10.333299999997
0.641493973973974   3.85709999999847   2.62930000000094   4.12907366769998e-17   10.3332999999929
0.651517317317318   3.85709999999646   2.62930000000217   2.76795031001132e-16   10.3332999999836
0.661540660660661   3.85709999999195   2.62930000000493   1.08607721517722e-18   10.3332999999627
0.671564004004004   3.85709999998192   2.62930000001102   -1.43343224454234e-16   10.3332999999166
0.681587347347348   3.85709999995996   2.62930000002433   -5.72992442930474e-17   10.333299999816
0.691610690690691   3.85709999991259   2.62930000005293   -3.24101264835478e-19   10.3332999995999
0.701634034034034   3.8570999998118   2.62930000011355   -5.42952162226369e-17   10.3332999991418
0.711657377377378   3.85709999960048   2.62930000024021   9.87115073399713e-17   10.333299998185
0.721680720720721   3.85709999916379   2.62930000050098   3.12267341174485e-16   10.3332999962156
0.731704064064064   3.85709999827445   2.62930000103014   3.60239993664913e-16   10.3332999922203
0.741727407407408   3.85709999648955   2.62930000208824   4.29079829219219e-16   10.3332999842333
0.751750750750751   3.85709999295958   2.62930000417313   3.83161221041052e-16   10.3332999684997
0.761774094094094   3.85709998608073   2.62930000822094   2.38947466875533e-16   10.3332999379608
0.771797437437437   3.85709997287314   2.62930001596401   2.33242913178921e-16   10.3332998795577
0.781820780780781   3.85709994788868   2.62930003055681   -8.11466117423172e-17   10.3332997695178
0.791844124124124   3.85709990132688   2.62930005765073   -1.45425791788099e-16   10.3332995652626
0.801867467467467   3.85709981584404   2.6293001072059   -4.85756173364034e-16   10.3332991917722
0.811890810810811   3.85709966124961   2.62930019648845   -6.48373897568356e-16   10.3332985190331
0.821914154154154   3.8570993858577   2.62930035493458   -7.92287796889627e-16   10.3332973254533
0.831937497497497   3.85709890265641   2.62930063189119   -8.07556070574369e-16   10.3332952396595
0.841960840840841   3.85709806762623   2.62930110868949   -1.11258040780643e-15   10.3332916497435
0.851984184184184   3.85709664643838   2.6293019170943   -1.3586579033761e-15   10.3332855646312
0.862007527527527   3.85709426436822   2.62930326690593   -1.548990601367e-15   10.3332754067501
0.872030870870871   3.85709033257754   2.62930548636369   -1.64176512634316e-15   10.3332587086454
0.882054214214214   3.85708394202243   2.62930907996572   -1.30029006974547e-15   10.333231678983
0.892077557557557   3.85707371429005   2.62931480928551   -1.28849594250037e-15   10.3331885961806
0.902100900900901   3.857057596938   2.62932380317539   -9.318210085573e-16   10.3331209819083
0.912124244244244   3.85703258982577   2.62933770417275   -9.4323443204083e-16   10.3330165036087
0.922147587587587   3.85699438905864   2.62935885766425   -9.62434054108746e-16   10.3328575572946
0.932170930930931   3.85693693719951   2.62939054906496   -4.2570545007884e-16   10.3326194918273
0.942194274274274   3.85685187308109   2.6294372915675   4.55355909968863e-16   10.3322684564476
0.952217617617617   3.85672788252652   2.62950516260958   1.06815965729745e-15   10.331758886799
0.96224096096096   3.85654996295435   2.62960218095328   1.35768780522412e-15   10.3310306921933
0.972264304304304   3.85629863011316   2.62973870829388   1.3168705220498e-15   10.3300062675011
0.982287647647647   3.85594911326635   2.62992785012517   9.54937416613306e-16   10.3285875230554
0.99231099099099   3.85547060437044   2.63018582112799   1.30965977827723e-15   10.3266531982345
1.00233433433433   3.8548256446193   2.63053223198917   1.52563922065077e-15   10.3240567885535
1.01235767767768   3.85396974492638   2.63099024896214   1.78101147271995e-15   10.320625459389
1.02238102102102   3.8528513419939   2.6315865763544   1.66906996423742e-15   10.3161603286187
1.03240436436436   3.85141218547595   2.6323512168567   1.53391406891673e-15   10.3104384643662
1.04242770770771   3.84958823246146   2.63331697589995   1.56949609183264e-15   10.3032168567491
1.05245105105105   3.84731109304451   2.63451869369719   1.50572911468891e-15   10.2942384858096
1.06247439439439   3.84451002737838   2.63599221079399   1.38641065871944e-15   10.2832404325428
1.07249773773774   3.84111444485155   2.63777309726727   1.49617000542161e-15   10.269963785456
1.08252108108108   3.8370568060544   2.63989519898943   1.46851320170878e-15   10.2541649064604
1.09254442442442   3.83227578478346   2.64238907338478   1.54843723607847e-15   10.2356274633921
1.10256776776777   3.82671951648059   2.64528039924041   2.21153785454474e-15   10.2141745344121
1.11259111111111   3.82034874529699   2.64858844895069   2.81571473214147e-15   10.1896800556937
1.12261445445445   3.81313968571675   2.65232470707107   2.8711721028327e-15   10.1620789206581
1.1326377977978   3.80508643472996   2.65649170761978   3.18572075543676e-15   10.1313751375157
1.14266114114114   3.79620280278179   2.66108214661213   3.14189754326117e-15   10.0976475937902
1.15268448448449   3.7865234704866   2.66607830873306   3.28861399551575e-15   10.0610531385486
1.16270782782783   3.77610441741228   2.6714518306151   3.03289105788728e-15   10.0218268516927
1.17273117117117   3.76502260398823   2.67716381000209   2.90251879669657e-15   9.98027950554037
1.18275451451452   3.75337491440259   2.68316526124995   2.81048877582432e-15   9.93679232510049
1.19277785785786   3.74127638613044   2.68939791308214   2.89778120999911e-15   9.89180921691217
1.2028012012012   3.72885776174052   2.69579534307522   2.89802500277029e-15   9.84582666799555
1.21282454454455   3.71626240422052   2.70228444283098   3.22824688310559e-15   9.79938152972665
1.22284788788789   3.70364262309006   2.70878720537587   3.41508775738728e-15   9.75303691466807
1.23287123123123   3.69115547050187   2.71522281899182   3.82642448824553e-15   9.70736646754181
1.24289457457458   3.67895808930287   2.72151003679447   4.15935163673545e-15   9.66293734209654
1.25291791791792   3.66720273168151   2.72756976744832   4.63588902156109e-15   9.62029233384496
1.26294126126126   3.65603161726743   2.73332779992797   4.86417193779518e-15   9.57993178269756
1.27296460460461   3.64557185849854   2.73871753738086   5.09059648202748e-15   9.54229605151659
1.28298794794795   3.63593073876413   2.74368257810788   4.89571463397002e-15   9.50774957124212
1.29301129129129   3.62719167100203   2.74817895417319   4.58050502438663e-15   9.47656757084445
1.30303463463464   3.61941117499911   2.7521768299038   4.48505938542812e-15   9.44892662592127
1.31305797797798   3.61261717686449   2.75566148173806   4.41677140672299e-15   9.42490001734433
1.32308132132132   3.60680884743742   2.7586334312363   3.83625178264463e-15   9.40445857086291
1.33310466466467   3.6019580623464   2.76110768141687   3.05021675419182e-15   9.38747716917925
1.34312800800801   3.5980124020951   2.76311210224755   2.65191872835303e-15   9.37374655206519
1.35315135135135   3.59489944282888   2.76468510767695   2.35611496211296e-15   9.36298944331818
1.3631746946947   3.59253194790908   2.76587284582222   2.03267780396501e-15   9.35487957256586
1.37319803803804   3.59081348332263   2.76672617075686   1.62003041627792e-15   9.34906188476046
1.38322138138138   3.58964396113467   2.76729767093352   1.2613282791559e-15   9.34517219879501
1.39324472472473   3.58892466451216   2.76763899685836   1.38565145451094e-15   9.34285478390169
1.40326806806807   3.5885624110944   2.76779866850478   1.56323570710496e-15   9.34177671438273
1.41329141141141   3.58847264512056   2.76782046527923   2.06865651258772e-15   9.3416383547444
1.42331475475476   3.58858138648518   2.76774242310844   2.88186759653649e-15   9.34217982621373
1.4333380980981   3.58882608399064   2.76759639668218   3.44908629010518e-15   9.34318373413657
1.44336144144144   3.58915550528768   2.76740809758565   4.00767576447163e-15   9.34447474420332
1.45338478478479   3.58952884112891   2.76719749337977   4.43580997776407e-15   9.34591676598588
1.46340812812813   3.58991420852474   2.76697944678705   5.17870670122989e-15   9.3474085443746
1.47343147147147   3.59028671399415   2.76676448349758   5.379355414018e-15   9.34887840074734
1.48345481481482   3.59062619543098   2.7665595961644   5.42444862994574e-15   9.35027874150122
1.49347815815816   3.59091471125409   2.76636901560427   5.21085163087344e-15   9.35158079664538
1.50350150150151   3.59113379998204   2.76619490380577   5.33410611874316e-15   9.35276989391784
1.51352484484485   3.59126150212734   2.76603794419419   5.39481413009329e-15   9.3538414339983
1.52354818818819   3.59126912719531   2.76589782116917   5.24263561264345e-15   9.35479762064079
1.53357153153154   3.59111776690547   2.76577359277087   4.98108851815961e-15   9.35564491936855
1.54359487487488   3.59075460373788   2.76566396775234   4.76064938588838e-15   9.35639216793453
1.55361821821822   3.59010913993015   2.76556750209081   4.20912779719432e-15   9.35704923615221
1.56364156156157   3.58908956991588   2.76548273097975   3.22608394449223e-15   9.35762612577967
1.57366490490491   3.58757962758194   2.76540825151237   2.57656844792445e-15   9.35813240676924
1.58368824824825   3.58543634227578   2.76534276937366   2.01218138385514e-15   9.35857689908713
1.5937115915916   3.58248921386879   2.76528512050337   1.40249099504031e-15   9.35896752536342
1.60373493493494   3.57854134528384   2.76523427629261   6.70591465513321e-16   9.35931127599847
1.61375827827828   3.57337303027276   2.76518933868841   1.85106525009338e-16   9.35961424327574
1.62378162162163   3.56674817024921   2.76514952973269   -2.27690687259306e-16   9.35988169362918
1.63380496496497   3.55842368210717   2.76511417859163   -2.76531895879833e-16   9.36011815722348
1.64382830830831   3.5481617681898   2.76508270802201   -5.32960353019279e-16   9.36032752155228
1.65385165165166   3.53574457411759   2.76505462142242   -4.23767779490911e-16   9.36051312117965
1.663874994995   3.52099039849412   2.76502949106956   -2.9139409871386e-16   9.3606778194588
1.67389833833834   3.50377028940221   2.76500694778379   -2.01409008259968e-16   9.36082408047035
1.68392168168169   3.48402361865888   2.76498667204999   -1.93680523832353e-16   9.36095403089426
1.69394502502503   3.46177111390169   2.76496838649842   -1.75216627490667e-16   9.3610695123568
1.70396836836837   3.43712388508127   2.76495184959105   1.68231136031744e-16   9.36117212520231
1.71399171171172   3.41028721911461   2.76493685034005   3.87508141089797e-16   9.36126326478869
1.72401505505506   3.38155832194697   2.76492320388812   9.52158909001743e-16   9.36134415140416
1.7340383983984   3.35131772265688   2.76491074779629   1.10026257673715e-15   9.36141585482322
1.74406174174175   3.32001465921165   2.76489933890417   1.13535914803866e-15   9.36147931439945
1.75408508508509   3.28814736612644   2.76488885064753   5.97978975303098e-16   9.36153535545518
1.76410842842843   3.25623970410751   2.76487917073368   6.99785100137556e-16   9.36158470257501
1.77413177177178   3.2248159435521   2.76487019908348   5.24865511217971e-16   9.36162799023148
1.78415511511512   3.19437569007256   2.76486184594533   2.51275978290584e-16   9.36166577093679
1.79417845845846   3.16537090054121   2.76485403006212   8.56308864326799e-17   9.36169852076323
1.80420180180181   3.13818669172097   2.7648466767113   -4.84556967896424e-16   9.36172664148728
1.81422514514515   3.11312722702056   2.76483971531027   -1.1826823318337e-15   9.36175045756225
1.82424848848849   3.09040743783419   2.76483307602382   -1.72117314512392e-15   9.3617702041733
1.83427183183184   3.07015076313286   2.76482668431299   -1.65221823342796e-15   9.36178599894196
1.84429517517518   3.05239254380925   2.76482045140398   -2.17325415406643e-15   9.3617977828199
1.85431851851853   3.03708824646988   2.76481425680902   -2.62087586011155e-15   9.36180520227756
1.86434186186187   3.02412535712262   2.76480791548797   -2.74252177869917e-15   9.36180737918905
1.87436520520521   3.01333759842783   2.76480111545473   -3.17820719561451e-15   9.36180246564637
1.88438854854856   3.00452008088763   2.76479329865445   -3.50795071589826e-15   9.36178678694158
1.8944118918919   2.99744407150656   2.76478343313632   -3.50977653457688e-15   9.36175319639191
1.90443523523524   2.99187020447049   2.76476957718564   -3.74226478354309e-15   9.36168792287291
1.91445857857859   2.98755909648005   2.76474804568434   -3.82601186355213e-15   9.36156453781487
1.92448192192193   2.98427836461903   2.76471181650487   -4.06140612121451e-15   9.36133242097066
1.93450526526527   2.98180482793459   2.76464748578396   -4.03005838608764e-15   9.36089472663696
1.94452860860862   2.9799199624512   2.76452945359513   -3.74303118265329e-15   9.36006632406085
1.95455195195196   2.97839504748131   2.76430882546318   -3.70022980265481e-15   9.35849357511955
1.9645752952953   2.9769591110067   2.76389223538258   -3.76191085288467e-15   9.35550148160503
1.97459863863865   2.97523631454168   2.76310145296386   -4.54363254226674e-15   9.34980292065681
1.98462198198199   2.9726271799069   2.76159637236223   -4.92970271508334e-15   9.33894712480159
1.99464532532533   2.96808541145301   2.75872828436366   -5.05408100241513e-15   9.31827914920913
2.00466866866868   2.95970153864392   2.75326064568819   -5.36682824435533e-15   9.27899676978255
2.01469201201202   2.94393689956053   2.74283888086102   -5.82221408392e-15   9.20459405479981
2.02471535535536   2.91425621143712   2.72298821399991   -5.75541222969884e-15   9.06461086767648
2.03473869869871   2.85884166899597   2.68523776271297   -5.81256828873663e-15   8.80456626038945
2.04476204204205   2.75732606113211   2.61368816768528   -5.82020617405682e-15   8.33295430273448
2.05478538538539   2.57806308127318   2.47910065943464   -5.51122865940084e-15   7.51549717688959
2.06480872872874   2.28277358676374   2.23059241530297   -4.82467465448457e-15   6.21345798524268
2.07483207207208   1.85566523962763   1.79399447577925   -3.5507595852921e-15   4.43885047055803
2.08485541541542   1.36820823234402   1.12746539738201   -1.80430353190265e-15   2.61315636469523
2.09487875875877   0.997157154045745   0.429076530346616   -4.41644153701277e-16   1.45112997923391
2.10490210210211   0.840397390273473   0.0850091146709557   -1.14231453529814e-16   1.07584982465343
2.11492544544545   0.805778465587097   0.0118900502568319   -7.87645622517808e-17   1.01020362741211
2.1249487887888   0.800750750879771   0.00154289657837936   -8.46020875694142e-20   1.00131524932082
2.13497213213214   0.800096359205099   0.000198026257146243   -4.84098019351006e-24   1.00016865202437
2.14499547547548   0.800012349460196   2.53791591723086e-05   -1.93964794696138e-29   1.00002161193948
2.15501881881883   0.800001582404626   3.25197336302449e-06   -6.06171817045696e-36   1.0000027692144
2.16504216216217   0.800000202755421   4.16679517065526e-07   -1.56100910141435e-43   1.00000035482209
2.17506550550551   0.800000025978948   5.33889653546495e-08   -3.41770213700031e-52   1.00000004546316
2.18508884884886   0.800000003328631   6.84062647688336e-09   -6.48124941774567e-62   1.0000000058251
2.1951121921922   0.800000000426486   8.76465618933222e-10   -1.07624003575018e-72   1.00000000074635
2.20513553553555   0.800000000054643   1.1229672391109e-10   -1.57370561965563e-84   1.00000000009562
2.21515887887889   0.800000000007001   1.43874923080185e-11   -2.0292689731907e-97   1.00000000001225
2.22518222222223   0.800000000000897   1.843084967537e-12   -2.30213245774866e-111   1.00000000000157
2.23520556556558   0.800000000000115   2.3579260577751e-13   -2.28196923400098e-126   1.0000000000002
2.24522890890892   0.800000000000015   2.99415378548858e-14   -1.94659686673585e-142   1.00000000000003
2.25525225225226   0.800000000000002   3.67647455183038e-15   -1.39121142878116e-159   1
2.26527559559561   0.8   3.63693975498094e-16   -7.47401165419096e-178   1
2.27529893893895   0.8   3.16254698233429e-17   -1.74953448344147e-197   1
2.28532228228229   0.8   0   0   1
2.29534562562564   0.8   0   0   1
2.30536896896898   0.8   0   0   1
2.31539231231232   0.8   0   0   1
2.32541565565567   0.8   0   0   1
2.33543899899901   0.8   0   0   1
2.34546234234235   0.8   0   0   1
2.3554856856857   0.8   0   0   1
2.36550902902904   0.8   0   0   1
2.37553237237238   0.8   0   0   1
2.38555571571573   0.8   0   0   1
2.39557905905907   0.8   0   0   1
2.40560240240241   0.8   0   0   1
2.41562574574576   0.8   0   0   1
2.4256490890891   0.8   0   0   1
2.43567243243244   0.8   0   0   1
2.44569577577579   0.8   0   0   1
2.45571911911913   0.8   0   0   1
2.46574246246247   0.8   0   0   1
2.47576580580582   0.8   0   0   1
2.48578914914916   0.8   0   0   1
2.4958124924925   0.8   0   0   1
2.50583583583585   0.8   0   0   1
2.51585917917919   0.8   0   0   1
2.52588252252253   0.8   0   0   1
2.53590586586588   0.8   0   0   1
2.54592920920922   0.8   0   0   1
2.55595255255257   0.8   0   0   1
2.56597589589591   0.8   0   0   1
2.57599923923925   0.8   0   0   1
2.5860225825826   0.8   0   0   1
2.59604592592594   0.8   0   0   1
2.60606926926928   0.8   0   0   1
2.61609261261263   0.8   0   0   1
2.62611595595597   0.8   0   0   1
2.63613929929931   0.8   0   0   1
2.64616264264266   0.8   0   0   1
2.656185985986   0.8   0   0   1
2.66620932932934   0.8   0   0   1
2.67623267267269   0.8   0   0   1
2.68625601601603   0.8   0   0   1
2.69627935935937   0.8   0   0   1
2.70630270270272   0.8   0   0   1
2.71632604604606   0.8   0   0   1
2.7263493893894   0.8   0   0   1
2.73637273273275   0.8   0   0   1
2.74639607607609   0.8   0   0   1
2.75641941941943   0.8   0   0   1
2.76644276276278   0.8   0   0   1
2.77646610610612   0.8   0   0   1
2.78648944944946   0.8   0   0   1
2.79651279279281   0.8   0   0   1
2.80653613613615   0.8   0   0   1
2.81655947947949   0.8   0   0   1
2.82658282282284   0.8   0   0   1
2.83660616616618   0.8   0   0   1
2.84662950950952   0.8   0   0   1
2.85665285285287   0.8   0   0   1
2.86667619619621   0.8   0   0   1
2.87669953953955   0.8   0   0   1
2.8867228828829   0.8   0   0   1
2.89674622622624   0.8   0   0   1
2.90676956956958   0.8   0   0   1
2.91679291291293   0.8   0   0   1
2.92681625625627   0.8   0   0   1
2.93683959959962   0.8   0   0   1
2.94686294294296   0.8   0   0   1
2.9568862862863   0.8   0   0   1
2.96690962962965   0.8   0   0   1
2.97693297297299   0.8   0   0   1
2.98695631631633   0.8   0   0   1
2.99697965965968   0.8   0   0   1
3.00700300300302   0.8   0   0   1
3.01702634634636   0.8   0   0   1
3.02704968968971   0.8   0   0   1
3.03707303303305   0.8   0   0   1
3.04709637637639   0.8   0   0   1
3.05711971971974   0.8   0   0   1
3.06714306306308   0.8   0   0   1
3.07716640640642   0.8   0   0   1
3.08718974974977   0.8   0   0   1
3.09721309309311   0.8   0   0   1
3.10723643643645   0.8   0   0   1
3.1172597797798   0.8   0   0   1
3.12728312312314   0.8   0   0   1
3.13730646646648   0.8   0   0   1
3.14732980980983   0.8   0   0   1
3.15735315315317   0.8   0   0   1
3.16737649649651   0.8   0   0   1
3.17739983983986   0.8   0   0   1
3.1874231831832   0.8   0   0   1
3.19744652652654   0.8   0   0   1
3.20746986986989   0.8   0   0   1
3.21749321321323   0.8   0   0   1
3.22751655655657   0.8   0   0   1
3.23753989989992   0.8   0   0   1
3.24756324324326   0.8   0   0   1
3.2575865865866   0.8   0   0   1
3.26760992992995   0.8   0   0   1
3.27763327327329   0.8   0   0   1
3.28765661661664   0.8   0   0   1
3.29767995995998   0.8   0   0   1
3.30770330330332   0.8   0   0   1
3.31772664664667   0.8   0   0   1
3.32774998999001   0.8   0   0   1
3.33777333333335   0.8   0   0   1
3.3477966766767   0.8   0   0   1
3.35782002002004   0.8   0   0   1
3.36784336336338   0.8   0   0   1
3.37786670670673   0.8   0   0   1
3.38789005005007   0.8   0   0   1
3.39791339339341   0.8   0   0   1
3.40793673673676   0.8   0   0   1
3.4179600800801   0.8   0   0   1
3.42798342342344   0.8   0   0   1
3.43800676676679   0.8   0   0   1
3.44803011011013   0.8   0   0   1
3.45805345345347   0.8   0   0   1
3.46807679679682   0.8   0   0   1
3.47810014014016   0.8   0   0   1
3.4881234834835   0.8   0   0   1
3.49814682682685   0.8   0   0   1
3.50817017017019   0.8   0   0   1
3.51819351351353   0.8   0   0   1
3.52821685685688   0.8   0   0   1
3.53824020020022   0.8   0   0   1
3.54826354354356   0.8   0   0   1
3.55828688688691   0.8   0   0   1
3.56831023023025   0.8   0   0   1
3.57833357357359   0.8   0   0   1
3.58835691691694   0.8   0   0   1
3.59838026026028   0.8   0   0   1
3.60840360360362   0.8   0   0   1
3.61842694694697   0.8   0   0   1
3.62845029029031   0.8   0   0   1
3.63847363363366   0.8   0   0   1
3.648496976977   0.8   0   0   1
3.65852032032034   0.8   0   0   1
3.66854366366369   0.8   0   0   1
3.67856700700703   0.8   0   0   1
3.68859035035037   0.8   0   0   1
3.69861369369372   0.8   0   0   1
3.70863703703706   0.8   0   0   1
3.7186603803804   0.8   0   0   1
3.72868372372375   0.8   0   0   1
3.73870706706709   0.8   0   0   1
3.74873041041043   0.8   0   0   1
3.75875375375378   0.8   0   0   1
3.76877709709712   0.8   0   0   1
3.77880044044046   0.8   0   0   1
3.78882378378381   0.8   0   0   1
3.79884712712715   0.8   0   0   1
3.80887047047049   0.8   0   0   1
3.81889381381384   0.8   0   0   1
3.82891715715718   0.8   0   0   1
3.83894050050052   0.8   0   0   1
3.84896384384387   0.8   0   0   1
3.85898718718721   0.8   0   0   1
3.86901053053055   0.8   0   0   1
3.8790338738739   0.8   0   0   1
3.88905721721724   0.8   0   0   1
3.89908056056058   0.8   0   0   1
3.90910390390393   0.8   0   0   1
3.91912724724727   0.8   0   0   1
3.92915059059061   0.8   0   0   1
3.93917393393396   0.8   0   0   1
3.9491972772773   0.8   0   0   1
3.95922062062064   0.8   0   0   1
3.96924396396399   0.8   0   0   1
3.97926730730733   0.8   0   0   1
3.98929065065068   0.8   0   0   1
3.99931399399402   0.8   0   0   1
4.00933733733736   0.8   0   0   1
4.01936068068071   0.8   0   0   1
4.02938402402405   0.8   0   0   1
4.03940736736739   0.8   0   0   1
4.04943071071074   0.8   0   0   1
4.05945405405408   0.8   0   0   1
4.06947739739742   0.8   0   0   1
4.07950074074077   0.8   0   0   1
4.08952408408411   0.8   0   0   1
4.09954742742745   0.8   0   0   1
4.1095707707708   0.8   0   0   1
4.11959411411414   0.8   0   0   1
4.12961745745748   0.8   0   0   1
4.13964080080083   0.8   0   0   1
4.14966414414417   0.8   0   0   1
4.15968748748751   0.8   0   0   1
4.16971083083086   0.8   0   0   1
4.1797341741742   0.8   0   0   1
4.18975751751754   0.8   0   0   1
4.19978086086089   0.8   0   0   1
4.20980420420423   0.8   0   0   1
4.21982754754757   0.8   0   0   1
4.22985089089092   0.8   0   0   1
4.23987423423426   0.8   0   0   1
4.2498975775776   0.8   0   0   1
4.25992092092095   0.8   0   0   1
4.26994426426429   0.8   0   0   1
4.27996760760763   0.8   0   0   1
4.28999095095098   0.8   0   0   1
4.30001429429432   0.8   0   0   1
4.31003763763766   0.8   0   0   1
4.32006098098101   0.8   0   0   1
4.33008432432435   0.8   0   0   1
4.3401076676677   0.8   0   0   1
4.35013101101104   0.8   0   0   1
4.36015435435438   0.8   0   0   1
4.37017769769773   0.8   0   0   1
4.38020104104107   0.8   0   0   1
4.39022438438441   0.8   0   0   1
4.40024772772776   0.8   0   0   1
4.4102710710711   0.8   0   0   1
4.42029441441444   0.8   0   0   1
4.43031775775779   0.8   0   0   1
4.44034110110113   0.8   0   0   1
4.45036444444447   0.8   0   0   1
4.46038778778782   0.8   0   0   1
4.47041113113116   0.8   0   0   1
4.4804344744745   0.8   0   0   1
4.49045781781785   0.8   0   0   1
4.50048116116119   0.8   0   0   1
4.51050450450453   0.8   0   0   1
4.52052784784788   0.8   0   0   1
4.53055119119122   0.8   0   0   1
4.54057453453456   0.8   0   0   1
4.55059787787791   0.8   0   0   1
4.56062122122125   0.8   0   0   1
4.57064456456459   0.8   0   0   1
4.58066790790794   0.8   0   0   1
4.59069125125128   0.8   0   0   1
4.60071459459462   0.8   0   0   1
4.61073793793797   0.8   0   0   1
4.62076128128131   0.8   0   0   1
4.63078462462465   0.8   0   0   1
4.640807967968   0.8   0   0   1
4.65083131131134   0.8   0   0   1
4.66085465465468   0.8   0   0   1
4.67087799799803   0.8   0   0   1
4.68090134134137   0.8   0   0   1
4.69092468468472   0.8   0   0   1
4.70094802802806   0.8   0   0   1
4.7109713713714   0.8   0   0   1
4.72099471471475   0.8   0   0   1
4.73101805805809   0.8   0   0   1
4.74104140140143   0.8   0   0   1
4.75106474474478   0.8   0   0   1
4.76108808808812   0.8   0   0   1
4.77111143143146   0.8   0   0   1
4.78113477477481   0.8   0   0   1
4.79115811811815   0.8   0   0   1
4.80118146146149   0.8   0   0   1
4.81120480480484   0.8   0   0   1
4.82122814814818   0.8   0   0   1
4.83125149149152   0.8   0   0   1
4.84127483483487   0.8   0   0   1
4.85129817817821   0.8   0   0   1
4.86132152152155   0.8   0   0   1
4.8713448648649   0.8   0   0   1
4.88136820820824   0.8   0   0   1
4.89139155155158   0.8   0   0   1
4.90141489489493   0.8   0   0   1
4.91143823823827   0.8   0   0   1
4.92146158158161   0.8   0   0   1
4.93148492492496   0.8   0   0   1
4.9415082682683   0.8   0   0   1
4.95153161161164   0.8   0   0   1
4.96155495495499   0.8   0   0   1
4.97157829829833   0.8   0   0   1
4.98160164164167   0.8   0   0   1
4.99162498498502   0.8   0   0   1
5.00164832832836   0.8   0   0   1
5.0116716716717   0.8   0   0   1
5.02169501501505   0.8   0   0   1
5.03171835835839   0.8   0   0   1
5.04174170170173   0.8   0   0   1
5.05176504504508   0.8   0   0   1
5.06178838838842   0.8   0   0   1
5.07181173173177   0.8   0   0   1
5.08183507507511   0.8   0   0   1
5.09185841841845   0.8   0   0   1
5.1018817617618   0.8   0   0   1
5.11190510510514   0.8   0   0   1
5.12192844844848   0.8   0   0   1
5.13195179179183   0.8   0   0   1
5.14197513513517   0.8   0   0   1
5.15199847847851   0.8   0   0   1
5.16202182182186   0.8   0   0   1
5.1720451651652   0.8   0   0   1
5.18206850850854   0.8   0   0   1
5.19209185185189   0.8   0   0   1
5.20211519519523   0.8   0   0   1
5.21213853853857   0.8   0   0   1
5.22216188188192   0.8   0   0   1
5.23218522522526   0.8   0   0   1
5.2422085685686   0.8   0   0   1
5.25223191191195   0.8   0   0   1
5.26225525525529   0.8   0   0   1
5.27227859859863   0.8   0   0   1
5.28230194194198   0.8   0   0   1
5.29232528528532   0.8   0   0   1
5.30234862862866   0.8   0   0   1
5.31237197197201   0.8   0   0   1
5.32239531531535   0.8   0   0   1
5.33241865865869   0.8   0   0   1
5.34244200200204   0.8   0   0   1
5.35246534534538   0.8   0   0   1
5.36248868868872   0.8   0   0   1
5.37251203203207   0.8   0   0   1
5.38253537537541   0.8   0   0   1
5.39255871871875   0.8   0   0   1
5.4025820620621   0.8   0   0   1
5.41260540540544   0.8   0   0   1
5.42262874874879   0.8   0   0   1
5.43265209209213   0.8   0   0   1
5.44267543543547   0.8   0   0   1
5.45269877877882   0.8   0   0   1
5.46272212212216   0.8   0   0   1
5.4727454654655   0.8   0   0   1
5.48276880880885   0.8   0   0   1
5.49279215215219   0.8   0   0   1
5.50281549549553   0.8   0   0   1
5.51283883883888   0.8   0   0   1
5.52286218218222   0.8   0   0   1
5.53288552552556   0.8   0   0   1
5.54290886886891   0.8   0   0   1
5.55293221221225   0.8   0   0   1
5.56295555555559   0.8   0   0   1
5.57297889889894   0.8   0   0   1
5.58300224224228   0.8   0   0   1
5.59302558558562   0.8   0   0   1
5.60304892892897   0.8   0   0   1
5.61307227227231   0.8   0   0   1
5.62309561561565   0.8   0   0   1
5.633118958959   0.8   0   0   1
5.64314230230234   0.8   0   0   1
5.65316564564568   0.8   0   0   1
5.66318898898903   0.8   0   0   1
5.67321233233237   0.8   0   0   1
5.68323567567571   0.8   0   0   1
5.69325901901906   0.8   0   0   1
5.7032823623624   0.8   0   0   1
5.71330570570574   0.8   0   0   1
5.72332904904909   0.8   0   0   1
5.73335239239243   0.8   0   0   1
5.74337573573577   0.8   0   0   1
5.75339907907912   0.8   0   0   1
5.76342242242246   0.8   0   0   1
5.77344576576581   0.8   0   0   1
5.78346910910915   0.8   0   0   1
5.79349245245249   0.8   0   0   1
5.80351579579584   0.8   0   0   1
5.81353913913918   0.8   0   0   1
5.82356248248252   0.8   0   0   1
5.83358582582587   0.8   0   0   1
5.84360916916921   0.8   0   0   1
5.85363251251255   0.8   0   0   1
5.8636558558559   0.8   0   0   1
5.87367919919924   0.8   0   0   1
5.88370254254258   0.8   0   0   1
5.89372588588593   0.8   0   0   1
5.90374922922927   0.8   0   0   1
5.91377257257261   0.8   0   0   1
5.92379591591596   0.8   0   0   1
5.9338192592593   0.8   0   0   1
5.94384260260264   0.8   0   0   1
5.95386594594599   0.8   0   0   1
5.96388928928933   0.8   0   0   1
5.97391263263267   0.8   0   0   1
5.98393597597602   0.8   0   0   1
5.99395931931936   0.8   0   0   1
6.0039826626627   0.8   0   0   1
6.01400600600605   0.8   0   0   1
6.02402934934939   0.8   0   0   1
6.03405269269273   0.8   0   0   1
6.04407603603608   0.8   0   0   1
6.05409937937942   0.8   0   0   1
6.06412272272276   0.8   0   0   1
6.07414606606611   0.8   0   0   1
6.08416940940945   0.8   0   0   1
6.09419275275279   0.8   0   0   1
6.10421609609614   0.8   0   0   1
6.11423943943948   0.8   0   0   1
6.12426278278283   0.8   0   0   1
6.13428612612617   0.8   0   0   1
6.14430946946951   0.8   0   0   1
6.15433281281286   0.8   0   0   1
6.1643561561562   0.8   0   0   1
6.17437949949954   0.8   0   0   1
6.18440284284289   0.8   0   0   1
6.19442618618623   0.8   0   0   1
6.20444952952957   0.8   0   0   1
6.21447287287292   0.8   0   0   1
6.22449621621626   0.8   0   0   1
6.2345195595596   0.8   0   0   1
6.24454290290295   0.8   0   0   1
6.25456624624629   0.8   0   0   1
6.26458958958963   0.8   0   0   1
6.27461293293298   0.8   0   0   1
6.28463627627632   0.8   0   0   1
6.29465961961966   0.8   0   0   1
6.30468296296301   0.8   0   0   1
6.31470630630635   0.8   0   0   1
6.32472964964969   0.8   0   0   1
6.33475299299304   0.8   0   0   1
6.34477633633638   0.8   0   0   1
6.35479967967972   0.8   0   0   1
6.36482302302307   0.8   0   0   1
6.37484636636641   0.8   0   0   1
6.38486970970975   0.8   0   0   1
6.3948930530531   0.8   0   0   1
6.40491639639644   0.8   0   0   1
6.41493973973978   0.8   0   0   1
6.42496308308313   0.8   0   0   1
6.43498642642647   0.8   0   0   1
6.44500976976981   0.8   0   0   1
6.45503311311316   0.8   0   0   1
6.4650564564565   0.8   0   0   1
6.47507979979985   0.8   0   0   1
6.48510314314319   0.8   0   0   1
6.49512648648653   0.8   0   0   1
6.50514982982988   0.8   0   0   1
6.51517317317322   0.8   0   0   1
6.52519651651656   0.8   0   0   1
6.53521985985991   0.8   0   0   1
6.54524320320325   0.8   0   0   1
6.55526654654659   0.8   0   0   1
6.56528988988994   0.8   0   0   1
6.57531323323328   0.8   0   0   1
6.58533657657662   0.8   0   0   1
6.59535991991997   0.8   0   0   1
6.60538326326331   0.8   0   0   1
6.61540660660665   0.8   0   0   1
6.62542994995   0.8   0   0   1
6.63545329329334   0.8   0   0   1
6.64547663663668   0.8   0   0   1
6.65549997998003   0.8   0   0   1
6.66552332332337   0.8   0   0   1
6.67554666666671   0.8   0   0   1
6.68557001001006   0.8   0   0   1
6.6955933533534   0.8   0   0   1
6.70561669669674   0.8   0   0   1
6.71564004004009   0.8   0   0   1
6.72566338338343   0.8   0   0   1
6.73568672672677   0.8   0   0   1
6.74571007007012   0.8   0   0   1
6.75573341341346   0.8   0   0   1
6.7657567567568   0.8   0   0   1
6.77578010010015   0.8   0   0   1
6.78580344344349   0.8   0   0   1
6.79582678678683   0.8   0   0   1
6.80585013013018   0.8   0   0   1
6.81587347347352   0.8   0   0   1
6.82589681681686   0.8   0   0   1
6.83592016016021   0.8   0   0   1
6.84594350350355   0.8   0   0   1
6.8559668468469   0.8   0   0   1
6.86599019019024   0.8   0   0   1
6.87601353353358   0.8   0   0   1
6.88603687687693   0.8   0   0   1
6.89606022022027   0.8   0   0   1
6.90608356356361   0.8   0   0   1
6.91610690690696   0.8   0   0   1
6.9261302502503   0.8   0   0   1
6.93615359359364   0.8   0   0   1
6.94617693693699   0.8   0   0   1
6.95620028028033   0.8   0   0   1
6.96622362362367   0.8   0   0   1
6.97624696696702   0.8   0   0   1
6.98627031031036   0.8   0   0   1
6.9962936536537   0.8   0   0   1
7.00631699699705   0.8   0   0   1
7.01634034034039   0.8   0   0   1
7.02636368368373   0.8   0   0   1
7.03638702702708   0.8   0   0   1
7.04641037037042   0.8   0   0   1
7.05643371371376   0.8   0   0   1
7.06645705705711   0.8   0   0   1
7.07648040040045   0.8   0   0   1
7.08650374374379   0.8   0   0   1
7.09652708708714   0.8   0   0   1
7.10655043043048   0.8   0   0   1
7.11657377377382   0.8   0   0   1
7.12659711711717   0.8   0   0   1
7.13662046046051   0.8   0   0   1
7.14664380380385   0.8   0   0   1
7.1566671471472   0.8   0   0   1
7.16669049049054   0.8   0   0   1
7.17671383383388   0.8   0   0   1
7.18673717717723   0.8   0   0   1
7.19676052052057   0.8   0   0   1
7.20678386386392   0.8   0   0   1
7.21680720720726   0.8   0   0   1
7.2268305505506   0.8   0   0   1
7.23685389389395   0.8   0   0   1
7.24687723723729   0.8   0   0   1
7.25690058058063   0.8   0   0   1
7.26692392392398   0.8   0   0   1
7.27694726726732   0.8   0   0   1
7.28697061061066   0.8   0   0   1
7.29699395395401   0.8   0   0   1
7.30701729729735   0.8   0   0   1
7.31704064064069   0.8   0   0   1
7.32706398398404   0.8   0   0   1
7.33708732732738   0.8   0   0   1
7.34711067067072   0.8   0   0   1
7.35713401401407   0.8   0   0   1
7.36715735735741   0.8   0   0   1
7.37718070070075   0.8   0   0   1
7.3872040440441   0.8   0   0   1
7.39722738738744   0.8   0   0   1
7.40725073073078   0.8   0   0   1
7.41727407407413   0.8   0   0   1
7.42729741741747   0.8   0   0   1
7.43732076076081   0.8   0   0   1
7.44734410410416   0.8   0   0   1
7.4573674474475   0.8   0   0   1
7.46739079079084   0.8   0   0   1
7.47741413413419   0.8   0   0   1
7.48743747747753   0.8   0   0   1
7.49746082082087   0.8   0   0   1
7.50748416416422   0.8   0   0   1
7.51750750750756   0.8   0   0   1
7.5275308508509   0.8   0   0   1
7.53755419419425   0.8   0   0   1
7.54757753753759   0.8   0   0   1
7.55760088088094   0.8   0   0   1
7.56762422422428   0.8   0   0   1
7.57764756756762   0.8   0   0   1
7.58767091091097   0.8   0   0   1
7.59769425425431   0.8   0   0   1
7.60771759759765   0.8   0   0   1
7.617740940941   0.8   0   0   1
7.62776428428434   0.8   0   0   1
7.63778762762768   0.8   0   0   1
7.64781097097103   0.8   0   0   1
7.65783431431437   0.8   0   0   1
7.66785765765771   0.8   0   0   1
7.67788100100106   0.8   0   0   1
7.6879043443444   0.8   0   0   1
7.69792768768774   0.8   0   0   1
7.70795103103109   0.8   0   0   1
7.71797437437443   0.8   0   0   1
7.72799771771777   0.8   0   0   1
7.73802106106112   0.8   0   0   1
7.74804440440446   0.8   0   0   1
7.7580677477478   0.8   0   0   1
7.76809109109115   0.8   0   0   1
7.77811443443449   0.8   0   0   1
7.78813777777783   0.8   0   0   1
7.79816112112118   0.8   0   0   1
7.80818446446452   0.8   0   0   1
7.81820780780786   0.8   0   0   1
7.82823115115121   0.8   0   0   1
7.83825449449455   0.8   0   0   1
7.84827783783789   0.8   0   0   1
7.85830118118124   0.8   0   0   1
7.86832452452458   0.8   0   0   1
7.87834786786792   0.8   0   0   1
7.88837121121127   0.8   0   0   1
7.89839455455461   0.8   0   0   1
7.90841789789796   0.8   0   0   1
7.9184412412413   0.8   0   0   1
7.92846458458464   0.8   0   0   1
7.93848792792799   0.8   0   0   1
7.94851127127133   0.8   0   0   1
7.95853461461467   0.8   0   0   1
7.96855795795802   0.8   0   0   1
7.97858130130136   0.8   0   0   1
7.9886046446447   0.8   0   0   1
7.99862798798805   0.8   0   0   1
8.00865133133139   0.8   0   0   1
8.01867467467473   0.8   0   0   1
8.02869801801808   0.8   0   0   1
8.03872136136142   0.8   0   0   1
8.04874470470476   0.8   0   0   1
8.05876804804811   0.8   0   0   1
8.06879139139145   0.8   0   0   1
8.07881473473479   0.8   0   0   1
8.08883807807814   0.8   0   0   1
8.09886142142148   0.8   0   0   1
8.10888476476482   0.8   0   0   1
8.11890810810817   0.8   0   0   1
8.12893145145151   0.8   0   0   1
8.13895479479485   0.8   0   0   1
8.1489781381382   0.8   0   0   1
8.15900148148154   0.8   0   0   1
8.16902482482488   0.8   0   0   1
8.17904816816823   0.8   0   0   1
8.18907151151157   0.8   0   0   1
8.19909485485491   0.8   0   0   1
8.20911819819826   0.8   0   0   1
8.2191415415416   0.8   0   0   1
8.22916488488494   0.8   0   0   1
8.23918822822829   0.8   0   0   1
8.24921157157163   0.8   0   0   1
8.25923491491498   0.8   0   0   1
8.26925825825832   0.8   0   0   1
8.27928160160166   0.8   0   0   1
8.28930494494501   0.8   0   0   1
8.29932828828835   0.8   0   0   1
8.30935163163169   0.8   0   0   1
8.31937497497504   0.8   0   0   1
8.32939831831838   0.8   0   0   1
8.33942166166172   0.8   0   0   1
8.34944500500507   0.8   0   0   1
8.35946834834841   0.8   0   0   1
8.36949169169175   0.8   0   0   1
8.3795150350351   0.8   0   0   1
8.38953837837844   0.8   0   0   1
8.39956172172178   0.8   0   0   1
8.40958506506513   0.8   0   0   1
8.41960840840847   0.8   0   0   1
8.42963175175181   0.8   0   0   1
8.43965509509516   0.8   0   0   1
8.4496784384385   0.8   0   0   1
8.45970178178184   0.8   0   0   1
8.46972512512519   0.8   0   0   1
8.47974846846853   0.8   0   0   1
8.48977181181187   0.8   0   0   1
8.49979515515522   0.8   0   0   1
8.50981849849856   0.8   0   0   1
8.5198418418419   0.8   0   0   1
8.52986518518525   0.8   0   0   1
8.53988852852859   0.8   0   0   1
8.54991187187193   0.8   0   0   1
8.55993521521528   0.8   0   0   1
8.56995855855862   0.8   0   0   1
8.57998190190196   0.8   0   0   1
8.59000524524531   0.8   0   0   1
8.60002858858865   0.8   0   0   1
8.610051931932   0.8   0   0   1
8.62007527527534   0.8   0   0   1
8.63009861861868   0.8   0   0   1
8.64012196196203   0.8   0   0   1
8.65014530530537   0.8   0   0   1
8.66016864864871   0.8   0   0   1
8.67019199199206   0.8   0   0   1
8.6802153353354   0.8   0   0   1
8.69023867867874   0.8   0   0   1
8.70026202202209   0.8   0   0   1
8.71028536536543   0.8   0   0   1
8.72030870870877   0.8   0   0   1
8.73033205205212   0.8   0   0   1
8.74035539539546   0.8   0   0   1
8.7503787387388   0.8   0   0   1
8.76040208208215   0.8   0   0   1
8.77042542542549   0.8   0   0   1
8.78044876876883   0.8   0   0   1
8.79047211211218   0.8   0   0   1
8.80049545545552   0.8   0   0   1
8.81051879879886   0.8   0   0   1
8.82054214214221   0.8   0   0   1
8.83056548548555   0.8   0   0   1
8.84058882882889   0.8   0   0   1
8.85061217217224   0.8   0   0   1
8.86063551551558   0.8   0   0   1
8.87065885885892   0.8   0   0   1
8.88068220220227   0.8   0   0   1
8.89070554554561   0.8   0   0   1
8.90072888888895   0.8   0   0   1
8.9107522322323   0.8   0   0   1
8.92077557557564   0.8   0   0   1
8.93079891891898   0.8   0   0   1
8.94082226226233   0.8   0   0   1
8.95084560560567   0.8   0   0   1
8.96086894894901   0.8   0   0   1
8.97089229229236   0.8   0   0   1
8.9809156356357   0.8   0   0   1
8.99093897897905   0.8   0   0   1
9.00096232232239   0.8   0   0   1
9.01098566566573   0.8   0   0   1
9.02100900900908   0.8   0   0   1
9.03103235235242   0.8   0   0   1
9.04105569569576   0.8   0   0   1
9.05107903903911   0.8   0   0   1
9.06110238238245   0.8   0   0   1
9.07112572572579   0.8   0   0   1
9.08114906906914   0.8   0   0   1
9.09117241241248   0.8   0   0   1
9.10119575575582   0.8   0   0   1
9.11121909909917   0.8   0   0   1
9.12124244244251   0.8   0   0   1
9.13126578578585   0.8   0   0   1
9.1412891291292   0.8   0   0   1
9.15131247247254   0.8   0   0   1
9.16133581581588   0.8   0   0   1
9.17135915915923   0.8   0   0   1
9.18138250250257   0.8   0   0   1
9.19140584584591   0.8   0   0   1
9.20142918918926   0.8   0   0   1
9.2114525325326   0.8   0   0   1
9.22147587587594   0.8   0   0   1
9.23149921921929   0.8   0   0   1
9.24152256256263   0.8   0   0   1
9.25154590590597   0.8   0   0   1
9.26156924924932   0.8   0   0   1
9.27159259259266   0.8   0   0   1
9.281615935936   0.8   0   0   1
9.29163927927935   0.8   0   0   1
9.30166262262269   0.8   0   0   1
9.31168596596603   0.8   0   0   1
9.32170930930938   0.8   0   0   1
9.33173265265272   0.8   0   0   1
9.34175599599607   0.8   0   0   1
9.35177933933941   0.8   0   0   1
9.36180268268275   0.8   0   0   1
9.3718260260261   0.8   0   0   1
9.38184936936944   0.8   0   0   1
9.39187271271278   0.8   0   0   1
9.40189605605613   0.8   0   0   1
9.41191939939947   0.8   0   0   1
9.42194274274281   0.8   0   0   1
9.43196608608616   0.8   0   0   1
9.4419894294295   0.8   0   0   1
9.45201277277284   0.8   0   0   1
9.46203611611619   0.8   0   0   1
9.47205945945953   0.8   0   0   1
9.48208280280287   0.8   0   0   1
9.49210614614622   0.8   0   0   1
9.50212948948956   0.8   0   0   1
9.5121528328329   0.8   0   0   1
9.52217617617625   0.8   0   0   1
9.53219951951959   0.8   0   0   1
9.54222286286293   0.8   0   0   1
9.55224620620628   0.8   0   0   1
9.56226954954962   0.8   0   0   1
9.57229289289296   0.8   0   0   1
9.58231623623631   0.8   0   0   1
9.59233957957965   0.8   0   0   1
9.60236292292299   0.8   0   0   1
9.61238626626634   0.8   0   0   1
9.62240960960968   0.8   0   0   1
9.63243295295302   0.8   0   0   1
9.64245629629637   0.8   0   0   1
9.65247963963971   0.8   0   0   1
9.66250298298305   0.8   0   0   1
9.6725263263264   0.8   0   0   1
9.68254966966974   0.8   0   0   1
9.69257301301309   0.8   0   0   1
9.70259635635643   0.8   0   0   1
9.71261969969977   0.8   0   0   1
9.72264304304312   0.8   0   0   1
9.73266638638646   0.8   0   0   1
9.7426897297298   0.8   0   0   1
9.75271307307315   0.8   0   0   1
9.76273641641649   0.8   0   0   1
9.77275975975983   0.8   0   0   1
9.78278310310318   0.8   0   0   1
9.79280644644652   0.8   0   0   1
9.80282978978986   0.8   0   0   1
9.81285313313321   0.8   0   0   1
9.82287647647655   0.8   0   0   1
9.83289981981989   0.8   0   0   1
9.84292316316324   0.8   0   0   1
9.85294650650658   0.8   0   0   1
9.86296984984992   0.8   0   0   1
9.87299319319327   0.8   0   0   1
9.88301653653661   0.8   0   0   1
9.89303987987995   0.8   0   0   1
9.9030632232233   0.8   0   0   1
9.91308656656664   0.8   0   0   1
9.92310990990998   0.8   0   0   1
9.93313325325333   0.8   0   0   1
9.94315659659667   0.8   0   0   1
9.95317993994001   0.8   0   0   1
9.96320328328336   0.8   0   0   1
9.9732266266267   0.8   0   0   1
9.98324996997004   0.8   0   0   1
9.99327331331339   0.8   0   0   1
10.0032966566567   0.8   0   0   1
10.0133200000001   0.8   0   0   1
