variables = x,rho,u,v,p
0   3.8571   2.6293   0   10.3333
0.0100233433433433   3.8571   2.6293   0   10.3333
0.0200466866866867   3.8571   2.6293   0   10.3333
0.03007003003003   3.8571   2.6293   0   10.3333
0.0400933733733734   3.8571   2.6293   0   10.3333
0.0501167167167167   3.8571   2.6293   0   10.3333
0.0601400600600601   3.8571   2.6293   0   10.3333
0.0701634034034034   3.8571   2.6293   0   10.3333
0.0801867467467468   3.8571   2.6293   0   10.3333
0.0902100900900901   3.8571   2.6293   0   10.3333
0.100233433433433   3.8571   2.6293   0   10.3333
0.110256776776777   3.8571   2.6293   0   10.3333
0.12028012012012   3.8571   2.6293   0   10.3333
0.130303463463463   3.8571   2.6293   0   10.3333
0.140326806806807   3.8571   2.6293   0   10.3333
0.15035015015015   3.8571   2.6293   0   10.3333
0.160373493493494   3.8571   2.6293   0   10.3333
0.170396836836837   3.8571   2.6293   0   10.3333
0.18042018018018   3.8571   2.6293   0   10.3333
0.190443523523524   3.8571   2.6293   0   10.3333
0.200466866866867   3.8571   2.6293   0   10.3333
0.21049021021021   3.8571   2.6293   0   10.3333
0.220513553553554   3.8571   2.6293   0   10.3333
0.230536896896897   3.8571   2.6293   0   10.3333
0.24056024024024   3.8571   2.6293   0   10.3333
0.250583583583584   3.8571   2.6293   0   10.3333
0.260606926926927   3.8571   2.6293   0   10.3333
0.27063027027027   3.8571   2.6293   0   10.3333
0.280653613613614   3.8571   2.6293   0   10.3333
0.290676956956957   3.8571   2.6293   0   10.3333
0.3007003003003   3.8571   2.6293   0   10.3333
0.310723643643644   3.8571   2.6293   0   10.3333
0.320746986986987   3.8571   2.6293   0   10.3333
0.330770330330331   3.8571   2.6293   0   10.3333
0.340793673673674   3.8571   2.6293   0   10.3333
0.350817017017017   3.8571   2.6293   0   10.3333
0.360840360360361   3.8571   2.6293   0   10.3333
0.370863703703704   3.8571   2.6293   0   10.3333
0.380887047047047   3.8571   2.6293   0   10.3333
0.390910390390391   3.8571   2.6293   0   10.3333
0.400933733733734   3.8571   2.6293   0   10.3333
0.410957077077078   3.8571   2.6293   0   10.3333
0.420980420420421   3.8571   2.6293   0   10.3333
0.431003763763764   3.8571   2.6293   0   10.3333
0.441027107107108   3.8571   2.6293   0   10.3333
0.451050450450451   3.8571   2.6293   0   10.3333
0.461073793793794   3.8571   2.6293   0   10.3333
0.471097137137138   3.8571   2.6293   0   10.3333
0.481120480480481   3.8571   2.6293   0   10.3333
0.491143823823825   3.8571   2.6293   0   10.3333
0.501167167167168   3.8571   2.6293   0   10.3333
0.511190510510511   3.8571   2.6293   0   10.3333
0.521213853853855   3.8571   2.6293   0   10.3333
0.531237197197198   3.8571   2.6293   0   10.3333
0.541260540540541   3.8571   2.6293   -5.82511304661111e-17   10.3333
0.551283883883884   3.85709999999999   2.62930000000001   -3.50557924491048e-16   10.3332999999999
0.561307227227228   3.85709999999996   2.62930000000002   -5.20367034411307e-16   10.3332999999998
0.571330570570571   3.8570999999999   2.62930000000006   -6.69088349969201e-16   10.3332999999995
0.581353913913914   3.85709999999979   2.62930000000013   -9.09203973044271e-16   10.333299999999
0.591377257257258   3.85709999999956   2.62930000000026   -8.87081609179487e-16   10.333299999998
0.601400600600601   3.85709999999913   2.62930000000051   -8.65198310138592e-16   10.3332999999961
0.611423943943944   3.8570999999983   2.629300000001   -5.32446850625845e-16   10.3332999999925
0.621447287287288   3.85709999999674   2.62930000000191   -2.56242921022392e-16   10.3332999999856
0.631470630630631   3.85709999999381   2.62930000000362   -1.72948625240155e-16   10.3332999999727
0.641493973973974   3.85709999998834   2.62930000000681   -3.71866839734925e-16   10.3332999999487
0.651517317317318   3.85709999997824   2.62930000001267   -5.87979534210265e-16   10.3332999999044
0.661540660660661   3.85709999995977   2.62930000002339   -4.08401884975998e-16   10.3332999998237
0.671564004004004   3.85709999992624   2.62930000004279   -1.7502503969205e-16   10.3332999996775
0.681587347347348   3.85709999986594   2.6293000000776   -1.23532204267579e-16   10.3332999994152
0.691610690690691   3.85709999975847   2.6293000001395   -2.88941756593224e-16   10.3332999989488
0.701634034034034   3.85709999956861   2.62930000024862   -1.11660813148051e-16   10.3332999981268
0.711657377377378   3.8570999992362   2.62930000043924   -2.24583806302607e-16   10.3332999966912
0.721680720720721   3.8570999986594   2.62930000076926   -3.9793658469709e-16   10.333299994206
0.731704064064064   3.85709999766748   2.62930000133552   -3.72350891183066e-16   10.3332999899424
0.741727407407408   3.85709999597697   2.62930000229845   -3.9640140247452e-16   10.3332999826933
0.751750750750751   3.85709999312168   2.62930000392118   3.22379771449542e-17   10.3332999704789
0.761774094094094   3.85709998834241   2.62930000663126   7.13465097630151e-17   10.3332999500829
0.771797437437437   3.85709998041475   2.62930001111654   4.99689996727658e-16   10.3332999163318
0.781820780780781   3.85709996738318   2.62930001847289   6.73260316005096e-16   10.3332998609845
0.791844124124124   3.85709994615523   2.62930003042914   6.98668721913242e-16   10.333299771042
0.801867467467467   3.85709991188847   2.62930004968577   7.81265298491884e-16   10.3332996262028
0.811890810810811   3.85709985707519   2.62930008041932   6.2602173785295e-16   10.3332993950737
0.821914154154154   3.85709977019119   2.62930012902485   8.53116891464456e-16   10.3332990295937
0.831937497497497   3.85709963372374   2.62930020519646   1.14714719976972e-15   10.3332984569197
0.841960840840841   3.85709942132714   2.62930032348135   1.33417313689476e-15   10.3332975677597
0.851984184184184   3.85709909376837   2.62930050548834   1.33414173067265e-15   10.3332961997939
0.862007527527527   3.85709859321752   2.62930078298879   1.14369408433635e-15   10.333294114403
0.872030870870871   3.85709783530583   2.62930120221687   8.39879671957129e-16   10.3332909644008
0.882054214214214   3.85709669821636   2.62930182975816   7.95185766427605e-16   10.3332862498577
0.892077557557557   3.85709500788999   2.62930276050989   9.18913045421497e-16   10.333279258395
0.902100900900901   3.85709251822619   2.6293041282998   8.81529491833003e-16   10.333268985555
0.912124244244244   3.85708888494141   2.6293061198597   7.23940702832354e-16   10.3332540300369
0.922147587587587   3.85708363153201   2.6293089929571   8.48884721071059e-16   10.333232457791
0.932170930930931   3.85707610559276   2.62931309958163   1.13625507411851e-15   10.3332016282662
0.942194274274274   3.8570654235932   2.62931891514987   1.04902015764668e-15   10.3331579756165
0.952217617617617   3.85705040214807   2.6293270747127   1.33234958480784e-15   10.3330967375268
0.96224096096096   3.85702947387554   2.62933841710245   1.5362924899511e-15   10.3330116246846
0.972264304304304   3.85700058616621   2.62935403781905   1.87637411090148e-15   10.3328944249787
0.982287647647647   3.85696108163521   2.62937535120023   2.10089745260595e-15   10.3327345384326
0.99231099099099   3.85690755974533   2.62940416202977   2.4537154395067e-15   10.332518441851
1.00233433433433   3.856835720107   2.62944274619217   2.6692628688434e-15   10.3322290862839
1.01235767767768   3.85674018929765   2.62949393927883   2.67444550573248e-15   10.3318452357478
1.02238102102102   3.85661433468963   2.629561231197   2.83606373526442e-15   10.3313407621175
1.03240436436436   3.85645007068419   2.62964886385912   2.9586557741619e-15   10.3306839184935
1.04242770770771   3.85623766482961   2.62976192798673   3.15535414074752e-15   10.3298366212923
1.05245105105105   3.85596555341679   2.62990645402528   3.3425636616042e-15   10.3287537792225
1.06247439439439   3.85562017811292   2.63008949122923   3.59520144353483e-15   10.3273827144808
1.07249773773774   3.85518585679531   2.63031916825315   3.79221551792553e-15   10.325662727079
1.08252108108108   3.85464470274793   2.63060472819012   3.75429441491559e-15   10.3235248562886
1.09254442442442   3.8539766065532   2.63095653104356   4.15845614360646e-15   10.3208918929174
1.10256776776777   3.85315929416024   2.6313860171868   4.58473772178435e-15   10.3176786918299
1.11259111111111   3.85216847261885   2.6319056265017   5.06803365374789e-15   10.3137928254075
1.12261445445445   3.85097807181482   2.63252866958451   5.50043903284462e-15   10.3091356055306
1.1326377977978   3.84956058632939   2.63326914959221   6.11549034052838e-15   10.3036034846543
1.14266114114114   3.84788751650203   2.63414153584408   6.28858543241717e-15   10.2970898266246
1.15268448448449   3.84592990224727   2.63516049300348   6.70427917743458e-15   10.2894870164578
1.16270782782783   3.84365893759461   2.6363405723237   7.33170199453012e-15   10.2806888571057
1.17273117117117   3.84104664875839   2.6376958738171   7.8984823179109e-15   10.2705931820807
1.18275451451452   3.83806661425912   2.63923969008687   8.69370377753342e-15   10.2591045974626
1.19277785785786   3.83469470259469   2.64098414377852   9.25881111318267e-15   10.246137256639
1.2028012012012   3.83090980146155   2.64293983106486   9.6390516920232e-15   10.2316175670711
1.21282454454455   3.8266945126628   2.6451154832541   9.33179443118416e-15   10.215486730685
1.22284788788789   3.822035788553   2.64751765756719   9.23828257631057e-15   10.1977030278188
1.23287123123123   3.81692548894669   2.65015046649828   9.09531981322041e-15   10.1782437680437
1.24289457457458   3.81136084152039   2.65301535313499   8.84035393228325e-15   10.1571068482243
1.25291791791792   3.80534479345166   2.65611091758144   8.37449916219574e-15   10.134311877216
1.26294126126126   3.79888624691959   2.65943279740913   7.87365096415762e-15   10.1099008458939
1.27296460460461   3.79200017572106   2.6629736030468   7.49502390814572e-15   10.0839383391611
1.28298794794795   3.78470762428307   2.66672290736089   7.3331736263036e-15   10.0565113019088
1.29301129129129   3.77703559351943   2.67066728747135   6.7489196273696e-15   10.0277283826746
1.30303463463464   3.76901682014576   2.67479041613552   6.29104415575965e-15   9.99771888652221
1.31305797797798   3.76068945720598   2.67907319980444   6.20045963105415e-15   9.96663137242936
1.32308132132132   3.75209666375694   2.68349396064943   5.99951516580765e-15   9.9346319306083
1.33310466466467   3.74328611108177   2.68802866036853   5.98814668616207e-15   9.90190217243438
1.34312800800801   3.73430941170699   2.69265116427802   5.9255276152582e-15   9.86863696099308
1.35315135135135   3.72522147618478   2.69733354491228   6.17585591023305e-15   9.83504190484075
1.3631746946947   3.71607980140532   2.70204642492452   6.35392090208181e-15   9.80133063264151
1.37319803803804   3.70694369346448   2.70675935932245   6.45496496956377e-15   9.76772186313947
1.38322138138138   3.69787342815564   2.7114412568194   6.65861743213926e-15   9.73443628460026
1.39324472472473   3.68892935325913   2.7160608391876   6.81758254781618e-15   9.70169326137541
1.40326806806807   3.68017093916735   2.72058713586587   6.72127397276024e-15   9.66970739326328
1.41329141141141   3.67165578808854   2.72499000866371   6.75311482838073e-15   9.63868496607883
1.42331475475476   3.6634386170358   2.72924069827529   6.54267561617824e-15   9.60882034894441
1.4333380980981   3.6555702357526   2.7333123806418   6.67079418875988e-15   9.58029241421731
1.44336144144144   3.64809654715119   2.73718071727854   6.39580108339708e-15   9.55326107785123
1.45338478478479   3.64105760402829   2.7408243799428   6.21053231814728e-15   9.52786407877155
1.46340812812813   3.63448676087718   2.74422552698789   5.91593842698503e-15   9.50421413236261
1.47343147147147   3.62840996255124   2.74737020700778   5.4390187693306e-15   9.482396601977
1.48345481481482   3.62284521141094   2.75024866546841   5.55392498413908e-15   9.46246783024858
1.49347815815816   3.61780225067628   2.75285553235841   5.81478112724402e-15   9.44445425648282
1.50350150150151   3.61328249366801   2.75518987364682   6.3279877238328e-15   9.42835241647102
1.51352484484485   3.60927921663962   2.75725509636577   6.64932740378524e-15   9.41412987757257
1.52354818818819   3.60577801776301   2.75905870594358   7.00718530402152e-15   9.4017271077767
1.53357153153154   3.60275752787668   2.76061192418111   7.65086008432072e-15   9.3910602175851
1.54359487487488   3.60019034159158   2.76192918594446   8.7016457233138e-15   9.38202445422397
1.55361821821822   3.59804412218904   2.76302754112993   9.6339246232299e-15   9.37449827565279
1.56364156156157   3.59628282220747   2.76392599473937   1.01643144380567e-14   9.36834779324353
1.57366490490491   3.59486795503525   2.76464482126637   1.08159778893082e-14   9.36343135138376
1.58368824824825   3.5937598518865   2.76520488971274   1.09748978464289e-14   9.35960401176612
1.5937115915916   3.5929188431662   2.76562703254803   1.1094720766245e-14   9.35672172923605
1.60373493493494   3.59230631265403   2.7659314863066   1.09085366329918e-14   9.3546450417625
1.61375827827828   3.59188558582947   2.76613742409253   1.09785622992889e-14   9.35324214448115
1.62378162162163   3.59162262840053   2.76626259197694   1.09236358435941e-14   9.35239127095767
1.63380496496497   3.59148654602142   2.76632305305805   1.09287031572781e-14   9.35198235791848
1.64382830830831   3.59144988982866   2.766333035602   1.07862962851341e-14   9.35191801757917
1.65385165165166   3.59148878368996   2.76630487575666   1.02677597189406e-14   9.35211388061106
1.663874994995   3.59158289729545   2.76624904113708   9.92113258386395e-15   9.35249840059724
1.67389833833834   3.59171529421871   2.76617421917877   9.35293636922335e-15   9.35301222699949
1.68392168168169   3.591872186011   2.76608745340061   9.08597476617787e-15   9.35360725898288
1.69394502502503   3.59204262271732   2.76599431133302   8.85680011893439e-15   9.35424548866651
1.70396836836837   3.59221814753102   2.76589906949487   8.67274568127055e-15   9.35489773175534
1.71399171171172   3.59239243929956   2.76580490307772   8.38456585288146e-15   9.3555423284671
1.72401505505506   3.59256096189059   2.76571407057927   8.32039571449198e-15   9.35616388045031
1.7340383983984   3.59272063456315   2.76562808624063   8.54926930002679e-15   9.35675207188268
1.74406174174175   3.5928695328778   2.76554787557295   8.65617320545467e-15   9.35730060657313
1.75408508508509   3.59300662560308   2.76547391137283   8.40929816139871e-15   9.35780627861522
1.76410842842843   3.59313154969072   2.7654063293493   8.29656255988586e-15   9.35826818246737
1.77413177177178   3.59324442274882   2.76534502379916   8.2038388955066e-15   9.35868705941513
1.78415511511512   3.59334569051396   2.76528972469226   7.93276202840815e-15   9.35906477108341
1.79417845845846   3.59343600552233   2.76524005810913   7.81764045271932e-15   9.3594038867116
1.80420180180181   3.59351613239104   2.76519559226977   7.43541462018906e-15   9.35970736888487
1.81422514514515   3.59358687470963   2.76515587146836   6.95987135808869e-15   9.35997834189919
1.82424848848849   3.59364901837555   2.76512044014472   6.78416453941887e-15   9.36021992750971
1.83427183183184   3.59370328616365   2.76508885913537   6.05124636120113e-15   9.36043513410101
1.84429517517518   3.5937502982893   2.76506071589818   5.45298092529032e-15   9.36062678701531
1.85431851851853   3.59379053362278   2.76503563023244   4.7164720379539e-15   9.36079748963945
1.86434186186187   3.59382428597417   2.7650132567442   4.16977772243717e-15   9.3609496067089
1.87436520520521   3.59385160945837   2.76499328505355   3.78664446951429e-15   9.36108526301915
1.88438854854856   3.59387224636185   2.76497543851551   3.57254499270312e-15   9.36120635227277
1.8944118918919   3.59388553019444   2.76495947203444   3.57657315392185e-15   9.36131455210191
1.90443523523524   3.59389025578757   2.76494516939379   3.00612381769668e-15   9.36141134238613
1.91445857857859   3.59388450750439   2.76493234039685   2.83482716881423e-15   9.36149802484689
1.92448192192193   3.59386543601206   2.76492081801691   2.85705557704173e-15   9.36157574256665
1.93450526526527   3.59382897383395   2.7649104556815   2.79872010610175e-15   9.36164549858066
1.94452860860862   3.59376948029048   2.76490112476278   2.20371743717711e-15   9.36170817305313
1.95455195195196   3.59367930772285   2.76489271230808   1.76398467968823e-15   9.3617645388048
1.9645752952953   3.59354828335278   2.76488511902004   1.12071217487057e-15   9.36181527512988
1.97459863863865   3.59336310502202   2.76487825747953   6.13909644393961e-16   9.36186097995033
1.98462198198199   3.59310665457772   2.76487205059497   -2.5185137820157e-17   9.36190218041899
1.99464532532533   3.59275723991933   2.76486643025718   -4.61186644688954e-16   9.36193934211682
2.00466866866868   3.59228778564517   2.76486133617678   -9.06917057321161e-16   9.36197287700037
2.01469201201202   3.59166500257833   2.76485671488167   -1.31701112374467e-15   9.36200315025537
2.02471535535536   3.5908485777291   2.76485251885324   -2.13725048790286e-15   9.36203048620187
2.03473869869871   3.58979043772625   2.76484870578201   -2.65323565588867e-15   9.36205517338384
2.04476204204205   3.58843414944447   2.76484523792577   -2.83282531736332e-15   9.36207746896025
2.05478538538539   3.58671453028355   2.76484208155508   -3.05824354918942e-15   9.36209760250027
2.06480872872874   3.58455754600364   2.76483920647356   -2.42268355927807e-15   9.36211577927017
2.07483207207208   3.58188057485592   2.76483658560194   -1.9843260281912e-15   9.36213218308704
2.08485541541542   3.57859311175872   2.76483419461664   -1.21870054615478e-15   9.36214697880257
2.09487875875877   3.57459797452433   2.76483201163501   -2.53491593046324e-16   9.3621603144704
2.10490210210211   3.56979305515743   2.76483001694073   4.75465997051014e-16   9.36217232324189
2.11492544544545   3.56407363312613   2.7648281927436   1.42118575230706e-15   9.36218312502781
2.1249487887888   3.55733523505546   2.76482652296925   2.1548063501163e-15   9.36219282795772
2.13497213213214   3.54947698805791   2.76482499307447   3.0850779316908e-15   9.36220152966336
2.14499547547548   3.54040537416237   2.76482358988494   3.85917361960809e-15   9.36220931840855
2.15501881881883   3.53003825389841   2.76482230145233   4.37213553355521e-15   9.36221627408443
2.16504216216217   3.51830899130809   2.76482111692821   4.64461636553886e-15   9.36222246908615
2.17506550550551   3.50517048389187   2.76482002645267   4.77653923345913e-15   9.36222796908509
2.18508884884886   3.49059888245709   2.76481902105555   5.34598493707913e-15   9.36223283370835
2.1951121921922   3.47459678019648   2.76481809256889   5.50469003070462e-15   9.36223711713638
2.20513553553555   3.4571956593966   2.76481723354879   5.50889125616044e-15   9.362240868628
2.21515887887889   3.43845740865438   2.76481643720575   5.28347481194262e-15   9.36224413298132
2.22518222222223   3.41847476277186   2.76481569734211   5.16328604060344e-15   9.36224695093813
2.23520556556558   3.39737056968146   2.76481500829576   4.57549530506343e-15   9.36224935953884
2.24522890890892   3.37529585066139   2.76481436488929   4.02194937488322e-15   9.36225139243415
2.25525225225226   3.35242668755925   2.76481376238383   3.41030844455836e-15   9.36225308015936
2.26527559559561   3.32896003890561   2.76481319643695   2.12688533335453e-15   9.36225445037643
2.27529893893895   3.30510865058005   2.7648126630642   6.57939689657398e-16   9.36225552808863
2.28532228228229   3.28109528122376   2.76481215860382   -5.3902855431251e-16   9.36225633583184
2.29534562562564   3.25714650368178   2.76481167968417   -1.61256393248659e-15   9.36225689384633
2.30536896896898   3.23348636827737   2.76481122319377   -2.44551451225859e-15   9.36225722023187
2.31539231231232   3.21033021989606   2.76481078625353   -3.01398808813638e-15   9.36225733108915
2.32541565565567   3.18787894841763   2.76481036619102   -3.37459642986042e-15   9.3622572406495
2.33543899899901   3.16631392221711   2.76480996051657   -3.79637777568152e-15   9.36225696139434
2.34546234234235   3.14579280986068   2.76480956690111   -4.37333893395222e-15   9.36225650416612
2.3554856856857   3.12644643943647   2.76480918315542   -5.1321657100807e-15   9.36225587827106
2.36550902902904   3.10837678259697   2.76480880721085   -5.44258178032838e-15   9.3622550915744
2.37553237237238   3.09165608606139   2.76480843710119   -5.59718286646548e-15   9.36225415058832
2.38555571571573   3.07632711162894   2.76480807094566   -5.45664297833869e-15   9.36225306055231
2.39557905905907   3.06240439076995   2.76480770693277   -5.60413357357045e-15   9.36225182550554
2.40560240240241   3.04987635485659   2.76480734330497   -5.59718634605458e-15   9.36225044835055
2.41562574574576   3.03870816930047   2.76480697834373   -5.89107914483487e-15   9.36224893090694
2.4256490890891   3.02884508038217   2.76480661035475   -5.79247737882239e-15   9.36224727395315
2.43567243243244   3.02021607737733   2.76480623765286   -5.88519324738141e-15   9.3622454772529
2.44569577577579   3.01273767869402   2.76480585854553   -6.06586392006639e-15   9.3622435395601
2.45571911911913   3.00631766732121   2.76480547131344   -6.27196920649166e-15   9.36224145859119
2.46574246246247   3.00085862557333   2.76480507418517   -6.36020436459051e-15   9.36223923094374
2.47576580580582   2.99626114922609   2.76480466530028   -6.82796440009616e-15   9.36223685192129
2.48578914914916   2.9924266539624   2.76480424265022   -6.65550746798654e-15   9.36223431518875
2.4958124924925   2.98925972005134   2.76480380397695   -7.09906410981609e-15   9.36223161211305
2.50583583583585   2.98666995219734   2.76480334659097   -7.4847173504077e-15   9.36222873051288
2.51585917917919   2.98457335881944   2.7648028670357   -7.92085171448998e-15   9.36222565228948
2.52588252252253   2.98289327747949   2.76480236045887   -8.29034945376323e-15   9.36222234893101
2.53590586586588   2.98156089011516   2.76480181942546   -8.60677572559799e-15   9.36221877296829
2.54592920920922   2.98051538294693   2.76480123166508   -9.21528398179009e-15   9.3622148417126
2.55595255255257   2.97970381155114   2.76480057578677   -9.44466951347033e-15   9.36221040627517
2.56597589589591   2.97908073192968   2.76479981311612   -9.68480665495129e-15   9.36220519251103
2.57599923923925   2.9786076536948   2.76479887213424   -9.79542914555143e-15   9.3621986884035
2.5860225825826   2.97825236153957   2.76479761880288   -1.00741687152551e-14   9.36218992927219
2.59604592592594   2.97798813480152   2.76479579996343   -1.01484162153649e-14   9.36217708805833
2.60606926926928   2.9777928690005   2.7647929353693   -1.02277053143852e-14   9.36215669376477
2.61609261261263   2.97764806083394   2.76478811172829   -1.00372963282666e-14   9.36212214056567
2.62611595595597   2.97753754524254   2.76477958981921   -1.00568400463632e-14   9.36206084385714
2.63613929929931   2.97744574241261   2.76476405503585   -9.9059977446051e-15   9.36194881547353
2.64616264264266   2.97735493115968   2.76473518776307   -9.78186425868892e-15   9.36174031664783
2.656185985986   2.97724061205789   2.76468093635599   -9.72927081009807e-15   9.36134812455339
2.66620932932934   2.97706316654929   2.76457831547716   -9.53540218463436e-15   9.3606059047192
2.67623267267269   2.97675239175961   2.76438348462991   -9.07821499580202e-15   9.35919648880508
2.68625601601603   2.97617840447161   2.76401282580986   -9.07972576773221e-15   9.35651525670157
2.69627935935937   2.97509656836652   2.76330685978308   -8.89952511259601e-15   9.35141023820756
2.70630270270272   2.97304312485244   2.76196145540579   -8.86399337883171e-15   9.3416889011333
2.71632604604606   2.969137866517   2.75939675379604   -8.88995493055242e-15   9.32318657512182
2.7263493893894   2.96171352357993   2.75450766299592   -8.83558463739116e-15   9.28802283432343
2.73637273273275   2.94762924210916   2.74518985681458   -8.97601280280329e-15   9.22139560381668
2.74639607607609   2.92103385801967   2.7274428778272   -8.62531518280978e-15   9.09589372436218
2.75641941941943   2.87126380484549   2.6936873933526   -8.40815851359799e-15   8.86214403001896
2.76644276276278   2.7797163717946   2.62966898124384   -7.97578997662829e-15   8.43601204979061
2.77646610610612   2.61675850188086   2.50904152026629   -7.41317321214277e-15   7.68998391384942
2.78648944944946   2.34417098176951   2.28529502312928   -6.3759853122665e-15   6.47928145471149
2.79651279279281   1.9383963828691   1.88718422802076   -4.69993461598823e-15   4.77146858443318
2.80653613613615   1.45065622514217   1.2571120139852   -2.37517915051958e-15   2.90307395606905
2.81655947947949   1.04644552800136   0.533340529149716   -6.0681802056814e-16   1.5878904138972
2.82658282282284   0.855191641263069   0.117159784858714   -4.61247483043821e-17   1.10622981351103
2.83660616616618   0.808221223559354   0.0169348766280468   -3.15728716213998e-17   1.01457699359926
2.84662950950952   0.801075055878116   0.00220942634510422   -1.41733712446966e-20   1.00188430535507
2.85665285285287   0.800138104942278   0.000283815173197034   -1.92638722516719e-27   1.00024173177387
2.86667619619621   0.800017703865429   3.63825922927304e-05   -1.52888192279205e-33   1.00003098255396
2.87669953953955   0.800002268874759   4.66268403086323e-06   -2.03745354705845e-41   1.00000397054379
2.8867228828829   0.800000290762257   5.97535187625435e-07   -1.3096107137875e-49   1.00000050883416
2.89674622622624   0.800000037261781   7.65753620347362e-08   -5.53657245906762e-59   1.00000006520812
2.90676956956958   0.800000004775171   9.81328328383406e-09   -1.25169515880929e-69   1.00000000835655
2.91679291291293   0.800000000611947   1.257590982504e-09   -5.26600728579973e-81   1.00000000107091
2.92681625625627   0.800000000078422   1.61162388957478e-10   -1.67167832456624e-93   1.00000000013724
2.93683959959962   0.80000000001005   2.0652833601286e-11   -4.3659655218693e-107   1.00000000001759
2.94686294294296   0.800000000001288   2.64617169780581e-12   -1.31579671430629e-121   1.00000000000225
2.9568862862863   0.800000000000165   3.38660969917511e-13   -3.3338607900527e-137   1.00000000000029
2.96690962962965   0.800000000000021   4.31576353188975e-14   -6.85784892966782e-154   1.00000000000004
2.97693297297299   0.800000000000003   5.3354218225445e-15   -1.06733207132008e-171   1
2.98695631631633   0.8   5.7701597218379e-16   -1.07770462794926e-190   1
2.99697965965968   0.8   4.74259647276755e-17   -5.17180385075697e-211   1
3.00700300300302   0.8   0   0   1
3.01702634634636   0.8   0   0   1
3.02704968968971   0.8   0   0   1
3.03707303303305   0.8   0   0   1
3.04709637637639   0.8   0   0   1
3.05711971971974   0.8   0   0   1
3.06714306306308   0.8   0   0   1
3.07716640640642   0.8   0   0   1
3.08718974974977   0.8   0   0   1
3.09721309309311   0.8   0   0   1
3.10723643643645   0.8   0   0   1
3.1172597797798   0.8   0   0   1
3.12728312312314   0.8   0   0   1
3.13730646646648   0.8   0   0   1
3.14732980980983   0.8   0   0   1
3.15735315315317   0.8   0   0   1
3.16737649649651   0.8   0   0   1
3.17739983983986   0.8   0   0   1
3.1874231831832   0.8   0   0   1
3.19744652652654   0.8   0   0   1
3.20746986986989   0.8   0   0   1
3.21749321321323   0.8   0   0   1
3.22751655655657   0.8   0   0   1
3.23753989989992   0.8   0   0   1
3.24756324324326   0.8   0   0   1
3.2575865865866   0.8   0   0   1
3.26760992992995   0.8   0   0   1
3.27763327327329   0.8   0   0   1
3.28765661661664   0.8   0   0   1
3.29767995995998   0.8   0   0   1
3.30770330330332   0.8   0   0   1
3.31772664664667   0.8   0   0   1
3.32774998999001   0.8   0   0   1
3.33777333333335   0.8   0   0   1
3.3477966766767   0.8   0   0   1
3.35782002002004   0.8   0   0   1
3.36784336336338   0.8   0   0   1
3.37786670670673   0.8   0   0   1
3.38789005005007   0.8   0   0   1
3.39791339339341   0.8   0   0   1
3.40793673673676   0.8   0   0   1
3.4179600800801   0.8   0   0   1
3.42798342342344   0.8   0   0   1
3.43800676676679   0.8   0   0   1
3.44803011011013   0.8   0   0   1
3.45805345345347   0.8   0   0   1
3.46807679679682   0.8   0   0   1
3.47810014014016   0.8   0   0   1
3.4881234834835   0.8   0   0   1
3.49814682682685   0.8   0   0   1
3.50817017017019   0.8   0   0   1
3.51819351351353   0.8   0   0   1
3.52821685685688   0.8   0   0   1
3.53824020020022   0.8   0   0   1
3.54826354354356   0.8   0   0   1
3.55828688688691   0.8   0   0   1
3.56831023023025   0.8   0   0   1
3.57833357357359   0.8   0   0   1
3.58835691691694   0.8   0   0   1
3.59838026026028   0.8   0   0   1
3.60840360360362   0.8   0   0   1
3.61842694694697   0.8   0   0   1
3.62845029029031   0.8   0   0   1
3.63847363363366   0.8   0   0   1
3.648496976977   0.8   0   0   1
3.65852032032034   0.8   0   0   1
3.66854366366369   0.8   0   0   1
3.67856700700703   0.8   0   0   1
3.68859035035037   0.8   0   0   1
3.69861369369372   0.8   0   0   1
3.70863703703706   0.8   0   0   1
3.7186603803804   0.8   0   0   1
3.72868372372375   0.8   0   0   1
3.73870706706709   0.8   0   0   1
3.74873041041043   0.8   0   0   1
3.75875375375378   0.8   0   0   1
3.76877709709712   0.8   0   0   1
3.77880044044046   0.8   0   0   1
3.78882378378381   0.8   0   0   1
3.79884712712715   0.8   0   0   1
3.80887047047049   0.8   0   0   1
3.81889381381384   0.8   0   0   1
3.82891715715718   0.8   0   0   1
3.83894050050052   0.8   0   0   1
3.84896384384387   0.8   0   0   1
3.85898718718721   0.8   0   0   1
3.86901053053055   0.8   0   0   1
3.8790338738739   0.8   0   0   1
3.88905721721724   0.8   0   0   1
3.89908056056058   0.8   0   0   1
3.90910390390393   0.8   0   0   1
3.91912724724727   0.8   0   0   1
3.92915059059061   0.8   0   0   1
3.93917393393396   0.8   0   0   1
3.9491972772773   0.8   0   0   1
3.95922062062064   0.8   0   0   1
3.96924396396399   0.8   0   0   1
3.97926730730733   0.8   0   0   1
3.98929065065068   0.8   0   0   1
3.99931399399402   0.8   0   0   1
4.00933733733736   0.8   0   0   1
4.01936068068071   0.8   0   0   1
4.02938402402405   0.8   0   0   1
4.03940736736739   0.8   0   0   1
4.04943071071074   0.8   0   0   1
4.05945405405408   0.8   0   0   1
4.06947739739742   0.8   0   0   1
4.07950074074077   0.8   0   0   1
4.08952408408411   0.8   0   0   1
4.09954742742745   0.8   0   0   1
4.1095707707708   0.8   0   0   1
4.11959411411414   0.8   0   0   1
4.12961745745748   0.8   0   0   1
4.13964080080083   0.8   0   0   1
4.14966414414417   0.8   0   0   1
4.15968748748751   0.8   0   0   1
4.16971083083086   0.8   0   0   1
4.1797341741742   0.8   0   0   1
4.18975751751754   0.8   0   0   1
4.19978086086089   0.8   0   0   1
4.20980420420423   0.8   0   0   1
4.21982754754757   0.8   0   0   1
4.22985089089092   0.8   0   0   1
4.23987423423426   0.8   0   0   1
4.2498975775776   0.8   0   0   1
4.25992092092095   0.8   0   0   1
4.26994426426429   0.8   0   0   1
4.27996760760763   0.8   0   0   1
4.28999095095098   0.8   0   0   1
4.30001429429432   0.8   0   0   1
4.31003763763766   0.8   0   0   1
4.32006098098101   0.8   0   0   1
4.33008432432435   0.8   0   0   1
4.3401076676677   0.8   0   0   1
4.35013101101104   0.8   0   0   1
4.36015435435438   0.8   0   0   1
4.37017769769773   0.8   0   0   1
4.38020104104107   0.8   0   0   1
4.39022438438441   0.8   0   0   1
4.40024772772776   0.8   0   0   1
4.4102710710711   0.8   0   0   1
4.42029441441444   0.8   0   0   1
4.43031775775779   0.8   0   0   1
4.44034110110113   0.8   0   0   1
4.45036444444447   0.8   0   0   1
4.46038778778782   0.8   0   0   1
4.47041113113116   0.8   0   0   1
4.4804344744745   0.8   0   0   1
4.49045781781785   0.8   0   0   1
4.50048116116119   0.8   0   0   1
4.51050450450453   0.8   0   0   1
4.52052784784788   0.8   0   0   1
4.53055119119122   0.8   0   0   1
4.54057453453456   0.8   0   0   1
4.55059787787791   0.8   0   0   1
4.56062122122125   0.8   0   0   1
4.57064456456459   0.8   0   0   1
4.58066790790794   0.8   0   0   1
4.59069125125128   0.8   0   0   1
4.60071459459462   0.8   0   0   1
4.61073793793797   0.8   0   0   1
4.62076128128131   0.8   0   0   1
4.63078462462465   0.8   0   0   1
4.640807967968   0.8   0   0   1
4.65083131131134   0.8   0   0   1
4.66085465465468   0.8   0   0   1
4.67087799799803   0.8   0   0   1
4.68090134134137   0.8   0   0   1
4.69092468468472   0.8   0   0   1
4.70094802802806   0.8   0   0   1
4.7109713713714   0.8   0   0   1
4.72099471471475   0.8   0   0   1
4.73101805805809   0.8   0   0   1
4.74104140140143   0.8   0   0   1
4.75106474474478   0.8   0   0   1
4.76108808808812   0.8   0   0   1
4.77111143143146   0.8   0   0   1
4.78113477477481   0.8   0   0   1
4.79115811811815   0.8   0   0   1
4.80118146146149   0.8   0   0   1
4.81120480480484   0.8   0   0   1
4.82122814814818   0.8   0   0   1
4.83125149149152   0.8   0   0   1
4.84127483483487   0.8   0   0   1
4.85129817817821   0.8   0   0   1
4.86132152152155   0.8   0   0   1
4.8713448648649   0.8   0   0   1
4.88136820820824   0.8   0   0   1
4.89139155155158   0.8   0   0   1
4.90141489489493   0.8   0   0   1
4.91143823823827   0.8   0   0   1
4.92146158158161   0.8   0   0   1
4.93148492492496   0.8   0   0   1
4.9415082682683   0.8   0   0   1
4.95153161161164   0.8   0   0   1
4.96155495495499   0.8   0   0   1
4.97157829829833   0.8   0   0   1
4.98160164164167   0.8   0   0   1
4.99162498498502   0.8   0   0   1
5.00164832832836   0.8   0   0   1
5.0116716716717   0.8   0   0   1
5.02169501501505   0.8   0   0   1
5.03171835835839   0.8   0   0   1
5.04174170170173   0.8   0   0   1
5.05176504504508   0.8   0   0   1
5.06178838838842   0.8   0   0   1
5.07181173173177   0.8   0   0   1
5.08183507507511   0.8   0   0   1
5.09185841841845   0.8   0   0   1
5.1018817617618   0.8   0   0   1
5.11190510510514   0.8   0   0   1
5.12192844844848   0.8   0   0   1
5.13195179179183   0.8   0   0   1
5.14197513513517   0.8   0   0   1
5.15199847847851   0.8   0   0   1
5.16202182182186   0.8   0   0   1
5.1720451651652   0.8   0   0   1
5.18206850850854   0.8   0   0   1
5.19209185185189   0.8   0   0   1
5.20211519519523   0.8   0   0   1
5.21213853853857   0.8   0   0   1
5.22216188188192   0.8   0   0   1
5.23218522522526   0.8   0   0   1
5.2422085685686   0.8   0   0   1
5.25223191191195   0.8   0   0   1
5.26225525525529   0.8   0   0   1
5.27227859859863   0.8   0   0   1
5.28230194194198   0.8   0   0   1
5.29232528528532   0.8   0   0   1
5.30234862862866   0.8   0   0   1
5.31237197197201   0.8   0   0   1
5.32239531531535   0.8   0   0   1
5.33241865865869   0.8   0   0   1
5.34244200200204   0.8   0   0   1
5.35246534534538   0.8   0   0   1
5.36248868868872   0.8   0   0   1
5.37251203203207   0.8   0   0   1
5.38253537537541   0.8   0   0   1
5.39255871871875   0.8   0   0   1
5.4025820620621   0.8   0   0   1
5.41260540540544   0.8   0   0   1
5.42262874874879   0.8   0   0   1
5.43265209209213   0.8   0   0   1
5.44267543543547   0.8   0   0   1
5.45269877877882   0.8   0   0   1
5.46272212212216   0.8   0   0   1
5.4727454654655   0.8   0   0   1
5.48276880880885   0.8   0   0   1
5.49279215215219   0.8   0   0   1
5.50281549549553   0.8   0   0   1
5.51283883883888   0.8   0   0   1
5.52286218218222   0.8   0   0   1
5.53288552552556   0.8   0   0   1
5.54290886886891   0.8   0   0   1
5.55293221221225   0.8   0   0   1
5.56295555555559   0.8   0   0   1
5.57297889889894   0.8   0   0   1
5.58300224224228   0.8   0   0   1
5.59302558558562   0.8   0   0   1
5.60304892892897   0.8   0   0   1
5.61307227227231   0.8   0   0   1
5.62309561561565   0.8   0   0   1
5.633118958959   0.8   0   0   1
5.64314230230234   0.8   0   0   1
5.65316564564568   0.8   0   0   1
5.66318898898903   0.8   0   0   1
5.67321233233237   0.8   0   0   1
5.68323567567571   0.8   0   0   1
5.69325901901906   0.8   0   0   1
5.7032823623624   0.8   0   0   1
5.71330570570574   0.8   0   0   1
5.72332904904909   0.8   0   0   1
5.73335239239243   0.8   0   0   1
5.74337573573577   0.8   0   0   1
5.75339907907912   0.8   0   0   1
5.76342242242246   0.8   0   0   1
5.77344576576581   0.8   0   0   1
5.78346910910915   0.8   0   0   1
5.79349245245249   0.8   0   0   1
5.80351579579584   0.8   0   0   1
5.81353913913918   0.8   0   0   1
5.82356248248252   0.8   0   0   1
5.83358582582587   0.8   0   0   1
5.84360916916921   0.8   0   0   1
5.85363251251255   0.8   0   0   1
5.8636558558559   0.8   0   0   1
5.87367919919924   0.8   0   0   1
5.88370254254258   0.8   0   0   1
5.89372588588593   0.8   0   0   1
5.90374922922927   0.8   0   0   1
5.91377257257261   0.8   0   0   1
5.92379591591596   0.8   0   0   1
5.9338192592593   0.8   0   0   1
5.94384260260264   0.8   0   0   1
5.95386594594599   0.8   0   0   1
5.96388928928933   0.8   0   0   1
5.97391263263267   0.8   0   0   1
5.98393597597602   0.8   0   0   1
5.99395931931936   0.8   0   0   1
6.0039826626627   0.8   0   0   1
6.01400600600605   0.8   0   0   1
6.02402934934939   0.8   0   0   1
6.03405269269273   0.8   0   0   1
6.04407603603608   0.8   0   0   1
6.05409937937942   0.8   0   0   1
6.06412272272276   0.8   0   0   1
6.07414606606611   0.8   0   0   1
6.08416940940945   0.8   0   0   1
6.09419275275279   0.8   0   0   1
6.10421609609614   0.8   0   0   1
6.11423943943948   0.8   0   0   1
6.12426278278283   0.8   0   0   1
6.13428612612617   0.8   0   0   1
6.14430946946951   0.8   0   0   1
6.15433281281286   0.8   0   0   1
6.1643561561562   0.8   0   0   1
6.17437949949954   0.8   0   0   1
6.18440284284289   0.8   0   0   1
6.19442618618623   0.8   0   0   1
6.20444952952957   0.8   0   0   1
6.21447287287292   0.8   0   0   1
6.22449621621626   0.8   0   0   1
6.2345195595596   0.8   0   0   1
6.24454290290295   0.8   0   0   1
6.25456624624629   0.8   0   0   1
6.26458958958963   0.8   0   0   1
6.27461293293298   0.8   0   0   1
6.28463627627632   0.8   0   0   1
6.29465961961966   0.8   0   0   1
6.30468296296301   0.8   0   0   1
6.31470630630635   0.8   0   0   1
6.32472964964969   0.8   0   0   1
6.33475299299304   0.8   0   0   1
6.34477633633638   0.8   0   0   1
6.35479967967972   0.8   0   0   1
6.36482302302307   0.8   0   0   1
6.37484636636641   0.8   0   0   1
6.38486970970975   0.8   0   0   1
6.3948930530531   0.8   0   0   1
6.40491639639644   0.8   0   0   1
6.41493973973978   0.8   0   0   1
6.42496308308313   0.8   0   0   1
6.43498642642647   0.8   0   0   1
6.44500976976981   0.8   0   0   1
6.45503311311316   0.8   0   0   1
6.4650564564565   0.8   0   0   1
6.47507979979985   0.8   0   0   1
6.48510314314319   0.8   0   0   1
6.49512648648653   0.8   0   0   1
6.50514982982988   0.8   0   0   1
6.51517317317322   0.8   0   0   1
6.52519651651656   0.8   0   0   1
6.53521985985991   0.8   0   0   1
6.54524320320325   0.8   0   0   1
6.55526654654659   0.8   0   0   1
6.56528988988994   0.8   0   0   1
6.57531323323328   0.8   0   0   1
6.58533657657662   0.8   0   0   1
6.59535991991997   0.8   0   0   1
6.60538326326331   0.8   0   0   1
6.61540660660665   0.8   0   0   1
6.62542994995   0.8   0   0   1
6.63545329329334   0.8   0   0   1
6.64547663663668   0.8   0   0   1
6.65549997998003   0.8   0   0   1
6.66552332332337   0.8   0   0   1
6.67554666666671   0.8   0   0   1
6.68557001001006   0.8   0   0   1
6.6955933533534   0.8   0   0   1
6.70561669669674   0.8   0   0   1
6.71564004004009   0.8   0   0   1
6.72566338338343   0.8   0   0   1
6.73568672672677   0.8   0   0   1
6.74571007007012   0.8   0   0   1
6.75573341341346   0.8   0   0   1
6.7657567567568   0.8   0   0   1
6.77578010010015   0.8   0   0   1
6.78580344344349   0.8   0   0   1
6.79582678678683   0.8   0   0   1
6.80585013013018   0.8   0   0   1
6.81587347347352   0.8   0   0   1
6.82589681681686   0.8   0   0   1
6.83592016016021   0.8   0   0   1
6.84594350350355   0.8   0   0   1
6.8559668468469   0.8   0   0   1
6.86599019019024   0.8   0   0   1
6.87601353353358   0.8   0   0   1
6.88603687687693   0.8   0   0   1
6.89606022022027   0.8   0   0   1
6.90608356356361   0.8   0   0   1
6.91610690690696   0.8   0   0   1
6.9261302502503   0.8   0   0   1
6.93615359359364   0.8   0   0   1
6.94617693693699   0.8   0   0   1
6.95620028028033   0.8   0   0   1
6.96622362362367   0.8   0   0   1
6.97624696696702   0.8   0   0   1
6.98627031031036   0.8   0   0   1
6.9962936536537   0.8   0   0   1
7.00631699699705   0.8   0   0   1
7.01634034034039   0.8   0   0   1
7.02636368368373   0.8   0   0   1
7.03638702702708   0.8   0   0   1
7.04641037037042   0.8   0   0   1
7.05643371371376   0.8   0   0   1
7.06645705705711   0.8   0   0   1
7.07648040040045   0.8   0   0   1
7.08650374374379   0.8   0   0   1
7.09652708708714   0.8   0   0   1
7.10655043043048   0.8   0   0   1
7.11657377377382   0.8   0   0   1
7.12659711711717   0.8   0   0   1
7.13662046046051   0.8   0   0   1
7.14664380380385   0.8   0   0   1
7.1566671471472   0.8   0   0   1
7.16669049049054   0.8   0   0   1
7.17671383383388   0.8   0   0   1
7.18673717717723   0.8   0   0   1
7.19676052052057   0.8   0   0   1
7.20678386386392   0.8   0   0   1
7.21680720720726   0.8   0   0   1
7.2268305505506   0.8   0   0   1
7.23685389389395   0.8   0   0   1
7.24687723723729   0.8   0   0   1
7.25690058058063   0.8   0   0   1
7.26692392392398   0.8   0   0   1
7.27694726726732   0.8   0   0   1
7.28697061061066   0.8   0   0   1
7.29699395395401   0.8   0   0   1
7.30701729729735   0.8   0   0   1
7.31704064064069   0.8   0   0   1
7.32706398398404   0.8   0   0   1
7.33708732732738   0.8   0   0   1
7.34711067067072   0.8   0   0   1
7.35713401401407   0.8   0   0   1
7.36715735735741   0.8   0   0   1
7.37718070070075   0.8   0   0   1
7.3872040440441   0.8   0   0   1
7.39722738738744   0.8   0   0   1
7.40725073073078   0.8   0   0   1
7.41727407407413   0.8   0   0   1
7.42729741741747   0.8   0   0   1
7.43732076076081   0.8   0   0   1
7.44734410410416   0.8   0   0   1
7.4573674474475   0.8   0   0   1
7.46739079079084   0.8   0   0   1
7.47741413413419   0.8   0   0   1
7.48743747747753   0.8   0   0   1
7.49746082082087   0.8   0   0   1
7.50748416416422   0.8   0   0   1
7.51750750750756   0.8   0   0   1
7.5275308508509   0.8   0   0   1
7.53755419419425   0.8   0   0   1
7.54757753753759   0.8   0   0   1
7.55760088088094   0.8   0   0   1
7.56762422422428   0.8   0   0   1
7.57764756756762   0.8   0   0   1
7.58767091091097   0.8   0   0   1
7.59769425425431   0.8   0   0   1
7.60771759759765   0.8   0   0   1
7.617740940941   0.8   0   0   1
7.62776428428434   0.8   0   0   1
7.63778762762768   0.8   0   0   1
7.64781097097103   0.8   0   0   1
7.65783431431437   0.8   0   0   1
7.66785765765771   0.8   0   0   1
7.67788100100106   0.8   0   0   1
7.6879043443444   0.8   0   0   1
7.69792768768774   0.8   0   0   1
7.70795103103109   0.8   0   0   1
7.71797437437443   0.8   0   0   1
7.72799771771777   0.8   0   0   1
7.73802106106112   0.8   0   0   1
7.74804440440446   0.8   0   0   1
7.7580677477478   0.8   0   0   1
7.76809109109115   0.8   0   0   1
7.77811443443449   0.8   0   0   1
7.78813777777783   0.8   0   0   1
7.79816112112118   0.8   0   0   1
7.80818446446452   0.8   0   0   1
7.81820780780786   0.8   0   0   1
7.82823115115121   0.8   0   0   1
7.83825449449455   0.8   0   0   1
7.84827783783789   0.8   0   0   1
7.85830118118124   0.8   0   0   1
7.86832452452458   0.8   0   0   1
7.87834786786792   0.8   0   0   1
7.88837121121127   0.8   0   0   1
7.89839455455461   0.8   0   0   1
7.90841789789796   0.8   0   0   1
7.9184412412413   0.8   0   0   1
7.92846458458464   0.8   0   0   1
7.93848792792799   0.8   0   0   1
7.94851127127133   0.8   0   0   1
7.95853461461467   0.8   0   0   1
7.96855795795802   0.8   0   0   1
7.97858130130136   0.8   0   0   1
7.9886046446447   0.8   0   0   1
7.99862798798805   0.8   0   0   1
8.00865133133139   0.8   0   0   1
8.01867467467473   0.8   0   0   1
8.02869801801808   0.8   0   0   1
8.03872136136142   0.8   0   0   1
8.04874470470476   0.8   0   0   1
8.05876804804811   0.8   0   0   1
8.06879139139145   0.8   0   0   1
8.07881473473479   0.8   0   0   1
8.08883807807814   0.8   0   0   1
8.09886142142148   0.8   0   0   1
8.10888476476482   0.8   0   0   1
8.11890810810817   0.8   0   0   1
8.12893145145151   0.8   0   0   1
8.13895479479485   0.8   0   0   1
8.1489781381382   0.8   0   0   1
8.15900148148154   0.8   0   0   1
8.16902482482488   0.8   0   0   1
8.17904816816823   0.8   0   0   1
8.18907151151157   0.8   0   0   1
8.19909485485491   0.8   0   0   1
8.20911819819826   0.8   0   0   1
8.2191415415416   0.8   0   0   1
8.22916488488494   0.8   0   0   1
8.23918822822829   0.8   0   0   1
8.24921157157163   0.8   0   0   1
8.25923491491498   0.8   0   0   1
8.26925825825832   0.8   0   0   1
8.27928160160166   0.8   0   0   1
8.28930494494501   0.8   0   0   1
8.29932828828835   0.8   0   0   1
8.30935163163169   0.8   0   0   1
8.31937497497504   0.8   0   0   1
8.32939831831838   0.8   0   0   1
8.33942166166172   0.8   0   0   1
8.34944500500507   0.8   0   0   1
8.35946834834841   0.8   0   0   1
8.36949169169175   0.8   0   0   1
8.3795150350351   0.8   0   0   1
8.38953837837844   0.8   0   0   1
8.39956172172178   0.8   0   0   1
8.40958506506513   0.8   0   0   1
8.41960840840847   0.8   0   0   1
8.42963175175181   0.8   0   0   1
8.43965509509516   0.8   0   0   1
8.4496784384385   0.8   0   0   1
8.45970178178184   0.8   0   0   1
8.46972512512519   0.8   0   0   1
8.47974846846853   0.8   0   0   1
8.48977181181187   0.8   0   0   1
8.49979515515522   0.8   0   0   1
8.50981849849856   0.8   0   0   1
8.5198418418419   0.8   0   0   1
8.52986518518525   0.8   0   0   1
8.53988852852859   0.8   0   0   1
8.54991187187193   0.8   0   0   1
8.55993521521528   0.8   0   0   1
8.56995855855862   0.8   0   0   1
8.57998190190196   0.8   0   0   1
8.59000524524531   0.8   0   0   1
8.60002858858865   0.8   0   0   1
8.610051931932   0.8   0   0   1
8.62007527527534   0.8   0   0   1
8.63009861861868   0.8   0   0   1
8.64012196196203   0.8   0   0   1
8.65014530530537   0.8   0   0   1
8.66016864864871   0.8   0   0   1
8.67019199199206   0.8   0   0   1
8.6802153353354   0.8   0   0   1
8.69023867867874   0.8   0   0   1
8.70026202202209   0.8   0   0   1
8.71028536536543   0.8   0   0   1
8.72030870870877   0.8   0   0   1
8.73033205205212   0.8   0   0   1
8.74035539539546   0.8   0   0   1
8.7503787387388   0.8   0   0   1
8.76040208208215   0.8   0   0   1
8.77042542542549   0.8   0   0   1
8.78044876876883   0.8   0   0   1
8.79047211211218   0.8   0   0   1
8.80049545545552   0.8   0   0   1
8.81051879879886   0.8   0   0   1
8.82054214214221   0.8   0   0   1
8.83056548548555   0.8   0   0   1
8.84058882882889   0.8   0   0   1
8.85061217217224   0.8   0   0   1
8.86063551551558   0.8   0   0   1
8.87065885885892   0.8   0   0   1
8.88068220220227   0.8   0   0   1
8.89070554554561   0.8   0   0   1
8.90072888888895   0.8   0   0   1
8.9107522322323   0.8   0   0   1
8.92077557557564   0.8   0   0   1
8.93079891891898   0.8   0   0   1
8.94082226226233   0.8   0   0   1
8.95084560560567   0.8   0   0   1
8.96086894894901   0.8   0   0   1
8.97089229229236   0.8   0   0   1
8.9809156356357   0.8   0   0   1
8.99093897897905   0.8   0   0   1
9.00096232232239   0.8   0   0   1
9.01098566566573   0.8   0   0   1
9.02100900900908   0.8   0   0   1
9.03103235235242   0.8   0   0   1
9.04105569569576   0.8   0   0   1
9.05107903903911   0.8   0   0   1
9.06110238238245   0.8   0   0   1
9.07112572572579   0.8   0   0   1
9.08114906906914   0.8   0   0   1
9.09117241241248   0.8   0   0   1
9.10119575575582   0.8   0   0   1
9.11121909909917   0.8   0   0   1
9.12124244244251   0.8   0   0   1
9.13126578578585   0.8   0   0   1
9.1412891291292   0.8   0   0   1
9.15131247247254   0.8   0   0   1
9.16133581581588   0.8   0   0   1
9.17135915915923   0.8   0   0   1
9.18138250250257   0.8   0   0   1
9.19140584584591   0.8   0   0   1
9.20142918918926   0.8   0   0   1
9.2114525325326   0.8   0   0   1
9.22147587587594   0.8   0   0   1
9.23149921921929   0.8   0   0   1
9.24152256256263   0.8   0   0   1
9.25154590590597   0.8   0   0   1
9.26156924924932   0.8   0   0   1
9.27159259259266   0.8   0   0   1
9.281615935936   0.8   0   0   1
9.29163927927935   0.8   0   0   1
9.30166262262269   0.8   0   0   1
9.31168596596603   0.8   0   0   1
9.32170930930938   0.8   0   0   1
9.33173265265272   0.8   0   0   1
9.34175599599607   0.8   0   0   1
9.35177933933941   0.8   0   0   1
9.36180268268275   0.8   0   0   1
9.3718260260261   0.8   0   0   1
9.38184936936944   0.8   0   0   1
9.39187271271278   0.8   0   0   1
9.40189605605613   0.8   0   0   1
9.41191939939947   0.8   0   0   1
9.42194274274281   0.8   0   0   1
9.43196608608616   0.8   0   0   1
9.4419894294295   0.8   0   0   1
9.45201277277284   0.8   0   0   1
9.46203611611619   0.8   0   0   1
9.47205945945953   0.8   0   0   1
9.48208280280287   0.8   0   0   1
9.49210614614622   0.8   0   0   1
9.50212948948956   0.8   0   0   1
9.5121528328329   0.8   0   0   1
9.52217617617625   0.8   0   0   1
9.53219951951959   0.8   0   0   1
9.54222286286293   0.8   0   0   1
9.55224620620628   0.8   0   0   1
9.56226954954962   0.8   0   0   1
9.57229289289296   0.8   0   0   1
9.58231623623631   0.8   0   0   1
9.59233957957965   0.8   0   0   1
9.60236292292299   0.8   0   0   1
9.61238626626634   0.8   0   0   1
9.62240960960968   0.8   0   0   1
9.63243295295302   0.8   0   0   1
9.64245629629637   0.8   0   0   1
9.65247963963971   0.8   0   0   1
9.66250298298305   0.8   0   0   1
9.6725263263264   0.8   0   0   1
9.68254966966974   0.8   0   0   1
9.69257301301309   0.8   0   0   1
9.70259635635643   0.8   0   0   1
9.71261969969977   0.8   0   0   1
9.72264304304312   0.8   0   0   1
9.73266638638646   0.8   0   0   1
9.7426897297298   0.8   0   0   1
9.75271307307315   0.8   0   0   1
9.76273641641649   0.8   0   0   1
9.77275975975983   0.8   0   0   1
9.78278310310318   0.8   0   0   1
9.79280644644652   0.8   0   0   1
9.80282978978986   0.8   0   0   1
9.81285313313321   0.8   0   0   1
9.82287647647655   0.8   0   0   1
9.83289981981989   0.8   0   0   1
9.84292316316324   0.8   0   0   1
9.85294650650658   0.8   0   0   1
9.86296984984992   0.8   0   0   1
9.87299319319327   0.8   0   0   1
9.88301653653661   0.8   0   0   1
9.89303987987995   0.8   0   0   1
9.9030632232233   0.8   0   0   1
9.91308656656664   0.8   0   0   1
9.92310990990998   0.8   0   0   1
9.93313325325333   0.8   0   0   1
9.94315659659667   0.8   0   0   1
9.95317993994001   0.8   0   0   1
9.96320328328336   0.8   0   0   1
9.9732266266267   0.8   0   0   1
9.98324996997004   0.8   0   0   1
9.99327331331339   0.8   0   0   1
10.0032966566567   0.8   0   0   1
10.0133200000001   0.8   0   0   1
