variables = x,rho,u,v,p
0   3.8571   2.6293   0   10.3333
0.0100233433433433   3.8571   2.6293   0   10.3333
0.0200466866866867   3.8571   2.6293   0   10.3333
0.03007003003003   3.8571   2.6293   0   10.3333
0.0400933733733734   3.8571   2.6293   0   10.3333
0.0501167167167167   3.8571   2.6293   0   10.3333
0.0601400600600601   3.8571   2.6293   0   10.3333
0.0701634034034034   3.8571   2.6293   0   10.3333
0.0801867467467468   3.8571   2.6293   0   10.3333
0.0902100900900901   3.8571   2.6293   0   10.3333
0.100233433433433   3.8571   2.6293   0   10.3333
0.110256776776777   3.8571   2.6293   0   10.3333
0.12028012012012   3.8571   2.6293   0   10.3333
0.130303463463463   3.8571   2.6293   0   10.3333
0.140326806806807   3.8571   2.6293   0   10.3333
0.15035015015015   3.8571   2.6293   0   10.3333
0.160373493493494   3.8571   2.6293   0   10.3333
0.170396836836837   3.8571   2.6293   0   10.3333
0.18042018018018   3.8571   2.6293   0   10.3333
0.190443523523524   3.8571   2.6293   0   10.3333
0.200466866866867   3.8571   2.6293   0   10.3333
0.21049021021021   3.8571   2.6293   0   10.3333
0.220513553553554   3.8571   2.6293   0   10.3333
0.230536896896897   3.8571   2.6293   0   10.3333
0.24056024024024   3.8571   2.6293   0   10.3333
0.250583583583584   3.8571   2.6293   0   10.3333
0.260606926926927   3.8571   2.6293   0   10.3333
0.27063027027027   3.8571   2.6293   0   10.3333
0.280653613613614   3.8571   2.6293   0   10.3333
0.290676956956957   3.8571   2.6293   0   10.3333
0.3007003003003   3.8571   2.6293   0   10.3333
0.310723643643644   3.8571   2.6293   0   10.3333
0.320746986986987   3.8571   2.6293   0   10.3333
0.330770330330331   3.8571   2.6293   0   10.3333
0.340793673673674   3.8571   2.6293   0   10.3333
0.350817017017017   3.8571   2.6293   0   10.3333
0.360840360360361   3.8571   2.6293   0   10.3333
0.370863703703704   3.8571   2.6293   0   10.3333
0.380887047047047   3.8571   2.6293   0   10.3333
0.390910390390391   3.8571   2.6293   0   10.3333
0.400933733733734   3.8571   2.6293   0   10.3333
0.410957077077078   3.8571   2.6293   0   10.3333
0.420980420420421   3.8571   2.6293   0   10.3333
0.431003763763764   3.8571   2.6293   0   10.3333
0.441027107107108   3.8571   2.6293   0   10.3333
0.451050450450451   3.8571   2.6293   0   10.3333
0.461073793793794   3.8571   2.6293   0   10.3333
0.471097137137138   3.8571   2.6293   0   10.3333
0.481120480480481   3.8571   2.6293   0   10.3333
0.491143823823825   3.8571   2.6293   0   10.3333
0.501167167167168   3.8571   2.6293   0   10.3333
0.511190510510511   3.8571   2.6293   0   10.3333
0.521213853853855   3.8571   2.6293   0   10.3333
0.531237197197198   3.8571   2.6293   0   10.3333
0.541260540540541   3.8571   2.6293   -1.41368615332684e-16   10.3333
0.551283883883884   3.85709999999998   2.62930000000001   -9.88312833730524e-17   10.3332999999999
0.561307227227228   3.85709999999994   2.62930000000004   -1.66270848418725e-16   10.3332999999997
0.571330570570571   3.85709999999986   2.62930000000008   -5.00684433191136e-16   10.3332999999994
0.581353913913914   3.85709999999972   2.62930000000016   -3.48104434647854e-16   10.3332999999988
0.591377257257258   3.85709999999945   2.62930000000032   -3.36545778337344e-16   10.3332999999976
0.601400600600601   3.85709999999895   2.62930000000061   -4.2652345351258e-16   10.3332999999954
0.611423943943944   3.85709999999803   2.62930000000114   -5.61996573107243e-16   10.3332999999914
0.621447287287288   3.85709999999635   2.62930000000212   -4.82440508816725e-16   10.333299999984
0.631470630630631   3.85709999999327   2.62930000000391   -8.20398864637449e-16   10.3332999999705
0.641493973973974   3.85709999998772   2.62930000000712   -1.15283333347769e-15   10.3332999999463
0.651517317317318   3.85709999997776   2.62930000001286   -1.41850193040384e-15   10.3332999999031
0.661540660660661   3.85709999996007   2.62930000002305   -1.55631873655867e-15   10.3332999998263
0.671564004004004   3.85709999992886   2.62930000004098   -1.81738669481812e-15   10.3332999996912
0.681587347347348   3.85709999987426   2.62930000007229   -1.92106698934809e-15   10.3332999994554
0.691610690690691   3.85709999977952   2.6293000001265   -2.07145739025248e-15   10.3332999990472
0.701634034034034   3.85709999961646   2.62930000021962   -2.13038695377098e-15   10.333299998346
0.711657377377378   3.85709999933809   2.62930000037827   -2.09930672335224e-15   10.3332999971516
0.721680720720721   3.8570999988667   2.62930000064638   -2.19905397625854e-15   10.3332999951334
0.731704064064064   3.85709999807496   2.62930000109578   -2.09948844963912e-15   10.333299991751
0.741727407407408   3.85709999675599   2.62930000184293   -1.82176152990806e-15   10.3332999861283
0.751750750750751   3.8570999945766   2.62930000307497   -1.68576400595686e-15   10.333299976858
0.761774094094094   3.85709999100492   2.62930000508996   -1.65663421244607e-15   10.3332999616982
0.771797437437437   3.85709998519936   2.62930000835855   -1.4906855637301e-15   10.3332999371104
0.781820780780781   3.85709997584004   2.62930001361719   -1.60734522989427e-15   10.3332998975577
0.791844124124124   3.85709996087533   2.62930002200814   -1.69787420249183e-15   10.3332998344539
0.801867467467467   3.85709993714461   2.62930003528717   -1.52693558720315e-15   10.3332997346027
0.811890810810811   3.85709989982239   2.62930005612896   -1.28791439945841e-15   10.3332995779044
0.821914154154154   3.85709984160761   2.62930008857132   -1.02094124728488e-15   10.33329933402
0.831937497497497   3.85709975155358   2.62930013865471   -7.22477137514097e-16   10.3332989575695
0.841960840840841   3.85709961339665   2.62930021533331   -1.91691202797077e-16   10.333298381293
0.851984184184184   3.85709940319453   2.6293003317591   -6.52369715033597e-17   10.3332975064125
0.862007527527527   3.85709908602477   2.62930050707211   2.99735000536902e-16   10.3332961891978
0.872030870870871   3.85709861142003   2.62930076886904   3.62365370697983e-16   10.3332942224445
0.882054214214214   3.8570979071269   2.62930115656905   6.18713973206427e-16   10.3332913102245
0.892077557557557   3.85709687066968   2.62930172595067   8.13827338598321e-16   10.3332870338577
0.902100900900901   3.85709535807935   2.62930255519589   1.11896167064276e-15   10.3332808065881
0.912124244244244   3.85709316901358   2.62930375284609   1.52520781957692e-15   10.3332718139336
0.922147587587587   3.85709002735202   2.62930546814604   1.45315634601104e-15   10.3332589361463
0.932170930930931   3.8570855562076   2.62930790432339   1.02943720972669e-15   10.3332406486903
0.942194274274274   3.85707924616374   2.62931133541412   6.79139832384206e-16   10.3332148961697
0.952217617617617   3.85707041544197   2.62931612729293   9.30088000561588e-16   10.3331789347891
0.96224096096096   3.8570581606467   2.62932276358909   1.43602359181679e-15   10.3331291382656
0.972264304304304   3.85704129674655   2.62933187715197   1.76298246697776e-15   10.3330607622482
0.982287647647647   3.85701828506301   2.62934428766106   2.02120668091919e-15   10.3329676628271
0.99231099099099   3.85698714827542   2.62936104583909   2.48925536453505e-15   10.3328419657537
1.00233433433433   3.8569453718467   2.62938348450925   2.91554303916164e-15   10.3326736846392
1.01235767767768   3.85688979184894   2.62941327642812   3.18223584179313e-15   10.3324502887448
1.02238102102102   3.85681646994038   2.62945249841687   3.43245690953868e-15   10.332156224073
1.03240436436436   3.85672055721661   2.6295037008065   3.67885069942219e-15   10.3317723953108
1.04242770770771   3.85659614981545   2.62956998061825   3.65266303279496e-15   10.3312756206836
1.05245105105105   3.85643614045735   2.62965505623942   3.55229547023646e-15   10.3306380768013
1.06247439439439   3.85623207148954   2.629763340664   3.4703068197433e-15   10.3298267558318
1.07249773773774   3.85597399638015   2.62990000969499   3.32202194878617e-15   10.3288029624726
1.08252108108108   3.855650357864   2.63007106091036   3.348645995688e-15   10.3275218827448
1.09254442442442   3.85524789194082   2.63028335874683   3.38590524174691e-15   10.3259322600891
1.10256776776777   3.85475156752729   2.63054466082322   3.43983814657261e-15   10.3239762160567
1.11259111111111   3.85414457163129   2.63086362067408   3.4278222623378e-15   10.3215892525673
1.12261445445445   3.85340834933805   2.63124976244298   3.29016907917922e-15   10.3187004698358
1.1326377977978   3.8525227066018   2.63171342382148   3.50851463871173e-15   10.3152330284371
1.14266114114114   3.85146598181045   2.63226566460928   4.00408397068661e-15   10.3111048755713
1.15268448448449   3.85021528938915   2.63291813967471   4.65082461008514e-15   10.3062297446946
1.16270782782783   3.84874683546123   2.63368293673726   5.23404116002625e-15   10.3005184248429
1.17273117117117   3.84703630198853   2.63457238116775   5.78304699850357e-15   10.2938802820024
1.18275451451452   3.84505929211884   2.6355988117779   6.41269008318092e-15   10.2862250007892
1.19277785785786   3.84279182595801   2.63677433320991   6.52881413405324e-15   10.2774645015674
1.2028012012012   3.84021087293947   2.63811055190387   6.8993697005343e-15   10.267514977052
1.21282454454455   3.83729490463636   2.63961830360544   7.08626160059234e-15   10.2562989843387
1.22284788788789   3.83402445044113   2.64130738089858   6.80073167910041e-15   10.2437475238412
1.23287123123123   3.83038263813328   2.64318626927567   6.7277342272438e-15   10.229802036163
1.24289457457458   3.82635570198101   2.64526189980139   6.57765776926787e-15   10.2144162514335
1.25291791791792   3.82193344259681   2.64753942554523   6.25502789887262e-15   10.1975578327252
1.26294126126126   3.81710962512598   2.65002202774341   6.05127954747295e-15   10.1792097651283
1.27296460460461   3.81188230526594   2.65271075622307   6.05685981707337e-15   10.1593714539765
1.28298794794795   3.80625407583148   2.65560440710762   6.31418768460037e-15   10.1380595085592
1.29301129129129   3.80023222983068   2.65869943934898   6.71053768506383e-15   10.1153082003874
1.30303463463464   3.79382883905114   2.66198993030929   7.07936621833532e-15   10.0911695967697
1.31305797797798   3.78706074977326   2.66546756952895   7.34073336205013e-15   10.0657133803617
1.32308132132132   3.77994949927942   2.66912168902517   7.78207227967365e-15   10.0390263729401
1.33310466466467   3.77252115823348   2.67293932799146   7.8195587946364e-15   10.0112117866877
1.34312800800801   3.76480610474786   2.67690532960775   8.267844036206e-15   9.98238822871603
1.35315135135135   3.75683873607864   2.68100246779032   8.42552751543548e-15   9.95268848463861
1.3631746946947   3.74865712348955   2.68521160205455   8.77217391950883e-15   9.92225810512285
1.37319803803804   3.74030261504042   2.68951185915767   9.11316137545379e-15   9.89125381605393
1.38322138138138   3.73181939005232   2.69388084074533   9.50952253192069e-15   9.85984176887424
1.39324472472473   3.72325396796749   2.69829485674872   9.47111735359921e-15   9.82819564353073
1.40326806806807   3.7146546734545   2.70272918466719   9.5652069511579e-15   9.79649461298384
1.41329141141141   3.70607105909935   2.70715835502502   9.1818680317511e-15   9.76492117610868
1.42331475475476   3.69755328705493   2.71155646311613   8.96701000847884e-15   9.73365886568253
1.4333380980981   3.68915147174269   2.71589750656902   8.96426591566225e-15   9.70288984052402
1.44336144144144   3.68091498722115   2.72015574722002   8.90923650343871e-15   9.67279237607687
1.45338478478479   3.67289174519598   2.72430609425907   8.67364678082308e-15   9.64353827592495
1.46340812812813   3.66512745280326   2.72832450363706   8.29164075584605e-15   9.61529023768749
1.47343147147147   3.65766486310057   2.73218838639002   7.6177201836439e-15   9.58819921990052
1.48345481481482   3.65054303538067   2.7358770160036   7.32850157418691e-15   9.56240187085128
1.49347815815816   3.64379662658835   2.7393719224431   6.84730051618828e-15   9.53801809448545
1.50350150150151   3.63745523877376   2.74265725830404   6.56324324109905e-15   9.51514884068119
1.51352484484485   3.63154285009023   2.7457201210268   6.34697946182353e-15   9.49387421538846
1.52354818818819   3.62607735776705   2.74855081459869   6.34921921866978e-15   9.47425200838004
1.53357153153154   3.6210702602634   2.75114303492083   6.28458718214638e-15   9.4563167309633
1.54359487487488   3.61652650211179   2.75349396522217   6.19062830541126e-15   9.44007924188978
1.55361821821822   3.6124444987178   2.75560427158325   6.3223420035101e-15   9.42552701672983
1.56364156156157   3.60881634984532   2.75747799362043   6.57720900213209e-15   9.4126250851331
1.57366490490491   3.60562824026438   2.75912233131697   6.79731050054885e-15   9.4013176238284
1.58368824824825   3.60286101494753   2.76054733534252   7.14239024247537e-15   9.39153015409935
1.5937115915916   3.60049090534227   2.76176551434586   7.35083410929488e-15   9.38317225463189
1.60373493493494   3.59849037374613   2.76279137798843   7.63193281507795e-15   9.37614066803241
1.61375827827828   3.59682903568131   2.76364093834113   8.05354490508397e-15   9.37032265548223
1.62378162162163   3.59547461615784   2.76433119429209   8.7293662070347e-15   9.3655994414692
1.63380496496497   3.59439389520339   2.76487962363666   9.17335179206177e-15   9.36184959049952
1.64382830830831   3.59355360097629   2.76530370561194   9.87658693322219e-15   9.3589521698142
1.65385165165166   3.59292121471923   2.76562049309604   1.05239332418303e-14   9.35678957467252
1.663874994995   3.5924656599917   2.76584624897771   1.09169357210122e-14   9.35524992289827
1.67389833833834   3.59215785809193   2.76599615586896   1.11576269322958e-14   9.35422895967213
1.68392168168169   3.59197114135264   2.76608410293844   1.0900432388374e-14   9.35363144845863
1.69394502502503   3.59188152516689   2.76612254867776   1.08601471881007e-14   9.35337205630383
1.70396836836837   3.59186784745569   2.76612245424903   1.06415874229564e-14   9.35337576906726
1.71399171171172   3.59191179035916   2.76609327892893   1.04820125036016e-14   9.35357789289018
1.72401505505506   3.59199780300477   2.76604302714658   1.05982315272331e-14   9.35392371170896
1.7340383983984   3.59211294630115   2.76597833566989   1.05705190151214e-14   9.35436787707652
1.74406174174175   3.59224668102818   2.76590458949234   1.05897357070802e-14   9.35487360677355
1.75408508508509   3.59239061937186   2.76582605571689   1.06106557633291e-14   9.3554117639014
1.76410842842843   3.59253825787109   2.76574602600762   1.06143999991654e-14   9.35595987976531
1.77413177177178   3.59268470689922   2.76566695976977   1.06011505562228e-14   9.35650117329418
1.78415511511512   3.5928264286523   2.76559062193424   1.10268480819436e-14   9.35702360827181
1.79417845845846   3.59296099245962   2.76551821091125   1.14576069934314e-14   9.35751901831365
1.80420180180181   3.59308685329194   2.76545047382585   1.20453008141517e-14   9.35798231908396
1.81422514514515   3.59320315677189   2.76538780748468   1.23076727981453e-14   9.3584108182103
1.82424848848849   3.59330957186777   2.7653303446117   1.23680905073391e-14   9.35880362597545
1.83427183183184   3.59340615080344   2.76527802572327   1.24309847079302e-14   9.35916116421148
1.84429517517518   3.59349321452349   2.76523065760373   1.247042254162e-14   9.35948476680277
1.85431851851853   3.59357126126588   2.76518795971987   1.26287374017797e-14   9.35977636263756
1.86434186186187   3.59364089534921   2.76514960011103   1.27116814787081e-14   9.360038230495
1.87436520520521   3.59370277310435   2.76511522235035   1.24650952689906e-14   9.36027281495739
1.88438854854856   3.59375756289738   2.7650844651274   1.18979081787054e-14   9.36048259274542
1.8944118918919   3.59380591633502   2.76505697588777   1.15764438814967e-14   9.36066997966259
1.90443523523524   3.59384844795328   2.76503241980741   1.12972828387215e-14   9.36083726941059
1.91445857857859   3.59388572091505   2.76501048520271   1.05712286292397e-14   9.36098659675023
1.92448192192193   3.5939182364391   2.76499088629666   1.02345411449978e-14   9.36111991871559
1.93450526526527   3.59394642481877   2.76497336409009   9.45518141924593e-15   9.36123900876379
1.94452860860862   3.59397063593654   2.76495768593077   8.23943293471001e-15   9.36134545980836
1.95455195195196   3.5939911271211   2.76494364423771   7.20481623091627e-15   9.36144069301272
1.9645752952953   3.59400804601362   2.76493105472315   6.01271460296998e-15   9.36152597000369
1.97459863863865   3.59402140580318   2.76491975436126   5.38259304151271e-15   9.36160240680549
1.98462198198199   3.59403104975922   2.76490959927789   4.29379754504871e-15   9.36167098830403
1.99464532532533   3.59403660144484   2.76490046267805   3.19604835216282e-15   9.36173258244536
2.00466866866868   3.59403739636219   2.7648922328845   2.10080183014819e-15   9.36178795366838
2.01469201201202   3.59403239010412   2.76488481152914   1.01531306016724e-15   9.36183777528818
2.02471535535536   3.59402003742451   2.76487811191637   3.88149945862762e-16   9.36188264069905
2.03473869869871   3.5939981360794   2.7648720575629   -2.57990840580331e-16   9.36192307336919
2.04476204204205   3.59396362893954   2.76486658090808   -7.75959616885296e-16   9.36195953566597
2.05478538538539   3.59391235786428   2.76486162218365   -1.12455958847172e-15   9.36199243659
2.06480872872874   3.59383876330783   2.76485712842847   -1.36234108540959e-15   9.36202213851639
2.07483207207208   3.59373552476213   2.76485305263266   -1.19736229239647e-15   9.36204896304973
2.08485541541542   3.59359313908628   2.76484935299583   -1.34720772549285e-15   9.3620731960982
2.09487875875877   3.5933994366689   2.76484599228483   -6.71102992573037e-16   9.36209509226658
2.10490210210211   3.59313903931686   2.76484293727772   -2.54188881255783e-16   9.36211487865935
2.11492544544545   3.59279276879232   2.76484015828201   -1.31600324817196e-17   9.36213275817527
2.1249487887888   3.59233702097155   2.76483762871682   3.27091253018709e-16   9.36214891236534
2.13497213213214   3.59174312749914   2.76483532474985   5.03471254154883e-16   9.36216350391598
2.14499547547548   3.59097673425178   2.76483322498133   3.44435320782947e-16   9.36217667881127
2.15501881881883   3.58999723345946   2.76483131016832   5.6672019667307e-16   9.36218856821984
2.16504216216217   3.58875729337163   2.76482956298371   8.91812229910651e-16   9.36219929014562
2.17506550550551   3.58720253520238   2.76482796780497   1.18789037915482e-15   9.36220895087531
2.18508884884886   3.5852714109651   2.76482651052877   1.41123027040049e-15   9.36221764625094
2.1951121921922   3.58289533691809   2.76482517840775   1.72324103229094e-15   9.3622254627912
2.20513553553555   3.5799991349509   2.76482395990669   1.76501701589918e-15   9.36223247868167
2.21515887887889   3.57650182774502   2.76482284457544   1.46554197836647e-15   9.36223876465109
2.22518222222223   3.57231782257275   2.76482182293657   1.21316234047132e-15   9.36224438474818
2.23520556556558   3.56735850309146   2.76482088638572   1.00919199073453e-15   9.36224939703121
2.24522890890892   3.56153422876289   2.76482002710336   7.20302098600588e-16   9.362253854181
2.25525225225226   3.55475671830816   2.76481923797624   5.3875665028401e-16   9.36225780404591
2.26527559559561   3.54694176804816   2.76481851252767   3.94100084711716e-16   9.36226129012696
2.27529893893895   3.53801222960518   2.76481784485539   4.60966901260461e-16   9.36226435200919
2.28532228228229   3.52790114608176   2.76481722957615   9.00836473776578e-16   9.36226702574545
2.29534562562564   3.51655492348578   2.76481666177628   1.10923350938279e-15   9.36226934419728
2.30536896896898   3.50393639684993   2.76481613696743   1.3053574807851e-15   9.36227133733753
2.31539231231232   3.49002764004568   2.76481565104698   1.89757309304228e-15   9.36227303251863
2.32541565565567   3.47483236621517   2.76481520026243   2.37607722833465e-15   9.36227445471011
2.33543899899901   3.45837777301737   2.76481478117933   2.6678092537125e-15   9.36227562670876
2.34546234234235   3.44071570383545   2.7648143906524   2.92515733844314e-15   9.36227656932415
2.3554856856857   3.4219230223084   2.76481402579931   3.11319175485665e-15   9.36227730154288
2.36550902902904   3.40210113186807   2.76481368397685   3.02880994503587e-15   9.36227784067348
2.37553237237238   3.38137461251029   2.76481336275925   2.82763137499109e-15   9.36227820247493
2.38555571571573   3.35988899135078   2.76481305991834   2.79598014340641e-15   9.36227840127076
2.39557905905907   3.33780770875379   2.76481277340526   2.70989829323857e-15   9.36227845005078
2.40560240240241   3.31530838493563   2.76481250133377   2.56561614251709e-15   9.36227836056231
2.41562574574576   3.29257852997171   2.76481224196476   2.60903353331193e-15   9.36227814339262
2.4256490890891   3.26981087042826   2.76481199369187   2.45226946455953e-15   9.36227780804388
2.43567243243244   3.24719848629905   2.76481175502832   2.13037340849161e-15   9.36227736300202
2.44569577577579   3.22492996117323   2.76481152459454   1.98551054514997e-15   9.36227681580021
2.45571911911913   3.20318474604656   2.76481130110672   1.53610178982896e-15   9.36227617307826
2.46574246246247   3.182128923236   2.76481108336622   1.06904832364799e-15   9.36227544063799
2.47576580580582   3.16191153261645   2.76481087024955   1.90189307083894e-16   9.36227462349543
2.48578914914916   3.142661589731   2.76481066069919   -3.55337038140473e-16   9.36227372593001
2.4958124924925   3.12448588663605   2.76481045371487   -1.54629419792121e-15   9.36227275153069
2.50583583583585   3.10746762436374   2.7648102483455   -3.12924630468512e-15   9.36227170323932
2.51585917917919   3.09166588344485   2.76481004368151   -4.5963270113861e-15   9.36227058339088
2.52588252252253   3.07711589873708   2.7648098388477   -5.70523876525865e-15   9.36226939375063
2.53590586586588   3.06383006921207   2.76480963299639   -7.02190569057041e-15   9.36226813554786
2.54592920920922   3.05179960424759   2.764809425301   -8.06806051522954e-15   9.36226680950593
2.55595255255257   3.04099668662309   2.76480921494981   -8.97735928392441e-15   9.36226541586852
2.56597589589591   3.03137701946052   2.76480900113995   -9.84883400830912e-15   9.36226395442156
2.57599923923925   3.02288261978241   2.76480878307156   -1.08159110985848e-14   9.36226242451057
2.5860225825826   3.01544472459982   2.76480855994195   -1.11215951363951e-14   9.36226082505304
2.59604592592594   3.00898668544883   2.76480833093963   -1.12501837842048e-14   9.3622591545449
2.60606926926928   3.00342674268126   2.76480809523808   -1.13507363848603e-14   9.36225741105996
2.61609261261263   2.99868059000599   2.76480785198884   -1.15195861206242e-14   9.36225559224005
2.62611595595597   2.99466366113636   2.76480760031322   -1.13205731258835e-14   9.36225369527146
2.63613929929931   2.9912930923693   2.76480733929163   -1.117486080847e-14   9.36225171683974
2.64616264264266   2.98848933611905   2.76480706794809   -1.10947256846891e-14   9.36224965304708
2.656185985986   2.98617741972331   2.764806785226   -1.10427867746535e-14   9.36224749926299
2.66620932932934   2.98428786039785   2.76480648994719   -1.09158773407775e-14   9.36224524985161
2.67623267267269   2.98275726051221   2.76480618073937   -1.06941219309991e-14   9.36224289766793
2.68625601601603   2.9815286171635   2.76480585590343   -1.04673541889956e-14   9.36224043311725
2.69627935935937   2.98055138636646   2.76480551316648   -9.94387438116475e-15   9.36223784238566
2.70630270270272   2.97978134529022   2.76480514921703   -9.87013273163829e-15   9.3622351040926
2.71632604604606   2.97918029623427   2.76480475882512   -9.98385622312184e-15   9.36223218293761
2.7263493893894   2.97871565389303   2.76480433317088   -9.96506249971777e-15   9.3622290176161
2.73637273273275   2.97835995334944   2.76480385666337   -9.72229379880485e-15   9.36222549780629
2.74639607607609   2.97809031048511   2.76480330088009   -9.44229047368374e-15   9.36222142031048
2.75641941941943   2.97788785918313   2.76480261301357   -9.44296729166865e-15   9.36221640543368
2.76644276276278   2.97773718045007   2.76480169384047   -9.04711242056969e-15   9.36220973751317
2.77646610610612   2.97762572619666   2.76480035570363   -8.83168664169375e-15   9.36220006076178
2.78648944944946   2.97754322217991   2.76479824236788   -8.66958116802357e-15   9.36218479911631
2.79651279279281   2.97748100502353   2.76479467614807   -9.01117539247178e-15   9.36215904962199
2.80653613613615   2.97743119655797   2.76478836630658   -9.20134572862842e-15   9.36211347160305
2.81655947947949   2.97738552431851   2.76477685282104   -9.18540081540718e-15   9.36203026039601
2.82658282282284   2.97733342047462   2.76475544537369   -9.22081178215115e-15   9.36187546780868
2.83660616616618   2.97725869756857   2.764715199499   -9.17955097988475e-15   9.36158435555641
2.84662950950952   2.97713346513087   2.76463905620254   -8.90113972032455e-15   9.36103346496422
2.85665285285287   2.97690674462928   2.76449447874019   -8.92177876291053e-15   9.3599873692508
2.86667619619621   2.97648294633452   2.76421940894537   -9.31549508566082e-15   9.35799721012838
2.87669953953955   2.97568102134366   2.76369548495057   -9.73519308539589e-15   9.35420754337755
2.8867228828829   2.97415689366853   2.7626969757177   -9.89698177646106e-15   9.34698930104173
2.89674622622624   2.97125644547806   2.76079345232262   -9.65639830812504e-15   9.33324475914453
2.90676956956958   2.96573826144234   2.75716442011238   -9.34081161522752e-15   9.30710020083037
2.91679291291293   2.95525604537272   2.75024678352721   -9.02280960081344e-15   9.2574786895392
2.92681625625627   2.93541175480826   2.73706631320157   -8.7172196250718e-15   9.16370841590981
2.93683959959962   2.89809324368407   2.71197738977734   -8.63142032830151e-15   8.98798739937886
2.94686294294296   2.82880489937589   2.66431824722279   -8.20853196487972e-15   8.663904368167
2.9568862862863   2.70325769165283   2.57418552772705   -7.7198708619649e-15   8.08398128364066
2.96690962962965   2.48606756757567   2.40548004921094   -6.84651051909817e-15   7.10357237003522
2.97693297297299   2.14177641913982   2.09789380246051   -5.5472054346246e-15   5.61242868148861
2.98695631631633   1.67775223098694   1.57623656120621   -3.55253424106633e-15   3.74375048478082
2.99697965965968   1.21031195486041   0.854617258311531   -1.32965317182356e-15   2.08577516819955
3.00700300300302   0.917602482961223   0.255088155840106   -2.01816586618278e-16   1.24731190339377
3.01702634634636   0.820439620333734   0.0424283002576531   -2.50277422963938e-18   1.03703859489421
3.02704968968971   0.802764359514187   0.00568270996961787   -1.57562059756968e-17   1.00485769364393
3.03707303303305   0.800356525895728   0.000732689801150383   -1.36934868737155e-25   1.00062424207543
3.04709637637639   0.800045725851441   9.39696300736583e-05   -7.05145880264344e-31   1.00008002550861
3.05711971971974   0.80000586045048   1.20436047718303e-05   -2.43019559551536e-37   1.00001025587483
3.06714306306308   0.800000751037678   1.5434309083896e-06   -4.9683877927285e-45   1.00000131431735
3.07716640640642   0.800000096247076   1.97793952733397e-07   -2.76295044212495e-54   1.00000016843241
3.08718974974977   0.80000001233425   2.53476798333477e-08   -6.44898154998369e-64   1.00000002158494
3.09721309309311   0.800000001580658   3.24835358148572e-09   -1.19807236869355e-74   1.00000000276615
3.10723643643645   0.800000000202564   4.16282257289617e-10   -1.56744031419974e-86   1.00000000035449
3.1172597797798   0.800000000025959   5.33468406645642e-11   -1.19969871471061e-99   1.00000000004543
3.12728312312314   0.800000000003327   6.83592411474221e-12   -4.69300518564117e-114   1.00000000000582
3.13730646646648   0.800000000000426   8.75545449872148e-13   -5.17236751345376e-129   1.00000000000075
3.14732980980983   0.800000000000055   1.11987360299229e-13   -4.91145985422729e-145   1.0000000000001
3.15735315315317   0.800000000000007   1.42197388449846e-14   -3.86323104191451e-162   1.00000000000001
3.16737649649651   0.800000000000001   1.68360439865415e-15   -2.45980295597183e-180   1
3.17739983983986   0.8   1.50180667541953e-16   -9.59235279409788e-200   1
3.1874231831832   0.8   0   -1.71889111681256e-220   1
3.19744652652654   0.8   0   0   1
3.20746986986989   0.8   0   0   1
3.21749321321323   0.8   0   0   1
3.22751655655657   0.8   0   0   1
3.23753989989992   0.8   0   0   1
3.24756324324326   0.8   0   0   1
3.2575865865866   0.8   0   0   1
3.26760992992995   0.8   0   0   1
3.27763327327329   0.8   0   0   1
3.28765661661664   0.8   0   0   1
3.29767995995998   0.8   0   0   1
3.30770330330332   0.8   0   0   1
3.31772664664667   0.8   0   0   1
3.32774998999001   0.8   0   0   1
3.33777333333335   0.8   0   0   1
3.3477966766767   0.8   0   0   1
3.35782002002004   0.8   0   0   1
3.36784336336338   0.8   0   0   1
3.37786670670673   0.8   0   0   1
3.38789005005007   0.8   0   0   1
3.39791339339341   0.8   0   0   1
3.40793673673676   0.8   0   0   1
3.4179600800801   0.8   0   0   1
3.42798342342344   0.8   0   0   1
3.43800676676679   0.8   0   0   1
3.44803011011013   0.8   0   0   1
3.45805345345347   0.8   0   0   1
3.46807679679682   0.8   0   0   1
3.47810014014016   0.8   0   0   1
3.4881234834835   0.8   0   0   1
3.49814682682685   0.8   0   0   1
3.50817017017019   0.8   0   0   1
3.51819351351353   0.8   0   0   1
3.52821685685688   0.8   0   0   1
3.53824020020022   0.8   0   0   1
3.54826354354356   0.8   0   0   1
3.55828688688691   0.8   0   0   1
3.56831023023025   0.8   0   0   1
3.57833357357359   0.8   0   0   1
3.58835691691694   0.8   0   0   1
3.59838026026028   0.8   0   0   1
3.60840360360362   0.8   0   0   1
3.61842694694697   0.8   0   0   1
3.62845029029031   0.8   0   0   1
3.63847363363366   0.8   0   0   1
3.648496976977   0.8   0   0   1
3.65852032032034   0.8   0   0   1
3.66854366366369   0.8   0   0   1
3.67856700700703   0.8   0   0   1
3.68859035035037   0.8   0   0   1
3.69861369369372   0.8   0   0   1
3.70863703703706   0.8   0   0   1
3.7186603803804   0.8   0   0   1
3.72868372372375   0.8   0   0   1
3.73870706706709   0.8   0   0   1
3.74873041041043   0.8   0   0   1
3.75875375375378   0.8   0   0   1
3.76877709709712   0.8   0   0   1
3.77880044044046   0.8   0   0   1
3.78882378378381   0.8   0   0   1
3.79884712712715   0.8   0   0   1
3.80887047047049   0.8   0   0   1
3.81889381381384   0.8   0   0   1
3.82891715715718   0.8   0   0   1
3.83894050050052   0.8   0   0   1
3.84896384384387   0.8   0   0   1
3.85898718718721   0.8   0   0   1
3.86901053053055   0.8   0   0   1
3.8790338738739   0.8   0   0   1
3.88905721721724   0.8   0   0   1
3.89908056056058   0.8   0   0   1
3.90910390390393   0.8   0   0   1
3.91912724724727   0.8   0   0   1
3.92915059059061   0.8   0   0   1
3.93917393393396   0.8   0   0   1
3.9491972772773   0.8   0   0   1
3.95922062062064   0.8   0   0   1
3.96924396396399   0.8   0   0   1
3.97926730730733   0.8   0   0   1
3.98929065065068   0.8   0   0   1
3.99931399399402   0.8   0   0   1
4.00933733733736   0.8   0   0   1
4.01936068068071   0.8   0   0   1
4.02938402402405   0.8   0   0   1
4.03940736736739   0.8   0   0   1
4.04943071071074   0.8   0   0   1
4.05945405405408   0.8   0   0   1
4.06947739739742   0.8   0   0   1
4.07950074074077   0.8   0   0   1
4.08952408408411   0.8   0   0   1
4.09954742742745   0.8   0   0   1
4.1095707707708   0.8   0   0   1
4.11959411411414   0.8   0   0   1
4.12961745745748   0.8   0   0   1
4.13964080080083   0.8   0   0   1
4.14966414414417   0.8   0   0   1
4.15968748748751   0.8   0   0   1
4.16971083083086   0.8   0   0   1
4.1797341741742   0.8   0   0   1
4.18975751751754   0.8   0   0   1
4.19978086086089   0.8   0   0   1
4.20980420420423   0.8   0   0   1
4.21982754754757   0.8   0   0   1
4.22985089089092   0.8   0   0   1
4.23987423423426   0.8   0   0   1
4.2498975775776   0.8   0   0   1
4.25992092092095   0.8   0   0   1
4.26994426426429   0.8   0   0   1
4.27996760760763   0.8   0   0   1
4.28999095095098   0.8   0   0   1
4.30001429429432   0.8   0   0   1
4.31003763763766   0.8   0   0   1
4.32006098098101   0.8   0   0   1
4.33008432432435   0.8   0   0   1
4.3401076676677   0.8   0   0   1
4.35013101101104   0.8   0   0   1
4.36015435435438   0.8   0   0   1
4.37017769769773   0.8   0   0   1
4.38020104104107   0.8   0   0   1
4.39022438438441   0.8   0   0   1
4.40024772772776   0.8   0   0   1
4.4102710710711   0.8   0   0   1
4.42029441441444   0.8   0   0   1
4.43031775775779   0.8   0   0   1
4.44034110110113   0.8   0   0   1
4.45036444444447   0.8   0   0   1
4.46038778778782   0.8   0   0   1
4.47041113113116   0.8   0   0   1
4.4804344744745   0.8   0   0   1
4.49045781781785   0.8   0   0   1
4.50048116116119   0.8   0   0   1
4.51050450450453   0.8   0   0   1
4.52052784784788   0.8   0   0   1
4.53055119119122   0.8   0   0   1
4.54057453453456   0.8   0   0   1
4.55059787787791   0.8   0   0   1
4.56062122122125   0.8   0   0   1
4.57064456456459   0.8   0   0   1
4.58066790790794   0.8   0   0   1
4.59069125125128   0.8   0   0   1
4.60071459459462   0.8   0   0   1
4.61073793793797   0.8   0   0   1
4.62076128128131   0.8   0   0   1
4.63078462462465   0.8   0   0   1
4.640807967968   0.8   0   0   1
4.65083131131134   0.8   0   0   1
4.66085465465468   0.8   0   0   1
4.67087799799803   0.8   0   0   1
4.68090134134137   0.8   0   0   1
4.69092468468472   0.8   0   0   1
4.70094802802806   0.8   0   0   1
4.7109713713714   0.8   0   0   1
4.72099471471475   0.8   0   0   1
4.73101805805809   0.8   0   0   1
4.74104140140143   0.8   0   0   1
4.75106474474478   0.8   0   0   1
4.76108808808812   0.8   0   0   1
4.77111143143146   0.8   0   0   1
4.78113477477481   0.8   0   0   1
4.79115811811815   0.8   0   0   1
4.80118146146149   0.8   0   0   1
4.81120480480484   0.8   0   0   1
4.82122814814818   0.8   0   0   1
4.83125149149152   0.8   0   0   1
4.84127483483487   0.8   0   0   1
4.85129817817821   0.8   0   0   1
4.86132152152155   0.8   0   0   1
4.8713448648649   0.8   0   0   1
4.88136820820824   0.8   0   0   1
4.89139155155158   0.8   0   0   1
4.90141489489493   0.8   0   0   1
4.91143823823827   0.8   0   0   1
4.92146158158161   0.8   0   0   1
4.93148492492496   0.8   0   0   1
4.9415082682683   0.8   0   0   1
4.95153161161164   0.8   0   0   1
4.96155495495499   0.8   0   0   1
4.97157829829833   0.8   0   0   1
4.98160164164167   0.8   0   0   1
4.99162498498502   0.8   0   0   1
5.00164832832836   0.8   0   0   1
5.0116716716717   0.8   0   0   1
5.02169501501505   0.8   0   0   1
5.03171835835839   0.8   0   0   1
5.04174170170173   0.8   0   0   1
5.05176504504508   0.8   0   0   1
5.06178838838842   0.8   0   0   1
5.07181173173177   0.8   0   0   1
5.08183507507511   0.8   0   0   1
5.09185841841845   0.8   0   0   1
5.1018817617618   0.8   0   0   1
5.11190510510514   0.8   0   0   1
5.12192844844848   0.8   0   0   1
5.13195179179183   0.8   0   0   1
5.14197513513517   0.8   0   0   1
5.15199847847851   0.8   0   0   1
5.16202182182186   0.8   0   0   1
5.1720451651652   0.8   0   0   1
5.18206850850854   0.8   0   0   1
5.19209185185189   0.8   0   0   1
5.20211519519523   0.8   0   0   1
5.21213853853857   0.8   0   0   1
5.22216188188192   0.8   0   0   1
5.23218522522526   0.8   0   0   1
5.2422085685686   0.8   0   0   1
5.25223191191195   0.8   0   0   1
5.26225525525529   0.8   0   0   1
5.27227859859863   0.8   0   0   1
5.28230194194198   0.8   0   0   1
5.29232528528532   0.8   0   0   1
5.30234862862866   0.8   0   0   1
5.31237197197201   0.8   0   0   1
5.32239531531535   0.8   0   0   1
5.33241865865869   0.8   0   0   1
5.34244200200204   0.8   0   0   1
5.35246534534538   0.8   0   0   1
5.36248868868872   0.8   0   0   1
5.37251203203207   0.8   0   0   1
5.38253537537541   0.8   0   0   1
5.39255871871875   0.8   0   0   1
5.4025820620621   0.8   0   0   1
5.41260540540544   0.8   0   0   1
5.42262874874879   0.8   0   0   1
5.43265209209213   0.8   0   0   1
5.44267543543547   0.8   0   0   1
5.45269877877882   0.8   0   0   1
5.46272212212216   0.8   0   0   1
5.4727454654655   0.8   0   0   1
5.48276880880885   0.8   0   0   1
5.49279215215219   0.8   0   0   1
5.50281549549553   0.8   0   0   1
5.51283883883888   0.8   0   0   1
5.52286218218222   0.8   0   0   1
5.53288552552556   0.8   0   0   1
5.54290886886891   0.8   0   0   1
5.55293221221225   0.8   0   0   1
5.56295555555559   0.8   0   0   1
5.57297889889894   0.8   0   0   1
5.58300224224228   0.8   0   0   1
5.59302558558562   0.8   0   0   1
5.60304892892897   0.8   0   0   1
5.61307227227231   0.8   0   0   1
5.62309561561565   0.8   0   0   1
5.633118958959   0.8   0   0   1
5.64314230230234   0.8   0   0   1
5.65316564564568   0.8   0   0   1
5.66318898898903   0.8   0   0   1
5.67321233233237   0.8   0   0   1
5.68323567567571   0.8   0   0   1
5.69325901901906   0.8   0   0   1
5.7032823623624   0.8   0   0   1
5.71330570570574   0.8   0   0   1
5.72332904904909   0.8   0   0   1
5.73335239239243   0.8   0   0   1
5.74337573573577   0.8   0   0   1
5.75339907907912   0.8   0   0   1
5.76342242242246   0.8   0   0   1
5.77344576576581   0.8   0   0   1
5.78346910910915   0.8   0   0   1
5.79349245245249   0.8   0   0   1
5.80351579579584   0.8   0   0   1
5.81353913913918   0.8   0   0   1
5.82356248248252   0.8   0   0   1
5.83358582582587   0.8   0   0   1
5.84360916916921   0.8   0   0   1
5.85363251251255   0.8   0   0   1
5.8636558558559   0.8   0   0   1
5.87367919919924   0.8   0   0   1
5.88370254254258   0.8   0   0   1
5.89372588588593   0.8   0   0   1
5.90374922922927   0.8   0   0   1
5.91377257257261   0.8   0   0   1
5.92379591591596   0.8   0   0   1
5.9338192592593   0.8   0   0   1
5.94384260260264   0.8   0   0   1
5.95386594594599   0.8   0   0   1
5.96388928928933   0.8   0   0   1
5.97391263263267   0.8   0   0   1
5.98393597597602   0.8   0   0   1
5.99395931931936   0.8   0   0   1
6.0039826626627   0.8   0   0   1
6.01400600600605   0.8   0   0   1
6.02402934934939   0.8   0   0   1
6.03405269269273   0.8   0   0   1
6.04407603603608   0.8   0   0   1
6.05409937937942   0.8   0   0   1
6.06412272272276   0.8   0   0   1
6.07414606606611   0.8   0   0   1
6.08416940940945   0.8   0   0   1
6.09419275275279   0.8   0   0   1
6.10421609609614   0.8   0   0   1
6.11423943943948   0.8   0   0   1
6.12426278278283   0.8   0   0   1
6.13428612612617   0.8   0   0   1
6.14430946946951   0.8   0   0   1
6.15433281281286   0.8   0   0   1
6.1643561561562   0.8   0   0   1
6.17437949949954   0.8   0   0   1
6.18440284284289   0.8   0   0   1
6.19442618618623   0.8   0   0   1
6.20444952952957   0.8   0   0   1
6.21447287287292   0.8   0   0   1
6.22449621621626   0.8   0   0   1
6.2345195595596   0.8   0   0   1
6.24454290290295   0.8   0   0   1
6.25456624624629   0.8   0   0   1
6.26458958958963   0.8   0   0   1
6.27461293293298   0.8   0   0   1
6.28463627627632   0.8   0   0   1
6.29465961961966   0.8   0   0   1
6.30468296296301   0.8   0   0   1
6.31470630630635   0.8   0   0   1
6.32472964964969   0.8   0   0   1
6.33475299299304   0.8   0   0   1
6.34477633633638   0.8   0   0   1
6.35479967967972   0.8   0   0   1
6.36482302302307   0.8   0   0   1
6.37484636636641   0.8   0   0   1
6.38486970970975   0.8   0   0   1
6.3948930530531   0.8   0   0   1
6.40491639639644   0.8   0   0   1
6.41493973973978   0.8   0   0   1
6.42496308308313   0.8   0   0   1
6.43498642642647   0.8   0   0   1
6.44500976976981   0.8   0   0   1
6.45503311311316   0.8   0   0   1
6.4650564564565   0.8   0   0   1
6.47507979979985   0.8   0   0   1
6.48510314314319   0.8   0   0   1
6.49512648648653   0.8   0   0   1
6.50514982982988   0.8   0   0   1
6.51517317317322   0.8   0   0   1
6.52519651651656   0.8   0   0   1
6.53521985985991   0.8   0   0   1
6.54524320320325   0.8   0   0   1
6.55526654654659   0.8   0   0   1
6.56528988988994   0.8   0   0   1
6.57531323323328   0.8   0   0   1
6.58533657657662   0.8   0   0   1
6.59535991991997   0.8   0   0   1
6.60538326326331   0.8   0   0   1
6.61540660660665   0.8   0   0   1
6.62542994995   0.8   0   0   1
6.63545329329334   0.8   0   0   1
6.64547663663668   0.8   0   0   1
6.65549997998003   0.8   0   0   1
6.66552332332337   0.8   0   0   1
6.67554666666671   0.8   0   0   1
6.68557001001006   0.8   0   0   1
6.6955933533534   0.8   0   0   1
6.70561669669674   0.8   0   0   1
6.71564004004009   0.8   0   0   1
6.72566338338343   0.8   0   0   1
6.73568672672677   0.8   0   0   1
6.74571007007012   0.8   0   0   1
6.75573341341346   0.8   0   0   1
6.7657567567568   0.8   0   0   1
6.77578010010015   0.8   0   0   1
6.78580344344349   0.8   0   0   1
6.79582678678683   0.8   0   0   1
6.80585013013018   0.8   0   0   1
6.81587347347352   0.8   0   0   1
6.82589681681686   0.8   0   0   1
6.83592016016021   0.8   0   0   1
6.84594350350355   0.8   0   0   1
6.8559668468469   0.8   0   0   1
6.86599019019024   0.8   0   0   1
6.87601353353358   0.8   0   0   1
6.88603687687693   0.8   0   0   1
6.89606022022027   0.8   0   0   1
6.90608356356361   0.8   0   0   1
6.91610690690696   0.8   0   0   1
6.9261302502503   0.8   0   0   1
6.93615359359364   0.8   0   0   1
6.94617693693699   0.8   0   0   1
6.95620028028033   0.8   0   0   1
6.96622362362367   0.8   0   0   1
6.97624696696702   0.8   0   0   1
6.98627031031036   0.8   0   0   1
6.9962936536537   0.8   0   0   1
7.00631699699705   0.8   0   0   1
7.01634034034039   0.8   0   0   1
7.02636368368373   0.8   0   0   1
7.03638702702708   0.8   0   0   1
7.04641037037042   0.8   0   0   1
7.05643371371376   0.8   0   0   1
7.06645705705711   0.8   0   0   1
7.07648040040045   0.8   0   0   1
7.08650374374379   0.8   0   0   1
7.09652708708714   0.8   0   0   1
7.10655043043048   0.8   0   0   1
7.11657377377382   0.8   0   0   1
7.12659711711717   0.8   0   0   1
7.13662046046051   0.8   0   0   1
7.14664380380385   0.8   0   0   1
7.1566671471472   0.8   0   0   1
7.16669049049054   0.8   0   0   1
7.17671383383388   0.8   0   0   1
7.18673717717723   0.8   0   0   1
7.19676052052057   0.8   0   0   1
7.20678386386392   0.8   0   0   1
7.21680720720726   0.8   0   0   1
7.2268305505506   0.8   0   0   1
7.23685389389395   0.8   0   0   1
7.24687723723729   0.8   0   0   1
7.25690058058063   0.8   0   0   1
7.26692392392398   0.8   0   0   1
7.27694726726732   0.8   0   0   1
7.28697061061066   0.8   0   0   1
7.29699395395401   0.8   0   0   1
7.30701729729735   0.8   0   0   1
7.31704064064069   0.8   0   0   1
7.32706398398404   0.8   0   0   1
7.33708732732738   0.8   0   0   1
7.34711067067072   0.8   0   0   1
7.35713401401407   0.8   0   0   1
7.36715735735741   0.8   0   0   1
7.37718070070075   0.8   0   0   1
7.3872040440441   0.8   0   0   1
7.39722738738744   0.8   0   0   1
7.40725073073078   0.8   0   0   1
7.41727407407413   0.8   0   0   1
7.42729741741747   0.8   0   0   1
7.43732076076081   0.8   0   0   1
7.44734410410416   0.8   0   0   1
7.4573674474475   0.8   0   0   1
7.46739079079084   0.8   0   0   1
7.47741413413419   0.8   0   0   1
7.48743747747753   0.8   0   0   1
7.49746082082087   0.8   0   0   1
7.50748416416422   0.8   0   0   1
7.51750750750756   0.8   0   0   1
7.5275308508509   0.8   0   0   1
7.53755419419425   0.8   0   0   1
7.54757753753759   0.8   0   0   1
7.55760088088094   0.8   0   0   1
7.56762422422428   0.8   0   0   1
7.57764756756762   0.8   0   0   1
7.58767091091097   0.8   0   0   1
7.59769425425431   0.8   0   0   1
7.60771759759765   0.8   0   0   1
7.617740940941   0.8   0   0   1
7.62776428428434   0.8   0   0   1
7.63778762762768   0.8   0   0   1
7.64781097097103   0.8   0   0   1
7.65783431431437   0.8   0   0   1
7.66785765765771   0.8   0   0   1
7.67788100100106   0.8   0   0   1
7.6879043443444   0.8   0   0   1
7.69792768768774   0.8   0   0   1
7.70795103103109   0.8   0   0   1
7.71797437437443   0.8   0   0   1
7.72799771771777   0.8   0   0   1
7.73802106106112   0.8   0   0   1
7.74804440440446   0.8   0   0   1
7.7580677477478   0.8   0   0   1
7.76809109109115   0.8   0   0   1
7.77811443443449   0.8   0   0   1
7.78813777777783   0.8   0   0   1
7.79816112112118   0.8   0   0   1
7.80818446446452   0.8   0   0   1
7.81820780780786   0.8   0   0   1
7.82823115115121   0.8   0   0   1
7.83825449449455   0.8   0   0   1
7.84827783783789   0.8   0   0   1
7.85830118118124   0.8   0   0   1
7.86832452452458   0.8   0   0   1
7.87834786786792   0.8   0   0   1
7.88837121121127   0.8   0   0   1
7.89839455455461   0.8   0   0   1
7.90841789789796   0.8   0   0   1
7.9184412412413   0.8   0   0   1
7.92846458458464   0.8   0   0   1
7.93848792792799   0.8   0   0   1
7.94851127127133   0.8   0   0   1
7.95853461461467   0.8   0   0   1
7.96855795795802   0.8   0   0   1
7.97858130130136   0.8   0   0   1
7.9886046446447   0.8   0   0   1
7.99862798798805   0.8   0   0   1
8.00865133133139   0.8   0   0   1
8.01867467467473   0.8   0   0   1
8.02869801801808   0.8   0   0   1
8.03872136136142   0.8   0   0   1
8.04874470470476   0.8   0   0   1
8.05876804804811   0.8   0   0   1
8.06879139139145   0.8   0   0   1
8.07881473473479   0.8   0   0   1
8.08883807807814   0.8   0   0   1
8.09886142142148   0.8   0   0   1
8.10888476476482   0.8   0   0   1
8.11890810810817   0.8   0   0   1
8.12893145145151   0.8   0   0   1
8.13895479479485   0.8   0   0   1
8.1489781381382   0.8   0   0   1
8.15900148148154   0.8   0   0   1
8.16902482482488   0.8   0   0   1
8.17904816816823   0.8   0   0   1
8.18907151151157   0.8   0   0   1
8.19909485485491   0.8   0   0   1
8.20911819819826   0.8   0   0   1
8.2191415415416   0.8   0   0   1
8.22916488488494   0.8   0   0   1
8.23918822822829   0.8   0   0   1
8.24921157157163   0.8   0   0   1
8.25923491491498   0.8   0   0   1
8.26925825825832   0.8   0   0   1
8.27928160160166   0.8   0   0   1
8.28930494494501   0.8   0   0   1
8.29932828828835   0.8   0   0   1
8.30935163163169   0.8   0   0   1
8.31937497497504   0.8   0   0   1
8.32939831831838   0.8   0   0   1
8.33942166166172   0.8   0   0   1
8.34944500500507   0.8   0   0   1
8.35946834834841   0.8   0   0   1
8.36949169169175   0.8   0   0   1
8.3795150350351   0.8   0   0   1
8.38953837837844   0.8   0   0   1
8.39956172172178   0.8   0   0   1
8.40958506506513   0.8   0   0   1
8.41960840840847   0.8   0   0   1
8.42963175175181   0.8   0   0   1
8.43965509509516   0.8   0   0   1
8.4496784384385   0.8   0   0   1
8.45970178178184   0.8   0   0   1
8.46972512512519   0.8   0   0   1
8.47974846846853   0.8   0   0   1
8.48977181181187   0.8   0   0   1
8.49979515515522   0.8   0   0   1
8.50981849849856   0.8   0   0   1
8.5198418418419   0.8   0   0   1
8.52986518518525   0.8   0   0   1
8.53988852852859   0.8   0   0   1
8.54991187187193   0.8   0   0   1
8.55993521521528   0.8   0   0   1
8.56995855855862   0.8   0   0   1
8.57998190190196   0.8   0   0   1
8.59000524524531   0.8   0   0   1
8.60002858858865   0.8   0   0   1
8.610051931932   0.8   0   0   1
8.62007527527534   0.8   0   0   1
8.63009861861868   0.8   0   0   1
8.64012196196203   0.8   0   0   1
8.65014530530537   0.8   0   0   1
8.66016864864871   0.8   0   0   1
8.67019199199206   0.8   0   0   1
8.6802153353354   0.8   0   0   1
8.69023867867874   0.8   0   0   1
8.70026202202209   0.8   0   0   1
8.71028536536543   0.8   0   0   1
8.72030870870877   0.8   0   0   1
8.73033205205212   0.8   0   0   1
8.74035539539546   0.8   0   0   1
8.7503787387388   0.8   0   0   1
8.76040208208215   0.8   0   0   1
8.77042542542549   0.8   0   0   1
8.78044876876883   0.8   0   0   1
8.79047211211218   0.8   0   0   1
8.80049545545552   0.8   0   0   1
8.81051879879886   0.8   0   0   1
8.82054214214221   0.8   0   0   1
8.83056548548555   0.8   0   0   1
8.84058882882889   0.8   0   0   1
8.85061217217224   0.8   0   0   1
8.86063551551558   0.8   0   0   1
8.87065885885892   0.8   0   0   1
8.88068220220227   0.8   0   0   1
8.89070554554561   0.8   0   0   1
8.90072888888895   0.8   0   0   1
8.9107522322323   0.8   0   0   1
8.92077557557564   0.8   0   0   1
8.93079891891898   0.8   0   0   1
8.94082226226233   0.8   0   0   1
8.95084560560567   0.8   0   0   1
8.96086894894901   0.8   0   0   1
8.97089229229236   0.8   0   0   1
8.9809156356357   0.8   0   0   1
8.99093897897905   0.8   0   0   1
9.00096232232239   0.8   0   0   1
9.01098566566573   0.8   0   0   1
9.02100900900908   0.8   0   0   1
9.03103235235242   0.8   0   0   1
9.04105569569576   0.8   0   0   1
9.05107903903911   0.8   0   0   1
9.06110238238245   0.8   0   0   1
9.07112572572579   0.8   0   0   1
9.08114906906914   0.8   0   0   1
9.09117241241248   0.8   0   0   1
9.10119575575582   0.8   0   0   1
9.11121909909917   0.8   0   0   1
9.12124244244251   0.8   0   0   1
9.13126578578585   0.8   0   0   1
9.1412891291292   0.8   0   0   1
9.15131247247254   0.8   0   0   1
9.16133581581588   0.8   0   0   1
9.17135915915923   0.8   0   0   1
9.18138250250257   0.8   0   0   1
9.19140584584591   0.8   0   0   1
9.20142918918926   0.8   0   0   1
9.2114525325326   0.8   0   0   1
9.22147587587594   0.8   0   0   1
9.23149921921929   0.8   0   0   1
9.24152256256263   0.8   0   0   1
9.25154590590597   0.8   0   0   1
9.26156924924932   0.8   0   0   1
9.27159259259266   0.8   0   0   1
9.281615935936   0.8   0   0   1
9.29163927927935   0.8   0   0   1
9.30166262262269   0.8   0   0   1
9.31168596596603   0.8   0   0   1
9.32170930930938   0.8   0   0   1
9.33173265265272   0.8   0   0   1
9.34175599599607   0.8   0   0   1
9.35177933933941   0.8   0   0   1
9.36180268268275   0.8   0   0   1
9.3718260260261   0.8   0   0   1
9.38184936936944   0.8   0   0   1
9.39187271271278   0.8   0   0   1
9.40189605605613   0.8   0   0   1
9.41191939939947   0.8   0   0   1
9.42194274274281   0.8   0   0   1
9.43196608608616   0.8   0   0   1
9.4419894294295   0.8   0   0   1
9.45201277277284   0.8   0   0   1
9.46203611611619   0.8   0   0   1
9.47205945945953   0.8   0   0   1
9.48208280280287   0.8   0   0   1
9.49210614614622   0.8   0   0   1
9.50212948948956   0.8   0   0   1
9.5121528328329   0.8   0   0   1
9.52217617617625   0.8   0   0   1
9.53219951951959   0.8   0   0   1
9.54222286286293   0.8   0   0   1
9.55224620620628   0.8   0   0   1
9.56226954954962   0.8   0   0   1
9.57229289289296   0.8   0   0   1
9.58231623623631   0.8   0   0   1
9.59233957957965   0.8   0   0   1
9.60236292292299   0.8   0   0   1
9.61238626626634   0.8   0   0   1
9.62240960960968   0.8   0   0   1
9.63243295295302   0.8   0   0   1
9.64245629629637   0.8   0   0   1
9.65247963963971   0.8   0   0   1
9.66250298298305   0.8   0   0   1
9.6725263263264   0.8   0   0   1
9.68254966966974   0.8   0   0   1
9.69257301301309   0.8   0   0   1
9.70259635635643   0.8   0   0   1
9.71261969969977   0.8   0   0   1
9.72264304304312   0.8   0   0   1
9.73266638638646   0.8   0   0   1
9.7426897297298   0.8   0   0   1
9.75271307307315   0.8   0   0   1
9.76273641641649   0.8   0   0   1
9.77275975975983   0.8   0   0   1
9.78278310310318   0.8   0   0   1
9.79280644644652   0.8   0   0   1
9.80282978978986   0.8   0   0   1
9.81285313313321   0.8   0   0   1
9.82287647647655   0.8   0   0   1
9.83289981981989   0.8   0   0   1
9.84292316316324   0.8   0   0   1
9.85294650650658   0.8   0   0   1
9.86296984984992   0.8   0   0   1
9.87299319319327   0.8   0   0   1
9.88301653653661   0.8   0   0   1
9.89303987987995   0.8   0   0   1
9.9030632232233   0.8   0   0   1
9.91308656656664   0.8   0   0   1
9.92310990990998   0.8   0   0   1
9.93313325325333   0.8   0   0   1
9.94315659659667   0.8   0   0   1
9.95317993994001   0.8   0   0   1
9.96320328328336   0.8   0   0   1
9.9732266266267   0.8   0   0   1
9.98324996997004   0.8   0   0   1
9.99327331331339   0.8   0   0   1
10.0032966566567   0.8   0   0   1
10.0133200000001   0.8   0   0   1
