variables = x,rho,u,v,p
0   3.8571   2.6293   0   10.3333
0.0100233433433433   3.8571   2.6293   0   10.3333
0.0200466866866867   3.8571   2.6293   0   10.3333
0.03007003003003   3.8571   2.6293   0   10.3333
0.0400933733733734   3.8571   2.6293   0   10.3333
0.0501167167167167   3.8571   2.6293   0   10.3333
0.0601400600600601   3.8571   2.6293   0   10.3333
0.0701634034034034   3.8571   2.6293   0   10.3333
0.0801867467467468   3.8571   2.6293   0   10.3333
0.0902100900900901   3.8571   2.6293   0   10.3333
0.100233433433433   3.8571   2.6293   0   10.3333
0.110256776776777   3.8571   2.6293   0   10.3333
0.12028012012012   3.8571   2.6293   0   10.3333
0.130303463463463   3.8571   2.6293   0   10.3333
0.140326806806807   3.8571   2.6293   0   10.3333
0.15035015015015   3.8571   2.6293   0   10.3333
0.160373493493494   3.8571   2.6293   0   10.3333
0.170396836836837   3.8571   2.6293   0   10.3333
0.18042018018018   3.8571   2.6293   0   10.3333
0.190443523523524   3.8571   2.6293   0   10.3333
0.200466866866867   3.8571   2.6293   0   10.3333
0.21049021021021   3.8571   2.6293   0   10.3333
0.220513553553554   3.8571   2.6293   0   10.3333
0.230536896896897   3.8571   2.6293   0   10.3333
0.24056024024024   3.8571   2.6293   0   10.3333
0.250583583583584   3.8571   2.6293   0   10.3333
0.260606926926927   3.8571   2.6293   0   10.3333
0.27063027027027   3.8571   2.6293   0   10.3333
0.280653613613614   3.8571   2.6293   0   10.3333
0.290676956956957   3.8571   2.6293   0   10.3333
0.3007003003003   3.8571   2.6293   0   10.3333
0.310723643643644   3.8571   2.6293   0   10.3333
0.320746986986987   3.8571   2.6293   0   10.3333
0.330770330330331   3.8571   2.6293   0   10.3333
0.340793673673674   3.8571   2.6293   0   10.3333
0.350817017017017   3.8571   2.6293   0   10.3333
0.360840360360361   3.8571   2.6293   0   10.3333
0.370863703703704   3.8571   2.6293   0   10.3333
0.380887047047047   3.8571   2.6293   0   10.3333
0.390910390390391   3.8571   2.6293   0   10.3333
0.400933733733734   3.8571   2.6293   0   10.3333
0.410957077077078   3.8571   2.6293   0   10.3333
0.420980420420421   3.8571   2.6293   0   10.3333
0.431003763763764   3.8571   2.6293   0   10.3333
0.441027107107108   3.8571   2.6293   0   10.3333
0.451050450450451   3.8571   2.6293   0   10.3333
0.461073793793794   3.8571   2.6293   0   10.3333
0.471097137137138   3.8571   2.6293   0   10.3333
0.481120480480481   3.8571   2.6293   0   10.3333
0.491143823823825   3.8571   2.6293   0   10.3333
0.501167167167168   3.8571   2.6293   0   10.3333
0.511190510510511   3.8571   2.6293   0   10.3333
0.521213853853855   3.8571   2.6293   0   10.3333
0.531237197197198   3.8571   2.6293   0   10.3333
0.541260540540541   3.8571   2.6293   0   10.3333
0.551283883883884   3.8571   2.6293   0   10.3333
0.561307227227228   3.8571   2.6293   0   10.3333
0.571330570570571   3.8571   2.6293   -7.87083605617441e-17   10.3333
0.581353913913914   3.85709999999999   2.62930000000001   -6.4854834261645e-16   10.3333
0.591377257257258   3.85709999999997   2.62930000000002   -2.06123398849202e-16   10.3332999999999
0.601400600600601   3.85709999999993   2.62930000000005   -3.05124129184413e-17   10.3332999999996
0.611423943943944   3.85709999999982   2.62930000000011   -1.90858549379883e-17   10.3332999999991
0.621447287287288   3.85709999999957   2.62930000000027   1.40247883109131e-16   10.333299999998
0.631470630630631   3.857099999999   2.62930000000062   1.51988063757253e-17   10.3332999999953
0.641493973973974   3.85709999999772   2.6293000000014   1.97555499436773e-17   10.3332999999894
0.651517317317318   3.85709999999488   2.62930000000312   -8.88344391666792e-17   10.3332999999764
0.661540660660661   3.8570999999887   2.62930000000687   4.54178479912962e-17   10.3332999999481
0.671564004004004   3.85709999997534   2.62930000001493   -9.62408655799221e-18   10.3332999998872
0.681587347347348   3.85709999994694   2.62930000003202   -1.50740855572458e-16   10.333299999758
0.691610690690691   3.8570999998873   2.62930000006777   1.7160588453652e-16   10.3332999994879
0.701634034034034   3.85709999976382   2.62930000014156   5.07369288086032e-16   10.3332999989306
0.711657377377378   3.85709999951159   2.62930000029177   8.08700143800669e-16   10.3332999977964
0.721680720720721   3.85709999900342   2.62930000059335   1.25316523779499e-15   10.3332999955198
0.731704064064064   3.85709999799362   2.62930000119056   1.09022526936872e-15   10.3332999910125
0.741727407407408   3.85709999601462   2.62930000235691   1.05625226141013e-15   10.3332999822119
0.751750750750751   3.85709999218975   2.6293000046033   5.72938663227533e-16   10.3332999652661
0.761774094094094   3.85709998489971   2.62930000886988   8.90935197356652e-17   10.3332999330885
0.771797437437437   3.85709997119842   2.62930001686062   -2.81931851210994e-16   10.3332998728385
0.781820780780781   3.85709994580673   2.62930003161725   -4.57629535990868e-16   10.3332997616005
0.791844124124124   3.85709989940887   2.62930005848675   -9.65836251391384e-17   10.3332995591021
0.801867467467467   3.85709981581769   2.62930010672409   -1.18184732929024e-16   10.3332991956546
0.811890810810811   3.85709966734083   2.62930019210064   -5.12116975217396e-16   10.3332985525323
0.821914154154154   3.85709940734109   2.62930034107306   -6.68661261039269e-16   10.3332974306242
0.831937497497497   3.85709895850953   2.62930059732413   -1.05587404382576e-15   10.3332955012616
0.841960840840841   3.85709819472474   2.62930103183352   -1.55324780363745e-15   10.3332922305353
0.851984184184184   3.85709691352466   2.62930175808626   -1.42030079036298e-15   10.333286765036
0.862007527527527   3.85709479514967   2.62930295458816   -1.16952141527976e-15   10.3332777627541
0.872030870870871   3.85709134283285   2.62930489752307   -9.8989730161729e-16   10.3332631478922
0.882054214214214   3.85708579756147   2.62930800712713   -9.64861511414873e-16   10.3332397628128
0.892077557557557   3.8570770190218   2.62931291210662   -8.48361813202795e-16   10.3332028847444
0.902100900900901   3.85706332305752   2.62932053708244   -8.00802126224003e-16   10.3331455699913
0.912124244244244   3.85704226500824   2.6293322184493   -6.61185646323629e-16   10.3330577854341
0.922147587587587   3.85701035814396   2.62934985398141   -4.36629064828889e-16   10.3329252876276
0.932170930930931   3.85696271755638   2.62937609075088   -6.81629288904429e-17   10.3327282156944
0.942194274274274   3.85689262284403   2.62941455418209   1.18938379251319e-17   10.3324393774851
0.952217617617617   3.85679099824001   2.62947011810623   2.69796930573102e-16   10.3320222309561
0.96224096096096   3.85664581684092   2.62954921135556   6.18163568879131e-16   10.331428595545
0.972264304304304   3.85644144637734   2.62966015076044   7.6131942752358e-16   10.3305961714506
0.982287647647647   3.85615796714941   2.62981348363933   9.40496341786915e-16   10.3294459962486
0.99231099099099   3.85577050739088   2.63002231555654   1.06898943503392e-15   10.3278800240707
1.00233433433433   3.85524865584463   2.63030259213107   1.33617202668851e-15   10.3257790660954
1.01235767767768   3.85455602358264   2.63067329814021   1.74155673032365e-15   10.3230013737479
1.02238102102102   3.85365003458383   2.63115653432823   1.90060140926211e-15   10.3193821681177
1.03240436436436   3.85248202482122   2.63177743337023   2.0355998163342e-15   10.3147344114867
1.04242770770771   3.85099772066978   2.63256388217277   2.08806044577125e-15   10.3088510728456
1.05245105105105   3.84913814845174   2.63354602832723   2.08342557472037e-15   10.3015090566579
1.06247439439439   3.84684099850441   2.6347555634968   2.23349866383425e-15   10.2924748467439
1.07249773773774   3.84404243156667   2.63622479442328   2.30820973614272e-15   10.28151177525
1.08252108108108   3.84067927631536   2.63798553103128   2.41475354696311e-15   10.2683886760315
1.09254442442442   3.83669152928242   2.64006783839474   2.49868682537491e-15   10.2528895413412
1.10256776776777   3.83202503703888   2.64249871282834   2.57110607993631e-15   10.2348236892681
1.11259111111111   3.8266342195659   2.64530075033762   2.76127369120278e-15   10.2140358819491
1.12261445445445   3.82048468571123   2.64849087726277   2.87373791839938e-15   10.1904158195806
1.1326377977978   3.81355559708193   2.65207920837404   3.07323746107122e-15   10.1639064728445
1.14266114114114   3.80584165410526   2.65606808807515   3.29286939089643e-15   10.1345107987008
1.15268448448449   3.79735460405915   2.6604513575875   3.16477427134968e-15   10.1022964975365
1.16270782782783   3.78812420139766   2.66521387716   3.10834342010563e-15   10.0673985961099
1.17273117117117   3.77819858128553   2.67033131950072   2.83537427631318e-15   10.0300197633859
1.18275451451452   3.76764403415718   2.67577024031071   2.64783944779791e-15   9.99042837111232
1.19277785785786   3.75654418982157   2.68148842486423   2.2349108964984e-15   9.94895438894641
1.2028012012012   3.74499863322901   2.68743550605797   2.10170520182826e-15   9.90598325250864
1.21282454454455   3.73312098124091   2.69355384847945   2.17588617201147e-15   9.86194786558803
1.22284788788789   3.7210364528348   2.69977969336748   2.40622142140391e-15   9.8173189038782
1.23287123123123   3.70887896749147   2.70604455890618   2.49712122034725e-15   9.77259358992769
1.24289457457458   3.69678781199065   2.71227688692754   2.65967794259027e-15   9.72828312197385
1.25291791791792   3.68490392831747   2.7184039187463   2.84779856609909e-15   9.68489897669122
1.26294126126126   3.67336589772755   2.72435376804669   3.16972361220484e-15   9.64293837751148
1.27296460460461   3.66230572920511   2.73005763713275   3.27834689578898e-15   9.60286932894088
1.28298794794795   3.65184460273105   2.73545209574118   3.20462496396838e-15   9.56511575608034
1.29301129129129   3.64208876367312   2.74048131232116   3.68962983999499e-15   9.53004343827682
1.30303463463464   3.63312580551379   2.74509910154286   4.45617719321202e-15   9.49794755582908
1.31305797797798   3.62502160293483   2.74927063553808   4.95575313812716e-15   9.46904274042654
1.32308132132132   3.61781815462694   2.75297366680433   5.57491593149182e-15   9.44345649484192
1.33310466466467   3.6115325565601   2.75619913281691   5.77654204870495e-15   9.42122669719703
1.34312800800801   3.60615724936522   2.75895105743372   6.10888804953601e-15   9.40230362338736
1.35315135135135   3.60166157378752   2.76124572830695   6.20792004778709e-15   9.38655653069256
1.3631746946947   3.59799454024241   2.76311020381347   5.83699643802507e-15   9.37378439833106
1.37319803803804   3.59508859279478   2.76458027508745   5.37501481506763e-15   9.36372998928117
1.38322138138138   3.59286404632181   2.7656980656437   5.17610883998796e-15   9.35609605848248
1.39324472472473   3.59123381612978   2.76650948265141   5.02442829741238e-15   9.3505623465153
1.40326806806807   3.59010805127419   2.76706173536866   4.85489034067979e-15   9.34680199497142
1.41329141141141   3.58939832506667   2.7674011091496   4.66115212189248e-15   9.34449619225755
1.42331475475476   3.58902111785596   2.76757113486901   4.34040411590126e-15   9.34334616519592
1.4333380980981   3.58890043095882   2.76761123389807   4.01984843291772e-15   9.34308201026025
1.44336144144144   3.58896947764472   2.76755585871899   3.65478662494318e-15   9.3434682417999
1.45338478478479   3.58917149083375   2.76743409779287   3.44986287155069e-15   9.34430626657613
1.46340812812813   3.58945975637638   2.76726967598343   3.19506357137402e-15   9.34543423743442
1.47343147147147   3.58979702040811   2.76708126065582   3.10060144344817e-15   9.34672487954007
1.48345481481482   3.59015442994509   2.76688297741663   2.62163630376677e-15   9.34808192559606
1.49347815815816   3.59051015237855   2.76668504523418   2.55099966545264e-15   9.34943576070414
1.50350150150151   3.59084778891527   2.76649445438308   2.59990806818319e-15   9.35073878838388
1.51352484484485   3.59115465708053   2.76631562835432   2.70243670474854e-15   9.35196091245473
1.52354818818819   3.59141997553745   2.76615102928152   2.89797679435339e-15   9.35308540687267
1.53357153153154   3.59163294711298   2.76600168322148   3.05077992662717e-15   9.35410533305306
1.54359487487488   3.59178070838873   2.76586761543043   3.42932099695949e-15   9.35502057118245
1.55361821821822   3.5918461008035   2.76574819606297   3.40787822482009e-15   9.35583546241691
1.56364156156157   3.59180522222341   2.76564240356645   3.55686737632261e-15   9.3565570123796
1.57366490490491   3.59162474155048   2.76554901691184   3.55158119251563e-15   9.35719358003238
1.58368824824825   3.59125900286807   2.76546674933566   3.30532206474406e-15   9.35775396551477
1.5937115915916   3.59064700849908   2.76539433614644   3.12880728405146e-15   9.35824681134247
1.60373493493494   3.58970944808175   2.76533058798716   2.92851313294105e-15   9.35868023926688
1.61375827827828   3.58834602596715   2.76527441924224   2.65571165093583e-15   9.35906165670725
1.62378162162163   3.58643342109879   2.76522485940315   2.07515552121257e-15   9.35939767946153
1.63380496496497   3.58382427828421   2.76518105340403   1.7612425729016e-15   9.35969412970402
1.64382830830831   3.58034766197599   2.76514225534997   1.34662808240593e-15   9.35995607912361
1.65385165165166   3.57581138832508   2.76510781874709   8.33761412414587e-16   9.3601879160174
1.663874994995   3.57000657645883   2.76507718531426   4.43561644093945e-16   9.36039342217112
1.67389833833834   3.56271461983988   2.7650498736872   -4.28243040736749e-17   9.36057585059496
1.68392168168169   3.55371657602807   2.76502546877638   -4.81488402828302e-16   9.3607379989157
1.69394502502503   3.54280472137336   2.76500361216557   -7.19825363739692e-16   9.36088227576427
1.70396836836837   3.52979573975165   2.76498399369585   -7.51496277552801e-16   9.36101075913464
1.71399171171172   3.51454474375196   2.76496634423182   -8.01635906331085e-16   9.36112524668129
1.72401505505506   3.49695910009428   2.76495042952558   -7.49456595364527e-16   9.36122729847083
1.7340383983984   3.47701088566712   2.76493604505448   -4.6318872679542e-16   9.36131827296512
1.74406174174175   3.45474676738994   2.76492301169676   -4.50077596287067e-16   9.36139935709775
1.75408508508509   3.43029419712886   2.7649111721126   -2.54922104403404e-16   9.36147159129102
1.76410842842843   3.40386304474658   2.76490038770972   -4.3088012574081e-16   9.36153589019437
1.77413177177178   3.37574214219447   2.764890536088   -1.1276012239227e-16   9.36159305983776
1.78415511511512   3.34629064584065   2.76488150887364   8.97933144069957e-17   9.36164381180222
1.79417845845846   3.31592459561059   2.7648732098683   2.3375006105342e-16   9.36168877492077
1.80420180180181   3.28509950309171   2.764865553452   5.10516240015833e-17   9.36172850493974
1.81422514514515   3.25429018188483   2.76485846318857   -8.20553950653744e-17   9.36176349248999
1.82424848848849   3.22396929580228   2.76485187058955   1.29007630114875e-16   9.36179416963352
1.83427183183184   3.19458621271115   2.76484571399406   2.71457874056932e-16   9.36182091515256
1.84429517517518   3.16654770211853   2.76483993751653   2.53817853453604e-16   9.36184405861326
1.85431851851853   3.14020181209623   2.76483448999601   5.22720927318887e-16   9.36186388302535
1.86434186186187   3.11582593395931   2.76482932383952   4.32825454858901e-17   9.36188062555771
1.87436520520521   3.09361965367737   2.76482439356891   -3.23636801838651e-16   9.36189447511343
1.88438854854856   3.07370254744889   2.76481965371727   -5.93451913679383e-16   9.36190556434148
1.8944118918919   3.05611665570404   2.76481505540531   -1.12714484439528e-15   9.36191395133859
1.90443523523524   3.04083300899864   2.76481054031999   -1.87023900805333e-15   9.36191958186251
1.91445857857859   3.02776131290156   2.76480602965158   -2.30185571286286e-15   9.36192221440609
1.92448192192193   3.01676174398811   2.7648014033098   -2.6905660793974e-15   9.36192127427585
1.93450526526527   3.00765776625818   2.76479646046277   -2.70660606609596e-15   9.3619155718312
1.94452860860862   3.0002489324095   2.764790844264   -2.73278936776696e-15   9.36190276081468
1.95455195195196   2.99432276013439   2.76478389800762   -2.92161576129705e-15   9.36187829957655
1.9645752952953   2.98966493167692   2.76477439011669   -3.13226576809827e-15   9.36183346202464
1.97459863863865   2.98606720600953   2.76475998842469   -3.52855499373958e-15   9.36175153299929
1.98462198198199   2.98333249239817   2.76473625555784   -3.77722620471648e-15   9.36160053663627
1.99464532532533   2.98127641839252   2.76469472996097   -4.09796641714209e-15   9.36131934735778
2.00466866866868   2.97972428338304   2.76461926179671   -4.59400765113177e-15   9.36079117675649
2.01469201201202   2.97850125468517   2.7644790190945   -4.71696728067842e-15   9.35979299153433
2.02471535535536   2.97741154595057   2.76421514223755   -4.8573356333277e-15   9.35789908188733
2.03473869869871   2.97619819946331   2.76371528551388   -5.06933991385017e-15   9.3542974185409
2.04476204204205   2.97446726534884   2.76276506687063   -5.50761540975556e-15   9.34744056983363
2.05478538538539   2.97154552029432   2.76095552189847   -5.57955341757806e-15   9.33438437723662
2.06480872872874   2.96621400958161   2.75750682546212   -5.36096045521838e-15   9.3095431038992
2.07483207207208   2.95621234776059   2.75093298930698   -5.83143585543977e-15   9.2623750138916
2.08485541541542   2.93733217920531   2.73840581423867   -6.24114934028316e-15   9.17318329131135
2.09487875875877   2.90182052520986   2.71455509574803   -6.58326218560467e-15   9.00586942333624
2.10490210210211   2.83579161573652   2.66923305920772   -6.67255924736778e-15   8.69674193768421
2.11492544544545   2.71582514372416   2.58347047130702   -6.407206135951e-15   8.14179973718997
2.1249487887888   2.50726421114628   2.42274384293731   -5.99838944258927e-15   7.1980620522844
2.13497213213214   2.17363820437623   2.12877788459033   -5.05363617415592e-15   5.7470317764744
2.14499547547548   1.71648165814675   1.62581784385265   -3.52270542363764e-15   3.89256158638853
2.15501881881883   1.24244072909598   0.912940626083637   -1.63821187271488e-15   2.18977639706976
2.16504216216217   0.932228270811091   0.287442400934728   -2.79781993922409e-16   1.28298500857805
2.17506550550551   0.823742506427134   0.0493988071128534   -2.29966871428365e-18   1.04328159330069
2.18508884884886   0.80324089764999   0.00666310111073215   -1.38663476649848e-21   1.00569934287957
2.1951121921922   0.800418429837065   0.000859913915082958   -6.78316404261722e-26   1.00073269582985
2.20513553553555   0.800053667731385   0.000110291333815842   -2.55847280219786e-31   1.00009392578869
2.21515887887889   0.80000687775909   1.41343226236365e-05   -9.45432422135827e-38   1.00001203619754
2.22518222222223   0.800000881318119   1.81117691173323e-06   -2.81267373380773e-45   1.00000154230866
2.23520556556558   0.800000112930097   2.32080174318667e-07   -6.7060006352617e-54   1.0000001976277
2.24522890890892   0.800000014470477   2.97379718855264e-08   -1.31882658438469e-63   1.00000002532333
2.25525225225226   0.800000001854183   3.8104932752776e-09   -2.2640943751136e-74   1.00000000324482
2.26527559559561   0.800000000237584   4.88255485455132e-10   -3.52412224854354e-86   1.00000000041577
2.27529893893895   0.800000000030443   6.25612282378521e-11   -5.5274662557815e-99   1.00000000005327
2.28532228228229   0.8000000000039   8.0157416553967e-12   -7.64268266001025e-113   1.00000000000682
2.29534562562564   0.8000000000005   1.0268505479819e-12   -9.35779215990714e-128   1.00000000000087
2.30536896896898   0.800000000000064   1.31253828265221e-13   -1.01441215854449e-143   1.00000000000011
2.31539231231232   0.800000000000008   1.65312442830452e-14   -9.80672709091285e-161   1.00000000000001
2.32541565565567   0.800000000000001   1.92113378184652e-15   -8.50187452885834e-179   1
2.33543899899901   0.8   1.73929713210634e-16   -4.6627483388098e-198   1
2.34546234234235   0.8   0   -1.35765357672734e-218   1
2.3554856856857   0.8   0   0   1
2.36550902902904   0.8   0   0   1
2.37553237237238   0.8   0   0   1
2.38555571571573   0.8   0   0   1
2.39557905905907   0.8   0   0   1
2.40560240240241   0.8   0   0   1
2.41562574574576   0.8   0   0   1
2.4256490890891   0.8   0   0   1
2.43567243243244   0.8   0   0   1
2.44569577577579   0.8   0   0   1
2.45571911911913   0.8   0   0   1
2.46574246246247   0.8   0   0   1
2.47576580580582   0.8   0   0   1
2.48578914914916   0.8   0   0   1
2.4958124924925   0.8   0   0   1
2.50583583583585   0.8   0   0   1
2.51585917917919   0.8   0   0   1
2.52588252252253   0.8   0   0   1
2.53590586586588   0.8   0   0   1
2.54592920920922   0.8   0   0   1
2.55595255255257   0.8   0   0   1
2.56597589589591   0.8   0   0   1
2.57599923923925   0.8   0   0   1
2.5860225825826   0.8   0   0   1
2.59604592592594   0.8   0   0   1
2.60606926926928   0.8   0   0   1
2.61609261261263   0.8   0   0   1
2.62611595595597   0.8   0   0   1
2.63613929929931   0.8   0   0   1
2.64616264264266   0.8   0   0   1
2.656185985986   0.8   0   0   1
2.66620932932934   0.8   0   0   1
2.67623267267269   0.8   0   0   1
2.68625601601603   0.8   0   0   1
2.69627935935937   0.8   0   0   1
2.70630270270272   0.8   0   0   1
2.71632604604606   0.8   0   0   1
2.7263493893894   0.8   0   0   1
2.73637273273275   0.8   0   0   1
2.74639607607609   0.8   0   0   1
2.75641941941943   0.8   0   0   1
2.76644276276278   0.8   0   0   1
2.77646610610612   0.8   0   0   1
2.78648944944946   0.8   0   0   1
2.79651279279281   0.8   0   0   1
2.80653613613615   0.8   0   0   1
2.81655947947949   0.8   0   0   1
2.82658282282284   0.8   0   0   1
2.83660616616618   0.8   0   0   1
2.84662950950952   0.8   0   0   1
2.85665285285287   0.8   0   0   1
2.86667619619621   0.8   0   0   1
2.87669953953955   0.8   0   0   1
2.8867228828829   0.8   0   0   1
2.89674622622624   0.8   0   0   1
2.90676956956958   0.8   0   0   1
2.91679291291293   0.8   0   0   1
2.92681625625627   0.8   0   0   1
2.93683959959962   0.8   0   0   1
2.94686294294296   0.8   0   0   1
2.9568862862863   0.8   0   0   1
2.96690962962965   0.8   0   0   1
2.97693297297299   0.8   0   0   1
2.98695631631633   0.8   0   0   1
2.99697965965968   0.8   0   0   1
3.00700300300302   0.8   0   0   1
3.01702634634636   0.8   0   0   1
3.02704968968971   0.8   0   0   1
3.03707303303305   0.8   0   0   1
3.04709637637639   0.8   0   0   1
3.05711971971974   0.8   0   0   1
3.06714306306308   0.8   0   0   1
3.07716640640642   0.8   0   0   1
3.08718974974977   0.8   0   0   1
3.09721309309311   0.8   0   0   1
3.10723643643645   0.8   0   0   1
3.1172597797798   0.8   0   0   1
3.12728312312314   0.8   0   0   1
3.13730646646648   0.8   0   0   1
3.14732980980983   0.8   0   0   1
3.15735315315317   0.8   0   0   1
3.16737649649651   0.8   0   0   1
3.17739983983986   0.8   0   0   1
3.1874231831832   0.8   0   0   1
3.19744652652654   0.8   0   0   1
3.20746986986989   0.8   0   0   1
3.21749321321323   0.8   0   0   1
3.22751655655657   0.8   0   0   1
3.23753989989992   0.8   0   0   1
3.24756324324326   0.8   0   0   1
3.2575865865866   0.8   0   0   1
3.26760992992995   0.8   0   0   1
3.27763327327329   0.8   0   0   1
3.28765661661664   0.8   0   0   1
3.29767995995998   0.8   0   0   1
3.30770330330332   0.8   0   0   1
3.31772664664667   0.8   0   0   1
3.32774998999001   0.8   0   0   1
3.33777333333335   0.8   0   0   1
3.3477966766767   0.8   0   0   1
3.35782002002004   0.8   0   0   1
3.36784336336338   0.8   0   0   1
3.37786670670673   0.8   0   0   1
3.38789005005007   0.8   0   0   1
3.39791339339341   0.8   0   0   1
3.40793673673676   0.8   0   0   1
3.4179600800801   0.8   0   0   1
3.42798342342344   0.8   0   0   1
3.43800676676679   0.8   0   0   1
3.44803011011013   0.8   0   0   1
3.45805345345347   0.8   0   0   1
3.46807679679682   0.8   0   0   1
3.47810014014016   0.8   0   0   1
3.4881234834835   0.8   0   0   1
3.49814682682685   0.8   0   0   1
3.50817017017019   0.8   0   0   1
3.51819351351353   0.8   0   0   1
3.52821685685688   0.8   0   0   1
3.53824020020022   0.8   0   0   1
3.54826354354356   0.8   0   0   1
3.55828688688691   0.8   0   0   1
3.56831023023025   0.8   0   0   1
3.57833357357359   0.8   0   0   1
3.58835691691694   0.8   0   0   1
3.59838026026028   0.8   0   0   1
3.60840360360362   0.8   0   0   1
3.61842694694697   0.8   0   0   1
3.62845029029031   0.8   0   0   1
3.63847363363366   0.8   0   0   1
3.648496976977   0.8   0   0   1
3.65852032032034   0.8   0   0   1
3.66854366366369   0.8   0   0   1
3.67856700700703   0.8   0   0   1
3.68859035035037   0.8   0   0   1
3.69861369369372   0.8   0   0   1
3.70863703703706   0.8   0   0   1
3.7186603803804   0.8   0   0   1
3.72868372372375   0.8   0   0   1
3.73870706706709   0.8   0   0   1
3.74873041041043   0.8   0   0   1
3.75875375375378   0.8   0   0   1
3.76877709709712   0.8   0   0   1
3.77880044044046   0.8   0   0   1
3.78882378378381   0.8   0   0   1
3.79884712712715   0.8   0   0   1
3.80887047047049   0.8   0   0   1
3.81889381381384   0.8   0   0   1
3.82891715715718   0.8   0   0   1
3.83894050050052   0.8   0   0   1
3.84896384384387   0.8   0   0   1
3.85898718718721   0.8   0   0   1
3.86901053053055   0.8   0   0   1
3.8790338738739   0.8   0   0   1
3.88905721721724   0.8   0   0   1
3.89908056056058   0.8   0   0   1
3.90910390390393   0.8   0   0   1
3.91912724724727   0.8   0   0   1
3.92915059059061   0.8   0   0   1
3.93917393393396   0.8   0   0   1
3.9491972772773   0.8   0   0   1
3.95922062062064   0.8   0   0   1
3.96924396396399   0.8   0   0   1
3.97926730730733   0.8   0   0   1
3.98929065065068   0.8   0   0   1
3.99931399399402   0.8   0   0   1
4.00933733733736   0.8   0   0   1
4.01936068068071   0.8   0   0   1
4.02938402402405   0.8   0   0   1
4.03940736736739   0.8   0   0   1
4.04943071071074   0.8   0   0   1
4.05945405405408   0.8   0   0   1
4.06947739739742   0.8   0   0   1
4.07950074074077   0.8   0   0   1
4.08952408408411   0.8   0   0   1
4.09954742742745   0.8   0   0   1
4.1095707707708   0.8   0   0   1
4.11959411411414   0.8   0   0   1
4.12961745745748   0.8   0   0   1
4.13964080080083   0.8   0   0   1
4.14966414414417   0.8   0   0   1
4.15968748748751   0.8   0   0   1
4.16971083083086   0.8   0   0   1
4.1797341741742   0.8   0   0   1
4.18975751751754   0.8   0   0   1
4.19978086086089   0.8   0   0   1
4.20980420420423   0.8   0   0   1
4.21982754754757   0.8   0   0   1
4.22985089089092   0.8   0   0   1
4.23987423423426   0.8   0   0   1
4.2498975775776   0.8   0   0   1
4.25992092092095   0.8   0   0   1
4.26994426426429   0.8   0   0   1
4.27996760760763   0.8   0   0   1
4.28999095095098   0.8   0   0   1
4.30001429429432   0.8   0   0   1
4.31003763763766   0.8   0   0   1
4.32006098098101   0.8   0   0   1
4.33008432432435   0.8   0   0   1
4.3401076676677   0.8   0   0   1
4.35013101101104   0.8   0   0   1
4.36015435435438   0.8   0   0   1
4.37017769769773   0.8   0   0   1
4.38020104104107   0.8   0   0   1
4.39022438438441   0.8   0   0   1
4.40024772772776   0.8   0   0   1
4.4102710710711   0.8   0   0   1
4.42029441441444   0.8   0   0   1
4.43031775775779   0.8   0   0   1
4.44034110110113   0.8   0   0   1
4.45036444444447   0.8   0   0   1
4.46038778778782   0.8   0   0   1
4.47041113113116   0.8   0   0   1
4.4804344744745   0.8   0   0   1
4.49045781781785   0.8   0   0   1
4.50048116116119   0.8   0   0   1
4.51050450450453   0.8   0   0   1
4.52052784784788   0.8   0   0   1
4.53055119119122   0.8   0   0   1
4.54057453453456   0.8   0   0   1
4.55059787787791   0.8   0   0   1
4.56062122122125   0.8   0   0   1
4.57064456456459   0.8   0   0   1
4.58066790790794   0.8   0   0   1
4.59069125125128   0.8   0   0   1
4.60071459459462   0.8   0   0   1
4.61073793793797   0.8   0   0   1
4.62076128128131   0.8   0   0   1
4.63078462462465   0.8   0   0   1
4.640807967968   0.8   0   0   1
4.65083131131134   0.8   0   0   1
4.66085465465468   0.8   0   0   1
4.67087799799803   0.8   0   0   1
4.68090134134137   0.8   0   0   1
4.69092468468472   0.8   0   0   1
4.70094802802806   0.8   0   0   1
4.7109713713714   0.8   0   0   1
4.72099471471475   0.8   0   0   1
4.73101805805809   0.8   0   0   1
4.74104140140143   0.8   0   0   1
4.75106474474478   0.8   0   0   1
4.76108808808812   0.8   0   0   1
4.77111143143146   0.8   0   0   1
4.78113477477481   0.8   0   0   1
4.79115811811815   0.8   0   0   1
4.80118146146149   0.8   0   0   1
4.81120480480484   0.8   0   0   1
4.82122814814818   0.8   0   0   1
4.83125149149152   0.8   0   0   1
4.84127483483487   0.8   0   0   1
4.85129817817821   0.8   0   0   1
4.86132152152155   0.8   0   0   1
4.8713448648649   0.8   0   0   1
4.88136820820824   0.8   0   0   1
4.89139155155158   0.8   0   0   1
4.90141489489493   0.8   0   0   1
4.91143823823827   0.8   0   0   1
4.92146158158161   0.8   0   0   1
4.93148492492496   0.8   0   0   1
4.9415082682683   0.8   0   0   1
4.95153161161164   0.8   0   0   1
4.96155495495499   0.8   0   0   1
4.97157829829833   0.8   0   0   1
4.98160164164167   0.8   0   0   1
4.99162498498502   0.8   0   0   1
5.00164832832836   0.8   0   0   1
5.0116716716717   0.8   0   0   1
5.02169501501505   0.8   0   0   1
5.03171835835839   0.8   0   0   1
5.04174170170173   0.8   0   0   1
5.05176504504508   0.8   0   0   1
5.06178838838842   0.8   0   0   1
5.07181173173177   0.8   0   0   1
5.08183507507511   0.8   0   0   1
5.09185841841845   0.8   0   0   1
5.1018817617618   0.8   0   0   1
5.11190510510514   0.8   0   0   1
5.12192844844848   0.8   0   0   1
5.13195179179183   0.8   0   0   1
5.14197513513517   0.8   0   0   1
5.15199847847851   0.8   0   0   1
5.16202182182186   0.8   0   0   1
5.1720451651652   0.8   0   0   1
5.18206850850854   0.8   0   0   1
5.19209185185189   0.8   0   0   1
5.20211519519523   0.8   0   0   1
5.21213853853857   0.8   0   0   1
5.22216188188192   0.8   0   0   1
5.23218522522526   0.8   0   0   1
5.2422085685686   0.8   0   0   1
5.25223191191195   0.8   0   0   1
5.26225525525529   0.8   0   0   1
5.27227859859863   0.8   0   0   1
5.28230194194198   0.8   0   0   1
5.29232528528532   0.8   0   0   1
5.30234862862866   0.8   0   0   1
5.31237197197201   0.8   0   0   1
5.32239531531535   0.8   0   0   1
5.33241865865869   0.8   0   0   1
5.34244200200204   0.8   0   0   1
5.35246534534538   0.8   0   0   1
5.36248868868872   0.8   0   0   1
5.37251203203207   0.8   0   0   1
5.38253537537541   0.8   0   0   1
5.39255871871875   0.8   0   0   1
5.4025820620621   0.8   0   0   1
5.41260540540544   0.8   0   0   1
5.42262874874879   0.8   0   0   1
5.43265209209213   0.8   0   0   1
5.44267543543547   0.8   0   0   1
5.45269877877882   0.8   0   0   1
5.46272212212216   0.8   0   0   1
5.4727454654655   0.8   0   0   1
5.48276880880885   0.8   0   0   1
5.49279215215219   0.8   0   0   1
5.50281549549553   0.8   0   0   1
5.51283883883888   0.8   0   0   1
5.52286218218222   0.8   0   0   1
5.53288552552556   0.8   0   0   1
5.54290886886891   0.8   0   0   1
5.55293221221225   0.8   0   0   1
5.56295555555559   0.8   0   0   1
5.57297889889894   0.8   0   0   1
5.58300224224228   0.8   0   0   1
5.59302558558562   0.8   0   0   1
5.60304892892897   0.8   0   0   1
5.61307227227231   0.8   0   0   1
5.62309561561565   0.8   0   0   1
5.633118958959   0.8   0   0   1
5.64314230230234   0.8   0   0   1
5.65316564564568   0.8   0   0   1
5.66318898898903   0.8   0   0   1
5.67321233233237   0.8   0   0   1
5.68323567567571   0.8   0   0   1
5.69325901901906   0.8   0   0   1
5.7032823623624   0.8   0   0   1
5.71330570570574   0.8   0   0   1
5.72332904904909   0.8   0   0   1
5.73335239239243   0.8   0   0   1
5.74337573573577   0.8   0   0   1
5.75339907907912   0.8   0   0   1
5.76342242242246   0.8   0   0   1
5.77344576576581   0.8   0   0   1
5.78346910910915   0.8   0   0   1
5.79349245245249   0.8   0   0   1
5.80351579579584   0.8   0   0   1
5.81353913913918   0.8   0   0   1
5.82356248248252   0.8   0   0   1
5.83358582582587   0.8   0   0   1
5.84360916916921   0.8   0   0   1
5.85363251251255   0.8   0   0   1
5.8636558558559   0.8   0   0   1
5.87367919919924   0.8   0   0   1
5.88370254254258   0.8   0   0   1
5.89372588588593   0.8   0   0   1
5.90374922922927   0.8   0   0   1
5.91377257257261   0.8   0   0   1
5.92379591591596   0.8   0   0   1
5.9338192592593   0.8   0   0   1
5.94384260260264   0.8   0   0   1
5.95386594594599   0.8   0   0   1
5.96388928928933   0.8   0   0   1
5.97391263263267   0.8   0   0   1
5.98393597597602   0.8   0   0   1
5.99395931931936   0.8   0   0   1
6.0039826626627   0.8   0   0   1
6.01400600600605   0.8   0   0   1
6.02402934934939   0.8   0   0   1
6.03405269269273   0.8   0   0   1
6.04407603603608   0.8   0   0   1
6.05409937937942   0.8   0   0   1
6.06412272272276   0.8   0   0   1
6.07414606606611   0.8   0   0   1
6.08416940940945   0.8   0   0   1
6.09419275275279   0.8   0   0   1
6.10421609609614   0.8   0   0   1
6.11423943943948   0.8   0   0   1
6.12426278278283   0.8   0   0   1
6.13428612612617   0.8   0   0   1
6.14430946946951   0.8   0   0   1
6.15433281281286   0.8   0   0   1
6.1643561561562   0.8   0   0   1
6.17437949949954   0.8   0   0   1
6.18440284284289   0.8   0   0   1
6.19442618618623   0.8   0   0   1
6.20444952952957   0.8   0   0   1
6.21447287287292   0.8   0   0   1
6.22449621621626   0.8   0   0   1
6.2345195595596   0.8   0   0   1
6.24454290290295   0.8   0   0   1
6.25456624624629   0.8   0   0   1
6.26458958958963   0.8   0   0   1
6.27461293293298   0.8   0   0   1
6.28463627627632   0.8   0   0   1
6.29465961961966   0.8   0   0   1
6.30468296296301   0.8   0   0   1
6.31470630630635   0.8   0   0   1
6.32472964964969   0.8   0   0   1
6.33475299299304   0.8   0   0   1
6.34477633633638   0.8   0   0   1
6.35479967967972   0.8   0   0   1
6.36482302302307   0.8   0   0   1
6.37484636636641   0.8   0   0   1
6.38486970970975   0.8   0   0   1
6.3948930530531   0.8   0   0   1
6.40491639639644   0.8   0   0   1
6.41493973973978   0.8   0   0   1
6.42496308308313   0.8   0   0   1
6.43498642642647   0.8   0   0   1
6.44500976976981   0.8   0   0   1
6.45503311311316   0.8   0   0   1
6.4650564564565   0.8   0   0   1
6.47507979979985   0.8   0   0   1
6.48510314314319   0.8   0   0   1
6.49512648648653   0.8   0   0   1
6.50514982982988   0.8   0   0   1
6.51517317317322   0.8   0   0   1
6.52519651651656   0.8   0   0   1
6.53521985985991   0.8   0   0   1
6.54524320320325   0.8   0   0   1
6.55526654654659   0.8   0   0   1
6.56528988988994   0.8   0   0   1
6.57531323323328   0.8   0   0   1
6.58533657657662   0.8   0   0   1
6.59535991991997   0.8   0   0   1
6.60538326326331   0.8   0   0   1
6.61540660660665   0.8   0   0   1
6.62542994995   0.8   0   0   1
6.63545329329334   0.8   0   0   1
6.64547663663668   0.8   0   0   1
6.65549997998003   0.8   0   0   1
6.66552332332337   0.8   0   0   1
6.67554666666671   0.8   0   0   1
6.68557001001006   0.8   0   0   1
6.6955933533534   0.8   0   0   1
6.70561669669674   0.8   0   0   1
6.71564004004009   0.8   0   0   1
6.72566338338343   0.8   0   0   1
6.73568672672677   0.8   0   0   1
6.74571007007012   0.8   0   0   1
6.75573341341346   0.8   0   0   1
6.7657567567568   0.8   0   0   1
6.77578010010015   0.8   0   0   1
6.78580344344349   0.8   0   0   1
6.79582678678683   0.8   0   0   1
6.80585013013018   0.8   0   0   1
6.81587347347352   0.8   0   0   1
6.82589681681686   0.8   0   0   1
6.83592016016021   0.8   0   0   1
6.84594350350355   0.8   0   0   1
6.8559668468469   0.8   0   0   1
6.86599019019024   0.8   0   0   1
6.87601353353358   0.8   0   0   1
6.88603687687693   0.8   0   0   1
6.89606022022027   0.8   0   0   1
6.90608356356361   0.8   0   0   1
6.91610690690696   0.8   0   0   1
6.9261302502503   0.8   0   0   1
6.93615359359364   0.8   0   0   1
6.94617693693699   0.8   0   0   1
6.95620028028033   0.8   0   0   1
6.96622362362367   0.8   0   0   1
6.97624696696702   0.8   0   0   1
6.98627031031036   0.8   0   0   1
6.9962936536537   0.8   0   0   1
7.00631699699705   0.8   0   0   1
7.01634034034039   0.8   0   0   1
7.02636368368373   0.8   0   0   1
7.03638702702708   0.8   0   0   1
7.04641037037042   0.8   0   0   1
7.05643371371376   0.8   0   0   1
7.06645705705711   0.8   0   0   1
7.07648040040045   0.8   0   0   1
7.08650374374379   0.8   0   0   1
7.09652708708714   0.8   0   0   1
7.10655043043048   0.8   0   0   1
7.11657377377382   0.8   0   0   1
7.12659711711717   0.8   0   0   1
7.13662046046051   0.8   0   0   1
7.14664380380385   0.8   0   0   1
7.1566671471472   0.8   0   0   1
7.16669049049054   0.8   0   0   1
7.17671383383388   0.8   0   0   1
7.18673717717723   0.8   0   0   1
7.19676052052057   0.8   0   0   1
7.20678386386392   0.8   0   0   1
7.21680720720726   0.8   0   0   1
7.2268305505506   0.8   0   0   1
7.23685389389395   0.8   0   0   1
7.24687723723729   0.8   0   0   1
7.25690058058063   0.8   0   0   1
7.26692392392398   0.8   0   0   1
7.27694726726732   0.8   0   0   1
7.28697061061066   0.8   0   0   1
7.29699395395401   0.8   0   0   1
7.30701729729735   0.8   0   0   1
7.31704064064069   0.8   0   0   1
7.32706398398404   0.8   0   0   1
7.33708732732738   0.8   0   0   1
7.34711067067072   0.8   0   0   1
7.35713401401407   0.8   0   0   1
7.36715735735741   0.8   0   0   1
7.37718070070075   0.8   0   0   1
7.3872040440441   0.8   0   0   1
7.39722738738744   0.8   0   0   1
7.40725073073078   0.8   0   0   1
7.41727407407413   0.8   0   0   1
7.42729741741747   0.8   0   0   1
7.43732076076081   0.8   0   0   1
7.44734410410416   0.8   0   0   1
7.4573674474475   0.8   0   0   1
7.46739079079084   0.8   0   0   1
7.47741413413419   0.8   0   0   1
7.48743747747753   0.8   0   0   1
7.49746082082087   0.8   0   0   1
7.50748416416422   0.8   0   0   1
7.51750750750756   0.8   0   0   1
7.5275308508509   0.8   0   0   1
7.53755419419425   0.8   0   0   1
7.54757753753759   0.8   0   0   1
7.55760088088094   0.8   0   0   1
7.56762422422428   0.8   0   0   1
7.57764756756762   0.8   0   0   1
7.58767091091097   0.8   0   0   1
7.59769425425431   0.8   0   0   1
7.60771759759765   0.8   0   0   1
7.617740940941   0.8   0   0   1
7.62776428428434   0.8   0   0   1
7.63778762762768   0.8   0   0   1
7.64781097097103   0.8   0   0   1
7.65783431431437   0.8   0   0   1
7.66785765765771   0.8   0   0   1
7.67788100100106   0.8   0   0   1
7.6879043443444   0.8   0   0   1
7.69792768768774   0.8   0   0   1
7.70795103103109   0.8   0   0   1
7.71797437437443   0.8   0   0   1
7.72799771771777   0.8   0   0   1
7.73802106106112   0.8   0   0   1
7.74804440440446   0.8   0   0   1
7.7580677477478   0.8   0   0   1
7.76809109109115   0.8   0   0   1
7.77811443443449   0.8   0   0   1
7.78813777777783   0.8   0   0   1
7.79816112112118   0.8   0   0   1
7.80818446446452   0.8   0   0   1
7.81820780780786   0.8   0   0   1
7.82823115115121   0.8   0   0   1
7.83825449449455   0.8   0   0   1
7.84827783783789   0.8   0   0   1
7.85830118118124   0.8   0   0   1
7.86832452452458   0.8   0   0   1
7.87834786786792   0.8   0   0   1
7.88837121121127   0.8   0   0   1
7.89839455455461   0.8   0   0   1
7.90841789789796   0.8   0   0   1
7.9184412412413   0.8   0   0   1
7.92846458458464   0.8   0   0   1
7.93848792792799   0.8   0   0   1
7.94851127127133   0.8   0   0   1
7.95853461461467   0.8   0   0   1
7.96855795795802   0.8   0   0   1
7.97858130130136   0.8   0   0   1
7.9886046446447   0.8   0   0   1
7.99862798798805   0.8   0   0   1
8.00865133133139   0.8   0   0   1
8.01867467467473   0.8   0   0   1
8.02869801801808   0.8   0   0   1
8.03872136136142   0.8   0   0   1
8.04874470470476   0.8   0   0   1
8.05876804804811   0.8   0   0   1
8.06879139139145   0.8   0   0   1
8.07881473473479   0.8   0   0   1
8.08883807807814   0.8   0   0   1
8.09886142142148   0.8   0   0   1
8.10888476476482   0.8   0   0   1
8.11890810810817   0.8   0   0   1
8.12893145145151   0.8   0   0   1
8.13895479479485   0.8   0   0   1
8.1489781381382   0.8   0   0   1
8.15900148148154   0.8   0   0   1
8.16902482482488   0.8   0   0   1
8.17904816816823   0.8   0   0   1
8.18907151151157   0.8   0   0   1
8.19909485485491   0.8   0   0   1
8.20911819819826   0.8   0   0   1
8.2191415415416   0.8   0   0   1
8.22916488488494   0.8   0   0   1
8.23918822822829   0.8   0   0   1
8.24921157157163   0.8   0   0   1
8.25923491491498   0.8   0   0   1
8.26925825825832   0.8   0   0   1
8.27928160160166   0.8   0   0   1
8.28930494494501   0.8   0   0   1
8.29932828828835   0.8   0   0   1
8.30935163163169   0.8   0   0   1
8.31937497497504   0.8   0   0   1
8.32939831831838   0.8   0   0   1
8.33942166166172   0.8   0   0   1
8.34944500500507   0.8   0   0   1
8.35946834834841   0.8   0   0   1
8.36949169169175   0.8   0   0   1
8.3795150350351   0.8   0   0   1
8.38953837837844   0.8   0   0   1
8.39956172172178   0.8   0   0   1
8.40958506506513   0.8   0   0   1
8.41960840840847   0.8   0   0   1
8.42963175175181   0.8   0   0   1
8.43965509509516   0.8   0   0   1
8.4496784384385   0.8   0   0   1
8.45970178178184   0.8   0   0   1
8.46972512512519   0.8   0   0   1
8.47974846846853   0.8   0   0   1
8.48977181181187   0.8   0   0   1
8.49979515515522   0.8   0   0   1
8.50981849849856   0.8   0   0   1
8.5198418418419   0.8   0   0   1
8.52986518518525   0.8   0   0   1
8.53988852852859   0.8   0   0   1
8.54991187187193   0.8   0   0   1
8.55993521521528   0.8   0   0   1
8.56995855855862   0.8   0   0   1
8.57998190190196   0.8   0   0   1
8.59000524524531   0.8   0   0   1
8.60002858858865   0.8   0   0   1
8.610051931932   0.8   0   0   1
8.62007527527534   0.8   0   0   1
8.63009861861868   0.8   0   0   1
8.64012196196203   0.8   0   0   1
8.65014530530537   0.8   0   0   1
8.66016864864871   0.8   0   0   1
8.67019199199206   0.8   0   0   1
8.6802153353354   0.8   0   0   1
8.69023867867874   0.8   0   0   1
8.70026202202209   0.8   0   0   1
8.71028536536543   0.8   0   0   1
8.72030870870877   0.8   0   0   1
8.73033205205212   0.8   0   0   1
8.74035539539546   0.8   0   0   1
8.7503787387388   0.8   0   0   1
8.76040208208215   0.8   0   0   1
8.77042542542549   0.8   0   0   1
8.78044876876883   0.8   0   0   1
8.79047211211218   0.8   0   0   1
8.80049545545552   0.8   0   0   1
8.81051879879886   0.8   0   0   1
8.82054214214221   0.8   0   0   1
8.83056548548555   0.8   0   0   1
8.84058882882889   0.8   0   0   1
8.85061217217224   0.8   0   0   1
8.86063551551558   0.8   0   0   1
8.87065885885892   0.8   0   0   1
8.88068220220227   0.8   0   0   1
8.89070554554561   0.8   0   0   1
8.90072888888895   0.8   0   0   1
8.9107522322323   0.8   0   0   1
8.92077557557564   0.8   0   0   1
8.93079891891898   0.8   0   0   1
8.94082226226233   0.8   0   0   1
8.95084560560567   0.8   0   0   1
8.96086894894901   0.8   0   0   1
8.97089229229236   0.8   0   0   1
8.9809156356357   0.8   0   0   1
8.99093897897905   0.8   0   0   1
9.00096232232239   0.8   0   0   1
9.01098566566573   0.8   0   0   1
9.02100900900908   0.8   0   0   1
9.03103235235242   0.8   0   0   1
9.04105569569576   0.8   0   0   1
9.05107903903911   0.8   0   0   1
9.06110238238245   0.8   0   0   1
9.07112572572579   0.8   0   0   1
9.08114906906914   0.8   0   0   1
9.09117241241248   0.8   0   0   1
9.10119575575582   0.8   0   0   1
9.11121909909917   0.8   0   0   1
9.12124244244251   0.8   0   0   1
9.13126578578585   0.8   0   0   1
9.1412891291292   0.8   0   0   1
9.15131247247254   0.8   0   0   1
9.16133581581588   0.8   0   0   1
9.17135915915923   0.8   0   0   1
9.18138250250257   0.8   0   0   1
9.19140584584591   0.8   0   0   1
9.20142918918926   0.8   0   0   1
9.2114525325326   0.8   0   0   1
9.22147587587594   0.8   0   0   1
9.23149921921929   0.8   0   0   1
9.24152256256263   0.8   0   0   1
9.25154590590597   0.8   0   0   1
9.26156924924932   0.8   0   0   1
9.27159259259266   0.8   0   0   1
9.281615935936   0.8   0   0   1
9.29163927927935   0.8   0   0   1
9.30166262262269   0.8   0   0   1
9.31168596596603   0.8   0   0   1
9.32170930930938   0.8   0   0   1
9.33173265265272   0.8   0   0   1
9.34175599599607   0.8   0   0   1
9.35177933933941   0.8   0   0   1
9.36180268268275   0.8   0   0   1
9.3718260260261   0.8   0   0   1
9.38184936936944   0.8   0   0   1
9.39187271271278   0.8   0   0   1
9.40189605605613   0.8   0   0   1
9.41191939939947   0.8   0   0   1
9.42194274274281   0.8   0   0   1
9.43196608608616   0.8   0   0   1
9.4419894294295   0.8   0   0   1
9.45201277277284   0.8   0   0   1
9.46203611611619   0.8   0   0   1
9.47205945945953   0.8   0   0   1
9.48208280280287   0.8   0   0   1
9.49210614614622   0.8   0   0   1
9.50212948948956   0.8   0   0   1
9.5121528328329   0.8   0   0   1
9.52217617617625   0.8   0   0   1
9.53219951951959   0.8   0   0   1
9.54222286286293   0.8   0   0   1
9.55224620620628   0.8   0   0   1
9.56226954954962   0.8   0   0   1
9.57229289289296   0.8   0   0   1
9.58231623623631   0.8   0   0   1
9.59233957957965   0.8   0   0   1
9.60236292292299   0.8   0   0   1
9.61238626626634   0.8   0   0   1
9.62240960960968   0.8   0   0   1
9.63243295295302   0.8   0   0   1
9.64245629629637   0.8   0   0   1
9.65247963963971   0.8   0   0   1
9.66250298298305   0.8   0   0   1
9.6725263263264   0.8   0   0   1
9.68254966966974   0.8   0   0   1
9.69257301301309   0.8   0   0   1
9.70259635635643   0.8   0   0   1
9.71261969969977   0.8   0   0   1
9.72264304304312   0.8   0   0   1
9.73266638638646   0.8   0   0   1
9.7426897297298   0.8   0   0   1
9.75271307307315   0.8   0   0   1
9.76273641641649   0.8   0   0   1
9.77275975975983   0.8   0   0   1
9.78278310310318   0.8   0   0   1
9.79280644644652   0.8   0   0   1
9.80282978978986   0.8   0   0   1
9.81285313313321   0.8   0   0   1
9.82287647647655   0.8   0   0   1
9.83289981981989   0.8   0   0   1
9.84292316316324   0.8   0   0   1
9.85294650650658   0.8   0   0   1
9.86296984984992   0.8   0   0   1
9.87299319319327   0.8   0   0   1
9.88301653653661   0.8   0   0   1
9.89303987987995   0.8   0   0   1
9.9030632232233   0.8   0   0   1
9.91308656656664   0.8   0   0   1
9.92310990990998   0.8   0   0   1
9.93313325325333   0.8   0   0   1
9.94315659659667   0.8   0   0   1
9.95317993994001   0.8   0   0   1
9.96320328328336   0.8   0   0   1
9.9732266266267   0.8   0   0   1
9.98324996997004   0.8   0   0   1
9.99327331331339   0.8   0   0   1
10.0032966566567   0.8   0   0   1
10.0133200000001   0.8   0   0   1
