variables = x,rho,u,v,p
0   3.8571   2.6293   0   10.3333
0.0100233433433433   3.8571   2.6293   0   10.3333
0.0200466866866867   3.8571   2.6293   0   10.3333
0.03007003003003   3.8571   2.6293   0   10.3333
0.0400933733733734   3.8571   2.6293   0   10.3333
0.0501167167167167   3.8571   2.6293   0   10.3333
0.0601400600600601   3.8571   2.6293   0   10.3333
0.0701634034034034   3.8571   2.6293   0   10.3333
0.0801867467467468   3.8571   2.6293   0   10.3333
0.0902100900900901   3.8571   2.6293   0   10.3333
0.100233433433433   3.8571   2.6293   0   10.3333
0.110256776776777   3.8571   2.6293   0   10.3333
0.12028012012012   3.8571   2.6293   0   10.3333
0.130303463463463   3.8571   2.6293   0   10.3333
0.140326806806807   3.8571   2.6293   0   10.3333
0.15035015015015   3.8571   2.6293   0   10.3333
0.160373493493494   3.8571   2.6293   0   10.3333
0.170396836836837   3.8571   2.6293   0   10.3333
0.18042018018018   3.8571   2.6293   0   10.3333
0.190443523523524   3.8571   2.6293   0   10.3333
0.200466866866867   3.8571   2.6293   0   10.3333
0.21049021021021   3.8571   2.6293   0   10.3333
0.220513553553554   3.8571   2.6293   0   10.3333
0.230536896896897   3.8571   2.6293   0   10.3333
0.24056024024024   3.8571   2.6293   0   10.3333
0.250583583583584   3.8571   2.6293   0   10.3333
0.260606926926927   3.8571   2.6293   0   10.3333
0.27063027027027   3.8571   2.6293   0   10.3333
0.280653613613614   3.8571   2.6293   0   10.3333
0.290676956956957   3.8571   2.6293   0   10.3333
0.3007003003003   3.8571   2.6293   0   10.3333
0.310723643643644   3.8571   2.6293   0   10.3333
0.320746986986987   3.8571   2.6293   0   10.3333
0.330770330330331   3.8571   2.6293   0   10.3333
0.340793673673674   3.8571   2.6293   0   10.3333
0.350817017017017   3.8571   2.6293   0   10.3333
0.360840360360361   3.8571   2.6293   0   10.3333
0.370863703703704   3.8571   2.6293   0   10.3333
0.380887047047047   3.8571   2.6293   0   10.3333
0.390910390390391   3.8571   2.6293   0   10.3333
0.400933733733734   3.8571   2.6293   0   10.3333
0.410957077077078   3.8571   2.6293   0   10.3333
0.420980420420421   3.8571   2.6293   0   10.3333
0.431003763763764   3.8571   2.6293   0   10.3333
0.441027107107108   3.8571   2.6293   0   10.3333
0.451050450450451   3.8571   2.6293   0   10.3333
0.461073793793794   3.8571   2.6293   0   10.3333
0.471097137137138   3.8571   2.6293   0   10.3333
0.481120480480481   3.8571   2.6293   0   10.3333
0.491143823823825   3.8571   2.6293   0   10.3333
0.501167167167168   3.8571   2.6293   0   10.3333
0.511190510510511   3.8571   2.6293   0   10.3333
0.521213853853855   3.8571   2.6293   0   10.3333
0.531237197197198   3.8571   2.6293   0   10.3333
0.541260540540541   3.8571   2.6293   0   10.3333
0.551283883883884   3.8571   2.6293   0   10.3333
0.561307227227228   3.8571   2.6293   0   10.3333
0.571330570570571   3.8571   2.6293   0   10.3333
0.581353913913914   3.8571   2.6293   0   10.3333
0.591377257257258   3.8571   2.6293   6.37948319348012e-17   10.3333
0.601400600600601   3.85709999999999   2.62930000000001   3.72204459788937e-16   10.3332999999999
0.611423943943944   3.85709999999996   2.62930000000003   3.38154845371355e-16   10.3332999999998
0.621447287287288   3.85709999999989   2.62930000000007   3.393786426561e-16   10.3332999999995
0.631470630630631   3.85709999999971   2.62930000000018   4.68997267036536e-16   10.3332999999986
0.641493973973974   3.85709999999928   2.62930000000045   4.99940939263956e-16   10.3332999999966
0.651517317317318   3.85709999999824   2.6293000000011   3.75981694619866e-16   10.3332999999917
0.661540660660661   3.85709999999576   2.62930000000262   4.05699954514283e-17   10.3332999999801
0.671564004004004   3.85709999998999   2.62930000000618   -5.81664108251075e-17   10.3332999999532
0.681587347347348   3.85709999997671   2.62930000001433   -9.06625710636568e-17   10.3332999998916
0.691610690690691   3.85709999994663   2.6293000000327   -1.64793711703596e-16   10.3332999997526
0.701634034034034   3.85709999987956   2.62930000007351   -2.01345983784329e-17   10.333299999444
0.711657377377378   3.85709999973235   2.62930000016273   1.44673933347988e-16   10.3332999987694
0.721680720720721   3.85709999941435   2.62930000035471   -2.67025155345183e-16   10.3332999973185
0.731704064064064   3.85709999873824   2.62930000076126   -4.09174731843413e-16   10.3332999942466
0.741727407407408   3.85709999732355   2.62930000160851   -4.25991743436069e-16   10.3332999878468
0.751750750750751   3.85709999441074   2.62930000334595   -3.88967170946673e-16   10.3332999747263
0.761774094094094   3.85709998850944   2.62930000685172   -4.17677231474651e-16   10.3332999482597
0.771797437437437   3.85709997674613   2.6293000138115   -6.17260719366185e-16   10.3332998957319
0.781820780780781   3.85709995367717   2.62930002740452   -7.15002868250322e-16   10.3332997931701
0.791844124124124   3.85709990917199   2.62930005352084   -8.76824886212205e-16   10.3332995961732
0.801867467467467   3.8570998247129   2.62930010287844   -8.33704972853913e-16   10.3332992239711
0.811890810810811   3.85709966705888   2.6293001946296   -8.03828167898444e-16   10.3332985322774
0.821914154154154   3.85709937762028   2.62930036237669   -1.22570316138428e-15   10.3332972680223
0.831937497497497   3.85709885501819   2.6293006639933   -1.1940296607999e-15   10.3332949954764
0.841960840840841   3.85709792707729   2.62930119730852   -1.1658768278146e-15   10.3332909783163
0.851984184184184   3.85709630685076   2.62930212459365   -1.12088698061418e-15   10.3332839955685
0.862007527527527   3.85709352515392   2.62930370991036   -7.6730329971928e-16   10.3332720609887
0.872030870870871   3.85708882950534   2.62930637471734   -9.50121223353194e-16   10.3332520054218
0.882054214214214   3.85708103646415   2.62931077861073   -9.78017427626555e-16   10.3332188706453
0.892077557557557   3.85706832139535   2.62931793352528   -1.03360378816749e-15   10.3331650523944
0.902100900900901   3.85704792719543   2.62932936086623   -9.77338034498524e-16   10.3330791218144
0.912124244244244   3.85701577222787   2.62934730146566   -6.45951439167121e-16   10.3329442515882
0.922147587587587   3.85696593866682   2.62937498742821   -4.3536420660635e-16   10.3327361794743
0.932170930930931   3.85689002682765   2.62941698223965   2.77414828348726e-16   10.3324206625531
0.942194274274274   3.85677637009691   2.62947959036805   8.26187145391779e-16   10.3319504146152
0.952217617617617   3.85660911973015   2.62957132957093   1.03687719162512e-15   10.3312615800299
0.96224096096096   3.85636722940588   2.62970344818045   7.85205157161941e-16   10.3302698806013
0.972264304304304   3.85602339530437   2.62989045629414   1.05633766981067e-15   10.3288666735114
0.982287647647647   3.85554303650728   2.63015062531121   1.41081034498226e-15   10.3269152690351
0.99231099099099   3.85488342899803   2.63050639666159   1.47817186978029e-15   10.3242479608925
1.00233433433433   3.85399312940229   2.63098463054032   1.45638708307102e-15   10.3206642995305
1.01235767767768   3.85281183601498   2.6316166218731   1.30479599014312e-15   10.3159311668938
1.02238102102102   3.85127082914413   2.63243781610936   1.45272820206614e-15   10.3097851704057
1.03240436436436   3.84929410664642   2.63348717317755   2.08508944741182e-15   10.3019377519515
1.04242770770771   3.84680028311902   2.63480615373495   3.03132625634723e-15   10.2920832055908
1.05245105105105   3.84370525591123   2.63643733536205   3.55943194105748e-15   10.2799095322825
1.06247439439439   3.83992556526621   2.63842270341027   3.89132904171418e-15   10.2651117628137
1.07249773773774   3.83538229976336   2.6408016964989   4.04615709253849e-15   10.247407093227
1.08252108108108   3.83000533303598   2.64360911484296   4.3951102213157e-15   10.2265509440264
1.09254442442442   3.82373763328579   2.64687301652006   4.46374096438927e-15   10.2023529113752
1.10256776776777   3.81653936960598   2.65061273041832   4.32423198690335e-15   10.17469154572
1.11259111111111   3.80839154983616   2.65483710544406   4.51529789376736e-15   10.1435269710876
1.12261445445445   3.79929895986153   2.65954309640607   4.48184810039442e-15   10.1089105275575
1.1326377977978   3.7892922262609   2.66471476215532   4.48222704091149e-15   10.0709908467732
1.14266114114114   3.77842888334267   2.67032272582461   4.38747109960548e-15   10.0300160163945
1.15268448448449   3.76679338248375   2.67632412452355   3.85689216663806e-15   9.98633171748333
1.16270782782783   3.75449602916063   2.68266305925544   3.37091878114353e-15   9.94037540251144
1.17273117117117   3.74167086763454   2.68927154579317   3.08346128412988e-15   9.89266670933384
1.18275451451452   3.72847255563096   2.69607096233484   2.85637520677959e-15   9.84379438263423
1.19277785785786   3.71507228622426   2.70297398663103   2.81636299136374e-15   9.79440001803038
1.2028012012012   3.70165282918012   2.7098870092838   2.89579513454848e-15   9.74515898448904
1.21282454454455   3.68840278825628   2.71671299594209   2.96331546164462e-15   9.69675895106628
1.22284788788789   3.67551021255067   2.72335474476788   2.88874514624539e-15   9.64987657311578
1.23287123123123   3.66315576342613   2.7297184446565   2.76895498043927e-15   9.60515309616284
1.24289457457458   3.65150572188686   2.73571738594355   2.55012165391561e-15   9.56316990467478
1.25291791791792   3.6407052139464   2.74127561553285   2.32973865357001e-15   9.52442533997193
1.26294126126126   3.63087211387279   2.74633127472271   2.48009211079921e-15   9.48931436780657
1.27296460460461   3.62209213108748   2.75083932650524   2.08031740785968e-15   9.45811280177703
1.28298794794795   3.61441556935421   2.75477338588392   2.06581924820992e-15   9.43096769401808
1.29301129129129   3.60785614841733   2.75812642267204   2.14938342380305e-15   9.40789513018468
1.30303463463464   3.60239209714728   2.76091021159498   2.77311695034794e-15   9.3887860125106
1.31305797797798   3.59796948427112   2.76315354612286   3.19138238695934e-15   9.37341956023707
1.32308132132132   3.59450748876649   2.76489938507714   3.65422917776782e-15   9.36148334723011
1.33310466466467   3.59190507836593   2.7662012336471   3.67845532720314e-15   9.35259791248833
1.34312800800801   3.59004840879519   2.76711914519929   3.70976187892405e-15   9.34634348375416
1.35315135135135   3.58881820782827   2.76771575094273   3.65665387838545e-15   9.34228624511537
1.3631746946947   3.58809647034709   2.76805268087468   3.97432379721884e-15   9.34000186101249
1.37319803803804   3.58777194116707   2.76818764606722   3.74614703503845e-15   9.33909455733826
1.38322138138138   3.58774406207989   2.76817233302078   3.77213715215851e-15   9.33921081356904
1.39324472472473   3.5879252641729   2.76805114088183   3.97808308190851e-15   9.34004748265923
1.40326806806807   3.58824165860194   2.7678606922603   4.11983369002353e-15   9.34135479860293
1.41329141141141   3.58863229558633   2.76762998009319   4.26264185981606e-15   9.34293517651193
1.42331475475476   3.58904721617708   2.7673809793857   4.21931965743142e-15   9.34463893389565
1.4333380980981   3.58944452277957   2.76712954955033   4.21561784465206e-15   9.34635808738868
1.44336144144144   3.58978666112241   2.76688647221677   4.11527513716243e-15   9.34801925718775
1.45338478478479   3.59003606183481   2.766658501394   3.67373049265159e-15   9.34957650214163
1.46340812812813   3.59015025746593   2.76644933930587   3.17977850311453e-15   9.35100466718162
1.47343147147147   3.59007659007627   2.76626048580193   3.15676935160524e-15   9.35229359387787
1.48345481481482   3.58974666779389   2.76609193812575   2.63307741900363e-15   9.35344335081198
1.49347815815816   3.5890708188934   2.76594273934742   2.25822419610261e-15   9.35446049506345
1.50350150150151   3.58793292101308   2.76581138790987   2.30638750271209e-15   9.35535528017768
1.51352484484485   3.5861861316216   2.76569612849317   2.26515891823961e-15   9.35613967319444
1.52354818818819   3.58365018395205   2.76559514723517   2.00384990070803e-15   9.35682602392027
1.53357153153154   3.58011100326635   2.76550669380638   2.01074719367966e-15   9.35742623322047
1.54359487487488   3.57532340261465   2.76542915029304   2.09308566296604e-15   9.3579512843813
1.55361821821822   3.56901750191311   2.7653610633701   2.04161357675162e-15   9.35841102521713
1.56364156156157   3.56090925982548   2.76530115259932   1.89383203491464e-15   9.35881411342003
1.57366490490491   3.55071511685141   2.76524830433021   1.89652264961915e-15   9.35916806049868
1.58368824824825   3.53817024904912   2.76520155784717   1.8330939623374e-15   9.35947932892711
1.5937115915916   3.52304938085262   2.76516008816833   1.90227671380741e-15   9.35975345232821
1.60373493493494   3.50518858020674   2.76512318823222   1.97439348593803e-15   9.35999515984734
1.61375827827828   3.48450604836963   2.76509025202748   2.0472880497434e-15   9.36020849388453
1.62378162162163   3.46101970461193   2.76506075942913   2.33347580184994e-15   9.36039691573196
1.63380496496497   3.4348594161115   2.76503426300555   2.31591279752097e-15   9.36056339707254
1.64382830830831   3.40627206331382   2.76501037676767   2.06512909273157e-15   9.36071049731053
1.65385165165166   3.37561824352428   2.76498876667855   2.26416368040761e-15   9.36084042777692
1.663874994995   3.34336023669724   2.76496914267451   1.96841901445437e-15   9.36095510431342
1.67389833833834   3.3100417846622   2.76495125193026   1.79110498382784e-15   9.3610561898086
1.68392168168169   3.27626114260582   2.76493487310098   1.21388329601477e-15   9.36114512806384
1.69394502502503   3.24263962142802   2.76491981126858   8.76653347560877e-16   9.3612231699422
1.70396836836837   3.20978834315272   2.7649058932829   2.74922956201372e-16   9.36129139203608
1.71399171171172   3.17827610867903   2.76489296308277   -9.68021796792972e-17   9.36135070687964
1.72401505505506   3.14860110739134   2.76488087634211   -6.90023806392677e-16   9.36140186159474
1.7340383983984   3.12116871322164   2.76486949329311   -1.20431494223484e-15   9.36144541793185
1.74406174174175   3.0962768883935   2.76485866760007   -1.46294462789779e-15   9.36148169928455
1.75408508508509   3.07410986115307   2.76484822725373   -1.95969311667353e-15   9.36151067620901
1.76410842842843   3.0547398749453   2.7648379397774   -2.74392204633594e-15   9.36153173512918
1.77413177177178   3.03813603194786   2.76482744696381   -3.05198230542096e-15   9.36154322350863
1.78415511511512   3.02417865491464   2.76481614079606   -3.23972129179096e-15   9.36154156639437
1.79417845845846   3.01267720962326   2.76480292623611   -3.27340670644765e-15   9.36151956110414
1.80420180180181   3.00338966064359   2.76478576691494   -3.75436671103921e-15   9.36146309736765
1.81422514514515   2.99604111944102   2.76476081493531   -3.67161058852553e-15   9.36134486402904
1.82424848848849   2.99033967337278   2.76472074503123   -3.48915941362398e-15   9.36111229449837
1.83427183183184   2.98598717276095   2.7646515681302   -3.55949546705398e-15   9.36066450836513
1.84429517517518   2.98268220667459   2.7645265411198   -3.66314602381965e-15   9.35980825626508
1.85431851851853   2.98011102708064   2.7642945347869   -3.57318071069651e-15   9.35817384401907
1.86434186186187   2.9779189315269   2.76385783055151   -3.94152615243497e-15   9.35505489089529
1.87436520520521   2.97564805014716   2.7630297619105   -3.9807830175013e-15   9.34910349236817
1.88438854854856   2.97261483426453   2.76145395055259   -4.13341779690544e-15   9.33775211556063
1.8944118918919   2.96767697828114   2.7584504338847   -3.8100521764761e-15   9.31612346825728
1.90443523523524   2.9587973403663   2.75272287602001   -3.83990837478498e-15   9.27499692452126
1.91445857857859   2.94224244201294   2.74180276970239   -3.80319114134707e-15   9.19709432778352
1.92448192192193   2.9111567200115   2.72099941442106   -4.02194112874004e-15   9.0505804366326
1.93450526526527   2.85319710850794   2.68143657864677   -4.31662271958727e-15   8.7786971725093
1.94452860860862   2.74721671275637   2.60646966571392   -4.55363559423055e-15   8.28674708682418
1.95455195195196   2.5607410562962   2.46556250609063   -4.49868460648708e-15   7.43786031144497
1.9645752952953   2.25569720753999   2.20594063854021   -3.9718599939685e-15   6.0971567913172
1.97459863863865   1.8201832541579   1.75257035145118   -3.12158532210971e-15   4.29803265259399
1.98462198198199   1.33459497345368   1.07221591242054   -1.72502871946237e-15   2.49766681887677
1.99464532532533   0.978591272776247   0.389012239826494   -4.86788668163564e-16   1.40154962647695
2.00466866866868   0.835302809643775   0.0740416842249511   -8.59141294704213e-17   1.06569855911769
2.01469201201202   0.804977974277845   0.0102399073744355   -3.51145786088757e-19   1.00877855329136
2.02471535535536   0.800645371751408   0.00132632770260439   -6.31201926762364e-23   1.00113045957394
2.03473869869871   0.800082804700928   0.000170171693535022   -5.33573942080207e-28   1.00014492551567
2.04476204204205   0.800010610723552   2.18060637081904e-05   -2.14895253505586e-34   1.00001856904981
2.05478538538539   0.800001359433862   2.79377054560944e-06   -3.73758844338992e-42   1.00000237901391
2.06480872872874   0.800000174162492   3.57921447731441e-07   -2.48358666659452e-50   1.00000030478444
2.07483207207208   0.800000022312178   4.58538200306789e-08   -1.19226273323601e-59   1.00000003904631
2.08485541541542   0.800000002858384   5.87427922163168e-09   -3.7198967901761e-70   1.00000000500217
2.09487875875877   0.800000000366176   7.52530660021464e-10   -6.19230827109734e-82   1.00000000064081
2.10490210210211   0.800000000046908   9.64008333462338e-11   -1.34220749282744e-95   1.00000000008209
2.11492544544545   0.800000000006009   1.23482538326857e-11   -3.05701821959632e-109   1.00000000001051
2.1249487887888   0.800000000000769   1.58139657106161e-12   -5.04898386125018e-124   1.00000000000135
2.13497213213214   0.800000000000098   2.02169949917612e-13   -5.98807705373153e-140   1.00000000000017
2.14499547547548   0.800000000000012   2.55489883039584e-14   -6.10459134944948e-157   1.00000000000002
2.15501881881883   0.800000000000001   3.13135043683636e-15   -9.07786170248834e-175   1
2.16504216216217   0.8   2.92575402077743e-16   -9.89742087189546e-194   1
2.17506550550551   0.8   1.58148106214402e-17   -3.18210583547339e-214   1
2.18508884884886   0.8   0   0   1
2.1951121921922   0.8   0   0   1
2.20513553553555   0.8   0   0   1
2.21515887887889   0.8   0   0   1
2.22518222222223   0.8   0   0   1
2.23520556556558   0.8   0   0   1
2.24522890890892   0.8   0   0   1
2.25525225225226   0.8   0   0   1
2.26527559559561   0.8   0   0   1
2.27529893893895   0.8   0   0   1
2.28532228228229   0.8   0   0   1
2.29534562562564   0.8   0   0   1
2.30536896896898   0.8   0   0   1
2.31539231231232   0.8   0   0   1
2.32541565565567   0.8   0   0   1
2.33543899899901   0.8   0   0   1
2.34546234234235   0.8   0   0   1
2.3554856856857   0.8   0   0   1
2.36550902902904   0.8   0   0   1
2.37553237237238   0.8   0   0   1
2.38555571571573   0.8   0   0   1
2.39557905905907   0.8   0   0   1
2.40560240240241   0.8   0   0   1
2.41562574574576   0.8   0   0   1
2.4256490890891   0.8   0   0   1
2.43567243243244   0.8   0   0   1
2.44569577577579   0.8   0   0   1
2.45571911911913   0.8   0   0   1
2.46574246246247   0.8   0   0   1
2.47576580580582   0.8   0   0   1
2.48578914914916   0.8   0   0   1
2.4958124924925   0.8   0   0   1
2.50583583583585   0.8   0   0   1
2.51585917917919   0.8   0   0   1
2.52588252252253   0.8   0   0   1
2.53590586586588   0.8   0   0   1
2.54592920920922   0.8   0   0   1
2.55595255255257   0.8   0   0   1
2.56597589589591   0.8   0   0   1
2.57599923923925   0.8   0   0   1
2.5860225825826   0.8   0   0   1
2.59604592592594   0.8   0   0   1
2.60606926926928   0.8   0   0   1
2.61609261261263   0.8   0   0   1
2.62611595595597   0.8   0   0   1
2.63613929929931   0.8   0   0   1
2.64616264264266   0.8   0   0   1
2.656185985986   0.8   0   0   1
2.66620932932934   0.8   0   0   1
2.67623267267269   0.8   0   0   1
2.68625601601603   0.8   0   0   1
2.69627935935937   0.8   0   0   1
2.70630270270272   0.8   0   0   1
2.71632604604606   0.8   0   0   1
2.7263493893894   0.8   0   0   1
2.73637273273275   0.8   0   0   1
2.74639607607609   0.8   0   0   1
2.75641941941943   0.8   0   0   1
2.76644276276278   0.8   0   0   1
2.77646610610612   0.8   0   0   1
2.78648944944946   0.8   0   0   1
2.79651279279281   0.8   0   0   1
2.80653613613615   0.8   0   0   1
2.81655947947949   0.8   0   0   1
2.82658282282284   0.8   0   0   1
2.83660616616618   0.8   0   0   1
2.84662950950952   0.8   0   0   1
2.85665285285287   0.8   0   0   1
2.86667619619621   0.8   0   0   1
2.87669953953955   0.8   0   0   1
2.8867228828829   0.8   0   0   1
2.89674622622624   0.8   0   0   1
2.90676956956958   0.8   0   0   1
2.91679291291293   0.8   0   0   1
2.92681625625627   0.8   0   0   1
2.93683959959962   0.8   0   0   1
2.94686294294296   0.8   0   0   1
2.9568862862863   0.8   0   0   1
2.96690962962965   0.8   0   0   1
2.97693297297299   0.8   0   0   1
2.98695631631633   0.8   0   0   1
2.99697965965968   0.8   0   0   1
3.00700300300302   0.8   0   0   1
3.01702634634636   0.8   0   0   1
3.02704968968971   0.8   0   0   1
3.03707303303305   0.8   0   0   1
3.04709637637639   0.8   0   0   1
3.05711971971974   0.8   0   0   1
3.06714306306308   0.8   0   0   1
3.07716640640642   0.8   0   0   1
3.08718974974977   0.8   0   0   1
3.09721309309311   0.8   0   0   1
3.10723643643645   0.8   0   0   1
3.1172597797798   0.8   0   0   1
3.12728312312314   0.8   0   0   1
3.13730646646648   0.8   0   0   1
3.14732980980983   0.8   0   0   1
3.15735315315317   0.8   0   0   1
3.16737649649651   0.8   0   0   1
3.17739983983986   0.8   0   0   1
3.1874231831832   0.8   0   0   1
3.19744652652654   0.8   0   0   1
3.20746986986989   0.8   0   0   1
3.21749321321323   0.8   0   0   1
3.22751655655657   0.8   0   0   1
3.23753989989992   0.8   0   0   1
3.24756324324326   0.8   0   0   1
3.2575865865866   0.8   0   0   1
3.26760992992995   0.8   0   0   1
3.27763327327329   0.8   0   0   1
3.28765661661664   0.8   0   0   1
3.29767995995998   0.8   0   0   1
3.30770330330332   0.8   0   0   1
3.31772664664667   0.8   0   0   1
3.32774998999001   0.8   0   0   1
3.33777333333335   0.8   0   0   1
3.3477966766767   0.8   0   0   1
3.35782002002004   0.8   0   0   1
3.36784336336338   0.8   0   0   1
3.37786670670673   0.8   0   0   1
3.38789005005007   0.8   0   0   1
3.39791339339341   0.8   0   0   1
3.40793673673676   0.8   0   0   1
3.4179600800801   0.8   0   0   1
3.42798342342344   0.8   0   0   1
3.43800676676679   0.8   0   0   1
3.44803011011013   0.8   0   0   1
3.45805345345347   0.8   0   0   1
3.46807679679682   0.8   0   0   1
3.47810014014016   0.8   0   0   1
3.4881234834835   0.8   0   0   1
3.49814682682685   0.8   0   0   1
3.50817017017019   0.8   0   0   1
3.51819351351353   0.8   0   0   1
3.52821685685688   0.8   0   0   1
3.53824020020022   0.8   0   0   1
3.54826354354356   0.8   0   0   1
3.55828688688691   0.8   0   0   1
3.56831023023025   0.8   0   0   1
3.57833357357359   0.8   0   0   1
3.58835691691694   0.8   0   0   1
3.59838026026028   0.8   0   0   1
3.60840360360362   0.8   0   0   1
3.61842694694697   0.8   0   0   1
3.62845029029031   0.8   0   0   1
3.63847363363366   0.8   0   0   1
3.648496976977   0.8   0   0   1
3.65852032032034   0.8   0   0   1
3.66854366366369   0.8   0   0   1
3.67856700700703   0.8   0   0   1
3.68859035035037   0.8   0   0   1
3.69861369369372   0.8   0   0   1
3.70863703703706   0.8   0   0   1
3.7186603803804   0.8   0   0   1
3.72868372372375   0.8   0   0   1
3.73870706706709   0.8   0   0   1
3.74873041041043   0.8   0   0   1
3.75875375375378   0.8   0   0   1
3.76877709709712   0.8   0   0   1
3.77880044044046   0.8   0   0   1
3.78882378378381   0.8   0   0   1
3.79884712712715   0.8   0   0   1
3.80887047047049   0.8   0   0   1
3.81889381381384   0.8   0   0   1
3.82891715715718   0.8   0   0   1
3.83894050050052   0.8   0   0   1
3.84896384384387   0.8   0   0   1
3.85898718718721   0.8   0   0   1
3.86901053053055   0.8   0   0   1
3.8790338738739   0.8   0   0   1
3.88905721721724   0.8   0   0   1
3.89908056056058   0.8   0   0   1
3.90910390390393   0.8   0   0   1
3.91912724724727   0.8   0   0   1
3.92915059059061   0.8   0   0   1
3.93917393393396   0.8   0   0   1
3.9491972772773   0.8   0   0   1
3.95922062062064   0.8   0   0   1
3.96924396396399   0.8   0   0   1
3.97926730730733   0.8   0   0   1
3.98929065065068   0.8   0   0   1
3.99931399399402   0.8   0   0   1
4.00933733733736   0.8   0   0   1
4.01936068068071   0.8   0   0   1
4.02938402402405   0.8   0   0   1
4.03940736736739   0.8   0   0   1
4.04943071071074   0.8   0   0   1
4.05945405405408   0.8   0   0   1
4.06947739739742   0.8   0   0   1
4.07950074074077   0.8   0   0   1
4.08952408408411   0.8   0   0   1
4.09954742742745   0.8   0   0   1
4.1095707707708   0.8   0   0   1
4.11959411411414   0.8   0   0   1
4.12961745745748   0.8   0   0   1
4.13964080080083   0.8   0   0   1
4.14966414414417   0.8   0   0   1
4.15968748748751   0.8   0   0   1
4.16971083083086   0.8   0   0   1
4.1797341741742   0.8   0   0   1
4.18975751751754   0.8   0   0   1
4.19978086086089   0.8   0   0   1
4.20980420420423   0.8   0   0   1
4.21982754754757   0.8   0   0   1
4.22985089089092   0.8   0   0   1
4.23987423423426   0.8   0   0   1
4.2498975775776   0.8   0   0   1
4.25992092092095   0.8   0   0   1
4.26994426426429   0.8   0   0   1
4.27996760760763   0.8   0   0   1
4.28999095095098   0.8   0   0   1
4.30001429429432   0.8   0   0   1
4.31003763763766   0.8   0   0   1
4.32006098098101   0.8   0   0   1
4.33008432432435   0.8   0   0   1
4.3401076676677   0.8   0   0   1
4.35013101101104   0.8   0   0   1
4.36015435435438   0.8   0   0   1
4.37017769769773   0.8   0   0   1
4.38020104104107   0.8   0   0   1
4.39022438438441   0.8   0   0   1
4.40024772772776   0.8   0   0   1
4.4102710710711   0.8   0   0   1
4.42029441441444   0.8   0   0   1
4.43031775775779   0.8   0   0   1
4.44034110110113   0.8   0   0   1
4.45036444444447   0.8   0   0   1
4.46038778778782   0.8   0   0   1
4.47041113113116   0.8   0   0   1
4.4804344744745   0.8   0   0   1
4.49045781781785   0.8   0   0   1
4.50048116116119   0.8   0   0   1
4.51050450450453   0.8   0   0   1
4.52052784784788   0.8   0   0   1
4.53055119119122   0.8   0   0   1
4.54057453453456   0.8   0   0   1
4.55059787787791   0.8   0   0   1
4.56062122122125   0.8   0   0   1
4.57064456456459   0.8   0   0   1
4.58066790790794   0.8   0   0   1
4.59069125125128   0.8   0   0   1
4.60071459459462   0.8   0   0   1
4.61073793793797   0.8   0   0   1
4.62076128128131   0.8   0   0   1
4.63078462462465   0.8   0   0   1
4.640807967968   0.8   0   0   1
4.65083131131134   0.8   0   0   1
4.66085465465468   0.8   0   0   1
4.67087799799803   0.8   0   0   1
4.68090134134137   0.8   0   0   1
4.69092468468472   0.8   0   0   1
4.70094802802806   0.8   0   0   1
4.7109713713714   0.8   0   0   1
4.72099471471475   0.8   0   0   1
4.73101805805809   0.8   0   0   1
4.74104140140143   0.8   0   0   1
4.75106474474478   0.8   0   0   1
4.76108808808812   0.8   0   0   1
4.77111143143146   0.8   0   0   1
4.78113477477481   0.8   0   0   1
4.79115811811815   0.8   0   0   1
4.80118146146149   0.8   0   0   1
4.81120480480484   0.8   0   0   1
4.82122814814818   0.8   0   0   1
4.83125149149152   0.8   0   0   1
4.84127483483487   0.8   0   0   1
4.85129817817821   0.8   0   0   1
4.86132152152155   0.8   0   0   1
4.8713448648649   0.8   0   0   1
4.88136820820824   0.8   0   0   1
4.89139155155158   0.8   0   0   1
4.90141489489493   0.8   0   0   1
4.91143823823827   0.8   0   0   1
4.92146158158161   0.8   0   0   1
4.93148492492496   0.8   0   0   1
4.9415082682683   0.8   0   0   1
4.95153161161164   0.8   0   0   1
4.96155495495499   0.8   0   0   1
4.97157829829833   0.8   0   0   1
4.98160164164167   0.8   0   0   1
4.99162498498502   0.8   0   0   1
5.00164832832836   0.8   0   0   1
5.0116716716717   0.8   0   0   1
5.02169501501505   0.8   0   0   1
5.03171835835839   0.8   0   0   1
5.04174170170173   0.8   0   0   1
5.05176504504508   0.8   0   0   1
5.06178838838842   0.8   0   0   1
5.07181173173177   0.8   0   0   1
5.08183507507511   0.8   0   0   1
5.09185841841845   0.8   0   0   1
5.1018817617618   0.8   0   0   1
5.11190510510514   0.8   0   0   1
5.12192844844848   0.8   0   0   1
5.13195179179183   0.8   0   0   1
5.14197513513517   0.8   0   0   1
5.15199847847851   0.8   0   0   1
5.16202182182186   0.8   0   0   1
5.1720451651652   0.8   0   0   1
5.18206850850854   0.8   0   0   1
5.19209185185189   0.8   0   0   1
5.20211519519523   0.8   0   0   1
5.21213853853857   0.8   0   0   1
5.22216188188192   0.8   0   0   1
5.23218522522526   0.8   0   0   1
5.2422085685686   0.8   0   0   1
5.25223191191195   0.8   0   0   1
5.26225525525529   0.8   0   0   1
5.27227859859863   0.8   0   0   1
5.28230194194198   0.8   0   0   1
5.29232528528532   0.8   0   0   1
5.30234862862866   0.8   0   0   1
5.31237197197201   0.8   0   0   1
5.32239531531535   0.8   0   0   1
5.33241865865869   0.8   0   0   1
5.34244200200204   0.8   0   0   1
5.35246534534538   0.8   0   0   1
5.36248868868872   0.8   0   0   1
5.37251203203207   0.8   0   0   1
5.38253537537541   0.8   0   0   1
5.39255871871875   0.8   0   0   1
5.4025820620621   0.8   0   0   1
5.41260540540544   0.8   0   0   1
5.42262874874879   0.8   0   0   1
5.43265209209213   0.8   0   0   1
5.44267543543547   0.8   0   0   1
5.45269877877882   0.8   0   0   1
5.46272212212216   0.8   0   0   1
5.4727454654655   0.8   0   0   1
5.48276880880885   0.8   0   0   1
5.49279215215219   0.8   0   0   1
5.50281549549553   0.8   0   0   1
5.51283883883888   0.8   0   0   1
5.52286218218222   0.8   0   0   1
5.53288552552556   0.8   0   0   1
5.54290886886891   0.8   0   0   1
5.55293221221225   0.8   0   0   1
5.56295555555559   0.8   0   0   1
5.57297889889894   0.8   0   0   1
5.58300224224228   0.8   0   0   1
5.59302558558562   0.8   0   0   1
5.60304892892897   0.8   0   0   1
5.61307227227231   0.8   0   0   1
5.62309561561565   0.8   0   0   1
5.633118958959   0.8   0   0   1
5.64314230230234   0.8   0   0   1
5.65316564564568   0.8   0   0   1
5.66318898898903   0.8   0   0   1
5.67321233233237   0.8   0   0   1
5.68323567567571   0.8   0   0   1
5.69325901901906   0.8   0   0   1
5.7032823623624   0.8   0   0   1
5.71330570570574   0.8   0   0   1
5.72332904904909   0.8   0   0   1
5.73335239239243   0.8   0   0   1
5.74337573573577   0.8   0   0   1
5.75339907907912   0.8   0   0   1
5.76342242242246   0.8   0   0   1
5.77344576576581   0.8   0   0   1
5.78346910910915   0.8   0   0   1
5.79349245245249   0.8   0   0   1
5.80351579579584   0.8   0   0   1
5.81353913913918   0.8   0   0   1
5.82356248248252   0.8   0   0   1
5.83358582582587   0.8   0   0   1
5.84360916916921   0.8   0   0   1
5.85363251251255   0.8   0   0   1
5.8636558558559   0.8   0   0   1
5.87367919919924   0.8   0   0   1
5.88370254254258   0.8   0   0   1
5.89372588588593   0.8   0   0   1
5.90374922922927   0.8   0   0   1
5.91377257257261   0.8   0   0   1
5.92379591591596   0.8   0   0   1
5.9338192592593   0.8   0   0   1
5.94384260260264   0.8   0   0   1
5.95386594594599   0.8   0   0   1
5.96388928928933   0.8   0   0   1
5.97391263263267   0.8   0   0   1
5.98393597597602   0.8   0   0   1
5.99395931931936   0.8   0   0   1
6.0039826626627   0.8   0   0   1
6.01400600600605   0.8   0   0   1
6.02402934934939   0.8   0   0   1
6.03405269269273   0.8   0   0   1
6.04407603603608   0.8   0   0   1
6.05409937937942   0.8   0   0   1
6.06412272272276   0.8   0   0   1
6.07414606606611   0.8   0   0   1
6.08416940940945   0.8   0   0   1
6.09419275275279   0.8   0   0   1
6.10421609609614   0.8   0   0   1
6.11423943943948   0.8   0   0   1
6.12426278278283   0.8   0   0   1
6.13428612612617   0.8   0   0   1
6.14430946946951   0.8   0   0   1
6.15433281281286   0.8   0   0   1
6.1643561561562   0.8   0   0   1
6.17437949949954   0.8   0   0   1
6.18440284284289   0.8   0   0   1
6.19442618618623   0.8   0   0   1
6.20444952952957   0.8   0   0   1
6.21447287287292   0.8   0   0   1
6.22449621621626   0.8   0   0   1
6.2345195595596   0.8   0   0   1
6.24454290290295   0.8   0   0   1
6.25456624624629   0.8   0   0   1
6.26458958958963   0.8   0   0   1
6.27461293293298   0.8   0   0   1
6.28463627627632   0.8   0   0   1
6.29465961961966   0.8   0   0   1
6.30468296296301   0.8   0   0   1
6.31470630630635   0.8   0   0   1
6.32472964964969   0.8   0   0   1
6.33475299299304   0.8   0   0   1
6.34477633633638   0.8   0   0   1
6.35479967967972   0.8   0   0   1
6.36482302302307   0.8   0   0   1
6.37484636636641   0.8   0   0   1
6.38486970970975   0.8   0   0   1
6.3948930530531   0.8   0   0   1
6.40491639639644   0.8   0   0   1
6.41493973973978   0.8   0   0   1
6.42496308308313   0.8   0   0   1
6.43498642642647   0.8   0   0   1
6.44500976976981   0.8   0   0   1
6.45503311311316   0.8   0   0   1
6.4650564564565   0.8   0   0   1
6.47507979979985   0.8   0   0   1
6.48510314314319   0.8   0   0   1
6.49512648648653   0.8   0   0   1
6.50514982982988   0.8   0   0   1
6.51517317317322   0.8   0   0   1
6.52519651651656   0.8   0   0   1
6.53521985985991   0.8   0   0   1
6.54524320320325   0.8   0   0   1
6.55526654654659   0.8   0   0   1
6.56528988988994   0.8   0   0   1
6.57531323323328   0.8   0   0   1
6.58533657657662   0.8   0   0   1
6.59535991991997   0.8   0   0   1
6.60538326326331   0.8   0   0   1
6.61540660660665   0.8   0   0   1
6.62542994995   0.8   0   0   1
6.63545329329334   0.8   0   0   1
6.64547663663668   0.8   0   0   1
6.65549997998003   0.8   0   0   1
6.66552332332337   0.8   0   0   1
6.67554666666671   0.8   0   0   1
6.68557001001006   0.8   0   0   1
6.6955933533534   0.8   0   0   1
6.70561669669674   0.8   0   0   1
6.71564004004009   0.8   0   0   1
6.72566338338343   0.8   0   0   1
6.73568672672677   0.8   0   0   1
6.74571007007012   0.8   0   0   1
6.75573341341346   0.8   0   0   1
6.7657567567568   0.8   0   0   1
6.77578010010015   0.8   0   0   1
6.78580344344349   0.8   0   0   1
6.79582678678683   0.8   0   0   1
6.80585013013018   0.8   0   0   1
6.81587347347352   0.8   0   0   1
6.82589681681686   0.8   0   0   1
6.83592016016021   0.8   0   0   1
6.84594350350355   0.8   0   0   1
6.8559668468469   0.8   0   0   1
6.86599019019024   0.8   0   0   1
6.87601353353358   0.8   0   0   1
6.88603687687693   0.8   0   0   1
6.89606022022027   0.8   0   0   1
6.90608356356361   0.8   0   0   1
6.91610690690696   0.8   0   0   1
6.9261302502503   0.8   0   0   1
6.93615359359364   0.8   0   0   1
6.94617693693699   0.8   0   0   1
6.95620028028033   0.8   0   0   1
6.96622362362367   0.8   0   0   1
6.97624696696702   0.8   0   0   1
6.98627031031036   0.8   0   0   1
6.9962936536537   0.8   0   0   1
7.00631699699705   0.8   0   0   1
7.01634034034039   0.8   0   0   1
7.02636368368373   0.8   0   0   1
7.03638702702708   0.8   0   0   1
7.04641037037042   0.8   0   0   1
7.05643371371376   0.8   0   0   1
7.06645705705711   0.8   0   0   1
7.07648040040045   0.8   0   0   1
7.08650374374379   0.8   0   0   1
7.09652708708714   0.8   0   0   1
7.10655043043048   0.8   0   0   1
7.11657377377382   0.8   0   0   1
7.12659711711717   0.8   0   0   1
7.13662046046051   0.8   0   0   1
7.14664380380385   0.8   0   0   1
7.1566671471472   0.8   0   0   1
7.16669049049054   0.8   0   0   1
7.17671383383388   0.8   0   0   1
7.18673717717723   0.8   0   0   1
7.19676052052057   0.8   0   0   1
7.20678386386392   0.8   0   0   1
7.21680720720726   0.8   0   0   1
7.2268305505506   0.8   0   0   1
7.23685389389395   0.8   0   0   1
7.24687723723729   0.8   0   0   1
7.25690058058063   0.8   0   0   1
7.26692392392398   0.8   0   0   1
7.27694726726732   0.8   0   0   1
7.28697061061066   0.8   0   0   1
7.29699395395401   0.8   0   0   1
7.30701729729735   0.8   0   0   1
7.31704064064069   0.8   0   0   1
7.32706398398404   0.8   0   0   1
7.33708732732738   0.8   0   0   1
7.34711067067072   0.8   0   0   1
7.35713401401407   0.8   0   0   1
7.36715735735741   0.8   0   0   1
7.37718070070075   0.8   0   0   1
7.3872040440441   0.8   0   0   1
7.39722738738744   0.8   0   0   1
7.40725073073078   0.8   0   0   1
7.41727407407413   0.8   0   0   1
7.42729741741747   0.8   0   0   1
7.43732076076081   0.8   0   0   1
7.44734410410416   0.8   0   0   1
7.4573674474475   0.8   0   0   1
7.46739079079084   0.8   0   0   1
7.47741413413419   0.8   0   0   1
7.48743747747753   0.8   0   0   1
7.49746082082087   0.8   0   0   1
7.50748416416422   0.8   0   0   1
7.51750750750756   0.8   0   0   1
7.5275308508509   0.8   0   0   1
7.53755419419425   0.8   0   0   1
7.54757753753759   0.8   0   0   1
7.55760088088094   0.8   0   0   1
7.56762422422428   0.8   0   0   1
7.57764756756762   0.8   0   0   1
7.58767091091097   0.8   0   0   1
7.59769425425431   0.8   0   0   1
7.60771759759765   0.8   0   0   1
7.617740940941   0.8   0   0   1
7.62776428428434   0.8   0   0   1
7.63778762762768   0.8   0   0   1
7.64781097097103   0.8   0   0   1
7.65783431431437   0.8   0   0   1
7.66785765765771   0.8   0   0   1
7.67788100100106   0.8   0   0   1
7.6879043443444   0.8   0   0   1
7.69792768768774   0.8   0   0   1
7.70795103103109   0.8   0   0   1
7.71797437437443   0.8   0   0   1
7.72799771771777   0.8   0   0   1
7.73802106106112   0.8   0   0   1
7.74804440440446   0.8   0   0   1
7.7580677477478   0.8   0   0   1
7.76809109109115   0.8   0   0   1
7.77811443443449   0.8   0   0   1
7.78813777777783   0.8   0   0   1
7.79816112112118   0.8   0   0   1
7.80818446446452   0.8   0   0   1
7.81820780780786   0.8   0   0   1
7.82823115115121   0.8   0   0   1
7.83825449449455   0.8   0   0   1
7.84827783783789   0.8   0   0   1
7.85830118118124   0.8   0   0   1
7.86832452452458   0.8   0   0   1
7.87834786786792   0.8   0   0   1
7.88837121121127   0.8   0   0   1
7.89839455455461   0.8   0   0   1
7.90841789789796   0.8   0   0   1
7.9184412412413   0.8   0   0   1
7.92846458458464   0.8   0   0   1
7.93848792792799   0.8   0   0   1
7.94851127127133   0.8   0   0   1
7.95853461461467   0.8   0   0   1
7.96855795795802   0.8   0   0   1
7.97858130130136   0.8   0   0   1
7.9886046446447   0.8   0   0   1
7.99862798798805   0.8   0   0   1
8.00865133133139   0.8   0   0   1
8.01867467467473   0.8   0   0   1
8.02869801801808   0.8   0   0   1
8.03872136136142   0.8   0   0   1
8.04874470470476   0.8   0   0   1
8.05876804804811   0.8   0   0   1
8.06879139139145   0.8   0   0   1
8.07881473473479   0.8   0   0   1
8.08883807807814   0.8   0   0   1
8.09886142142148   0.8   0   0   1
8.10888476476482   0.8   0   0   1
8.11890810810817   0.8   0   0   1
8.12893145145151   0.8   0   0   1
8.13895479479485   0.8   0   0   1
8.1489781381382   0.8   0   0   1
8.15900148148154   0.8   0   0   1
8.16902482482488   0.8   0   0   1
8.17904816816823   0.8   0   0   1
8.18907151151157   0.8   0   0   1
8.19909485485491   0.8   0   0   1
8.20911819819826   0.8   0   0   1
8.2191415415416   0.8   0   0   1
8.22916488488494   0.8   0   0   1
8.23918822822829   0.8   0   0   1
8.24921157157163   0.8   0   0   1
8.25923491491498   0.8   0   0   1
8.26925825825832   0.8   0   0   1
8.27928160160166   0.8   0   0   1
8.28930494494501   0.8   0   0   1
8.29932828828835   0.8   0   0   1
8.30935163163169   0.8   0   0   1
8.31937497497504   0.8   0   0   1
8.32939831831838   0.8   0   0   1
8.33942166166172   0.8   0   0   1
8.34944500500507   0.8   0   0   1
8.35946834834841   0.8   0   0   1
8.36949169169175   0.8   0   0   1
8.3795150350351   0.8   0   0   1
8.38953837837844   0.8   0   0   1
8.39956172172178   0.8   0   0   1
8.40958506506513   0.8   0   0   1
8.41960840840847   0.8   0   0   1
8.42963175175181   0.8   0   0   1
8.43965509509516   0.8   0   0   1
8.4496784384385   0.8   0   0   1
8.45970178178184   0.8   0   0   1
8.46972512512519   0.8   0   0   1
8.47974846846853   0.8   0   0   1
8.48977181181187   0.8   0   0   1
8.49979515515522   0.8   0   0   1
8.50981849849856   0.8   0   0   1
8.5198418418419   0.8   0   0   1
8.52986518518525   0.8   0   0   1
8.53988852852859   0.8   0   0   1
8.54991187187193   0.8   0   0   1
8.55993521521528   0.8   0   0   1
8.56995855855862   0.8   0   0   1
8.57998190190196   0.8   0   0   1
8.59000524524531   0.8   0   0   1
8.60002858858865   0.8   0   0   1
8.610051931932   0.8   0   0   1
8.62007527527534   0.8   0   0   1
8.63009861861868   0.8   0   0   1
8.64012196196203   0.8   0   0   1
8.65014530530537   0.8   0   0   1
8.66016864864871   0.8   0   0   1
8.67019199199206   0.8   0   0   1
8.6802153353354   0.8   0   0   1
8.69023867867874   0.8   0   0   1
8.70026202202209   0.8   0   0   1
8.71028536536543   0.8   0   0   1
8.72030870870877   0.8   0   0   1
8.73033205205212   0.8   0   0   1
8.74035539539546   0.8   0   0   1
8.7503787387388   0.8   0   0   1
8.76040208208215   0.8   0   0   1
8.77042542542549   0.8   0   0   1
8.78044876876883   0.8   0   0   1
8.79047211211218   0.8   0   0   1
8.80049545545552   0.8   0   0   1
8.81051879879886   0.8   0   0   1
8.82054214214221   0.8   0   0   1
8.83056548548555   0.8   0   0   1
8.84058882882889   0.8   0   0   1
8.85061217217224   0.8   0   0   1
8.86063551551558   0.8   0   0   1
8.87065885885892   0.8   0   0   1
8.88068220220227   0.8   0   0   1
8.89070554554561   0.8   0   0   1
8.90072888888895   0.8   0   0   1
8.9107522322323   0.8   0   0   1
8.92077557557564   0.8   0   0   1
8.93079891891898   0.8   0   0   1
8.94082226226233   0.8   0   0   1
8.95084560560567   0.8   0   0   1
8.96086894894901   0.8   0   0   1
8.97089229229236   0.8   0   0   1
8.9809156356357   0.8   0   0   1
8.99093897897905   0.8   0   0   1
9.00096232232239   0.8   0   0   1
9.01098566566573   0.8   0   0   1
9.02100900900908   0.8   0   0   1
9.03103235235242   0.8   0   0   1
9.04105569569576   0.8   0   0   1
9.05107903903911   0.8   0   0   1
9.06110238238245   0.8   0   0   1
9.07112572572579   0.8   0   0   1
9.08114906906914   0.8   0   0   1
9.09117241241248   0.8   0   0   1
9.10119575575582   0.8   0   0   1
9.11121909909917   0.8   0   0   1
9.12124244244251   0.8   0   0   1
9.13126578578585   0.8   0   0   1
9.1412891291292   0.8   0   0   1
9.15131247247254   0.8   0   0   1
9.16133581581588   0.8   0   0   1
9.17135915915923   0.8   0   0   1
9.18138250250257   0.8   0   0   1
9.19140584584591   0.8   0   0   1
9.20142918918926   0.8   0   0   1
9.2114525325326   0.8   0   0   1
9.22147587587594   0.8   0   0   1
9.23149921921929   0.8   0   0   1
9.24152256256263   0.8   0   0   1
9.25154590590597   0.8   0   0   1
9.26156924924932   0.8   0   0   1
9.27159259259266   0.8   0   0   1
9.281615935936   0.8   0   0   1
9.29163927927935   0.8   0   0   1
9.30166262262269   0.8   0   0   1
9.31168596596603   0.8   0   0   1
9.32170930930938   0.8   0   0   1
9.33173265265272   0.8   0   0   1
9.34175599599607   0.8   0   0   1
9.35177933933941   0.8   0   0   1
9.36180268268275   0.8   0   0   1
9.3718260260261   0.8   0   0   1
9.38184936936944   0.8   0   0   1
9.39187271271278   0.8   0   0   1
9.40189605605613   0.8   0   0   1
9.41191939939947   0.8   0   0   1
9.42194274274281   0.8   0   0   1
9.43196608608616   0.8   0   0   1
9.4419894294295   0.8   0   0   1
9.45201277277284   0.8   0   0   1
9.46203611611619   0.8   0   0   1
9.47205945945953   0.8   0   0   1
9.48208280280287   0.8   0   0   1
9.49210614614622   0.8   0   0   1
9.50212948948956   0.8   0   0   1
9.5121528328329   0.8   0   0   1
9.52217617617625   0.8   0   0   1
9.53219951951959   0.8   0   0   1
9.54222286286293   0.8   0   0   1
9.55224620620628   0.8   0   0   1
9.56226954954962   0.8   0   0   1
9.57229289289296   0.8   0   0   1
9.58231623623631   0.8   0   0   1
9.59233957957965   0.8   0   0   1
9.60236292292299   0.8   0   0   1
9.61238626626634   0.8   0   0   1
9.62240960960968   0.8   0   0   1
9.63243295295302   0.8   0   0   1
9.64245629629637   0.8   0   0   1
9.65247963963971   0.8   0   0   1
9.66250298298305   0.8   0   0   1
9.6725263263264   0.8   0   0   1
9.68254966966974   0.8   0   0   1
9.69257301301309   0.8   0   0   1
9.70259635635643   0.8   0   0   1
9.71261969969977   0.8   0   0   1
9.72264304304312   0.8   0   0   1
9.73266638638646   0.8   0   0   1
9.7426897297298   0.8   0   0   1
9.75271307307315   0.8   0   0   1
9.76273641641649   0.8   0   0   1
9.77275975975983   0.8   0   0   1
9.78278310310318   0.8   0   0   1
9.79280644644652   0.8   0   0   1
9.80282978978986   0.8   0   0   1
9.81285313313321   0.8   0   0   1
9.82287647647655   0.8   0   0   1
9.83289981981989   0.8   0   0   1
9.84292316316324   0.8   0   0   1
9.85294650650658   0.8   0   0   1
9.86296984984992   0.8   0   0   1
9.87299319319327   0.8   0   0   1
9.88301653653661   0.8   0   0   1
9.89303987987995   0.8   0   0   1
9.9030632232233   0.8   0   0   1
9.91308656656664   0.8   0   0   1
9.92310990990998   0.8   0   0   1
9.93313325325333   0.8   0   0   1
9.94315659659667   0.8   0   0   1
9.95317993994001   0.8   0   0   1
9.96320328328336   0.8   0   0   1
9.9732266266267   0.8   0   0   1
9.98324996997004   0.8   0   0   1
9.99327331331339   0.8   0   0   1
10.0032966566567   0.8   0   0   1
10.0133200000001   0.8   0   0   1
