variables = x,rho,u,v,p
0   3.8571   2.6293   0   10.3333
0.0100233433433433   3.8571   2.6293   0   10.3333
0.0200466866866867   3.8571   2.6293   0   10.3333
0.03007003003003   3.8571   2.6293   0   10.3333
0.0400933733733734   3.8571   2.6293   0   10.3333
0.0501167167167167   3.8571   2.6293   0   10.3333
0.0601400600600601   3.8571   2.6293   0   10.3333
0.0701634034034034   3.8571   2.6293   0   10.3333
0.0801867467467468   3.8571   2.6293   0   10.3333
0.0902100900900901   3.8571   2.6293   0   10.3333
0.100233433433433   3.8571   2.6293   0   10.3333
0.110256776776777   3.8571   2.6293   0   10.3333
0.12028012012012   3.8571   2.6293   0   10.3333
0.130303463463463   3.8571   2.6293   0   10.3333
0.140326806806807   3.8571   2.6293   0   10.3333
0.15035015015015   3.8571   2.6293   0   10.3333
0.160373493493494   3.8571   2.6293   0   10.3333
0.170396836836837   3.8571   2.6293   0   10.3333
0.18042018018018   3.8571   2.6293   0   10.3333
0.190443523523524   3.8571   2.6293   0   10.3333
0.200466866866867   3.8571   2.6293   0   10.3333
0.21049021021021   3.8571   2.6293   0   10.3333
0.220513553553554   3.8571   2.6293   0   10.3333
0.230536896896897   3.8571   2.6293   0   10.3333
0.24056024024024   3.8571   2.6293   0   10.3333
0.250583583583584   3.8571   2.6293   0   10.3333
0.260606926926927   3.8571   2.6293   0   10.3333
0.27063027027027   3.8571   2.6293   0   10.3333
0.280653613613614   3.8571   2.6293   0   10.3333
0.290676956956957   3.8571   2.6293   0   10.3333
0.3007003003003   3.8571   2.6293   0   10.3333
0.310723643643644   3.8571   2.6293   0   10.3333
0.320746986986987   3.8571   2.6293   0   10.3333
0.330770330330331   3.8571   2.6293   0   10.3333
0.340793673673674   3.8571   2.6293   0   10.3333
0.350817017017017   3.8571   2.6293   0   10.3333
0.360840360360361   3.8571   2.6293   0   10.3333
0.370863703703704   3.8571   2.6293   0   10.3333
0.380887047047047   3.8571   2.6293   0   10.3333
0.390910390390391   3.8571   2.6293   0   10.3333
0.400933733733734   3.8571   2.6293   0   10.3333
0.410957077077078   3.8571   2.6293   0   10.3333
0.420980420420421   3.8571   2.6293   0   10.3333
0.431003763763764   3.8571   2.6293   0   10.3333
0.441027107107108   3.8571   2.6293   0   10.3333
0.451050450450451   3.8571   2.6293   0   10.3333
0.461073793793794   3.8571   2.6293   0   10.3333
0.471097137137138   3.8571   2.6293   0   10.3333
0.481120480480481   3.8571   2.6293   0   10.3333
0.491143823823825   3.8571   2.6293   0   10.3333
0.501167167167168   3.8571   2.6293   0   10.3333
0.511190510510511   3.8571   2.6293   0   10.3333
0.521213853853855   3.8571   2.6293   0   10.3333
0.531237197197198   3.8571   2.6293   0   10.3333
0.541260540540541   3.8571   2.6293   -1.18983778020053e-16   10.3333
0.551283883883884   3.85709999999998   2.62930000000001   -6.90132390964739e-17   10.3332999999999
0.561307227227228   3.85709999999994   2.62930000000004   1.72147521548191e-16   10.3332999999997
0.571330570570571   3.85709999999985   2.62930000000008   9.65360889512851e-17   10.3332999999994
0.581353913913914   3.8570999999997   2.62930000000017   -2.64710181367448e-16   10.3332999999987
0.591377257257258   3.85709999999942   2.62930000000033   -2.27384469263961e-16   10.3332999999975
0.601400600600601   3.85709999999891   2.62930000000063   -3.18369563812061e-16   10.3332999999952
0.611423943943944   3.85709999999798   2.62930000000117   -3.77390142405354e-16   10.3332999999912
0.621447287287288   3.85709999999629   2.62930000000215   -3.55958834410436e-16   10.3332999999838
0.631470630630631   3.85709999999324   2.62930000000391   -7.24815416042469e-16   10.3332999999705
0.641493973973974   3.85709999998779   2.62930000000706   -7.70181857952097e-16   10.3332999999468
0.651517317317318   3.85709999997811   2.62930000001263   -9.70631392179559e-16   10.3332999999048
0.661540660660661   3.85709999996105   2.62930000002243   -1.04637403741916e-15   10.333299999831
0.671564004004004   3.85709999993125   2.62930000003952   -1.3170405128526e-15   10.3332999997023
0.681587347347348   3.85709999987956   2.62930000006909   -1.50639192625365e-15   10.3332999994796
0.691610690690691   3.85709999979065   2.62930000011986   -1.38448548682498e-15   10.3332999990973
0.701634034034034   3.85709999963888   2.62930000020636   -1.28701045899352e-15   10.3332999984461
0.711657377377378   3.85709999938185   2.62930000035256   -1.37509772846592e-15   10.3332999973456
0.721680720720721   3.85709999894999   2.62930000059772   -1.52981610900355e-15   10.3332999955004
0.731704064064064   3.85709999823007   2.62930000100561   -2.08165982906741e-15   10.3332999924307
0.741727407407408   3.85709999703943   2.62930000167888   -2.06995370634399e-15   10.3332999873646
0.751750750750751   3.8570999950858   2.62930000278142   -2.2694079438464e-15   10.3332999790696
0.761774094094094   3.8570999919056   2.62930000457264   -2.45353906977089e-15   10.3332999655947
0.771797437437437   3.85709998676968   2.62930000745971   -2.6962782445953e-15   10.3332999438791
0.781820780780781   3.85709997854109   2.62930001207615   -2.66240894008364e-15   10.33329990916
0.791844124124124   3.85709996546213   2.62930001939929   -2.34888354169549e-15   10.3332998540917
0.801867467467467   3.85709994483893   2.6293000309238   -2.17960930283224e-15   10.3332997674411
0.811890810810811   3.8570999125785   2.62930004891575   -1.98054849210445e-15   10.3332996321804
0.821914154154154   3.8570998625162   2.62930007678083   -1.61863677335259e-15   10.3332994227218
0.831937497497497   3.85709978544827   2.62930011959268   -1.60629350135623e-15   10.3332991009512
0.841960840840841   3.85709966775426   2.62930018484341   -1.53918006949198e-15   10.3332986105942
0.851984184184184   3.85709948945538   2.62930028349862   -1.00078716897772e-15   10.3332978692979
0.862007527527527   3.85709922150638   2.62930043146523   -8.53944885074938e-16   10.3332967576166
0.872030870870871   3.85709882205794   2.62930065161196   -1.06038679361752e-15   10.3332951038518
0.882054214214214   3.85709823135363   2.62930097652074   -1.23681848123894e-15   10.3332926634127
0.892077557557557   3.85709736483843   2.62930145219227   -1.05434988691341e-15   10.3332890910234
0.902100900900901   3.85709610395567   2.62930214298101   -6.11253091282678e-16   10.3332839037154
0.912124244244244   3.85709428399686   2.62930313809222   1.48664111236063e-16   10.3332764321154
0.922147587587587   3.85709167824766   2.62930456003521   1.05791169161783e-15   10.3332657570777
0.932170930930931   3.85708797754838   2.6293065754893   1.69950254687036e-15   10.3332506282463
0.942194274274274   3.85708276426823   2.62930940909759   2.20154809838127e-15   10.3332293606958
0.952217617617617   3.85707547958871   2.62931336075233   2.50441091300256e-15   10.3331997054367
0.96224096096096   3.85706538292066   2.62931882696658   2.69484149519953e-15   10.3331586893467
0.972264304304304   3.85705150225777   2.62932632693006   2.80728756603971e-15   10.3331024200709
0.982287647647647   3.85703257432087   2.62933653381124   2.67617660455975e-15   10.333025851709
0.99231099099099   3.85700697349407   2.62935031178147   2.38406895362158e-15   10.3329225077672
1.00233433433433   3.85697262882201   2.62936875908688   2.00160784114302e-15   10.33278415899
1.01235767767768   3.85692692874847   2.6293932572704   1.92615709048009e-15   10.3326004553772
1.02238102102102   3.85686661384933   2.62942552634072   2.06005671578941e-15   10.332358514009
1.03240436436436   3.85678765855549   2.62946768529447   2.12390555263863e-15   10.3320424672566
1.04242770770771   3.85668514377175   2.62952231692606   2.11533784167402e-15   10.331632979532
1.05245105105105   3.85655312335437   2.62959253531923   2.70275928731548e-15   10.331106744832
1.06247439439439   3.85638448857443   2.62968205382735   3.32284175537034e-15   10.3304359817915
1.07249773773774   3.85617083590312   2.62979525075099   3.76984166253921e-15   10.3295879475186
1.08252108108108   3.8559023446261   2.62993722935448   4.09876702096316e-15   10.3285244958145
1.09254442442442   3.85556767182272   2.63011386838189   4.54496463698939e-15   10.3272017090726
1.10256776776777   3.85515387301847   2.63033185889535   4.85460782635667e-15   10.3255696357602
1.11259111111111   3.85464635721525   2.63059872312227   5.30965576131953e-15   10.3235721664653
1.12261445445445   3.85402888491499   2.63092281111532   5.63864953508286e-15   10.3211470806387
1.1326377977978   3.85328361709122   2.63131327143607   5.61246304859849e-15   10.3182262930643
1.14266114114114   3.85239122178277   2.63177999278765   5.66670840886182e-15   10.3147363236213
1.15268448448449   3.85133104308476   2.63233351453242   5.68803983947814e-15   10.3105990060933
1.16270782782783   3.8500813348563   2.63298490529831   5.37554069912277e-15   10.3057324419314
1.17273117117117   3.84861955857229   2.63374561033257   5.01764079564385e-15   10.3000521934932
1.18275451451452   3.84692274159462   2.63462726980992   4.75148838407801e-15   10.2934726990829
1.19277785785786   3.84496788894373   2.63564151183173   4.90835154306366e-15   10.2859088799637
1.2028012012012   3.84273243865314   2.63679972524745   4.89489526962243e-15   10.2772778983402
1.21282454454455   3.84019474822294   2.63811281857658   4.94803672945456e-15   10.2675010159969
1.22284788788789   3.8373345977583   2.6395909721196   4.80525203305066e-15   10.2565054966
1.23287123123123   3.83413369424034   2.64124339075583   5.26605419158489e-15   10.2442264911547
1.24289457457458   3.83057616111096   2.6430780649113   5.76117899248426e-15   10.2306088460284
1.25291791791792   3.82664899796683   2.64510154675304   6.08283960537676e-15   10.2156087762392
1.26294126126126   3.82234249657542   2.64731874787907   6.51128186694844e-15   10.1991953530326
1.27296460460461   3.81765060150851   2.64973276370492   6.95720819533836e-15   10.1813517635209
1.28298794794795   3.81257120624222   2.6523447284979   6.86070714327887e-15   10.1620763105596
1.29301129129129   3.80710637837972   2.6551537036884   6.93396480870471e-15   10.1413831322191
1.30303463463464   3.80126251048591   2.65815660079867   7.00421613716836e-15   10.1193026312956
1.31305797797798   3.7950503956772   2.66134813916769   6.90082964114655e-15   10.0958816155257
1.32308132132132   3.78848522940919   2.66472083768893   6.78926007002823e-15   10.0711831578682
1.33310466466467   3.78158654072538   2.66826503906607   6.71102854384339e-15   10.0452861929607
1.34312800800801   3.77437805749829   2.67196896465248   6.87001154614468e-15   10.0182848704081
1.35315135135135   3.76688751089082   2.67581879777253   6.68823694231939e-15   9.99028768788574
1.3631746946947   3.75914638442283   2.67979879350126   6.60626606260463e-15   9.96141642729763
1.37319803803804   3.7511896127185   2.6838914131598   6.93263488331387e-15   9.93180491574209
1.38322138138138   3.74305523434541   2.6880774822087   7.26750086043946e-15   9.90159763023443
1.39324472472473   3.73478400226974   2.69233637071889   7.62161343822535e-15   9.87094816154824
1.40326806806807   3.72641895449764   2.69664619609228   7.95978252909875e-15   9.84001754873622
1.41329141141141   3.71800494661037   2.70098404810844   7.96354417067469e-15   9.80897249247646
1.42331475475476   3.70958814729345   2.7053262366075   7.99836629294021e-15   9.77798345294534
1.4333380980981   3.70121549776029   2.70964856210228   8.28912462821546e-15   9.74722263698988
1.44336144144144   3.69293413631482   2.71392660927418   8.88981936206352e-15   9.71686188042806
1.45338478478479   3.68479079028971   2.71813606259396   9.12796304711188e-15   9.68707043469635
1.46340812812813   3.676831139297   2.72225304218862   9.22183875983251e-15   9.65801267297119
1.47343147147147   3.6690991561339   2.72625445655668   9.21708590649753e-15   9.62984573927371
1.48345481481482   3.66163643471835   2.73011836686354   9.30977858680892e-15   9.60271717460432
1.49347815815816   3.65448151791315   2.73382435543246   9.2911175443999e-15   9.57676256619799
1.50350150150151   3.64766924176162   2.73735388884541   9.40523726397112e-15   9.55210327855045
1.51352484484485   3.64123011613304   2.74069066399951   9.60168347185815e-15   9.52884433661691
1.52354818818819   3.6351897646179   2.74382092379064   9.39778678849551e-15   9.50707254095576
1.53357153153154   3.62956844824026   2.74673372809549   9.17899703888522e-15   9.48685489989516
1.54359487487488   3.62438069770571   2.74942116566286   8.66604006522855e-15   9.46823746344971
1.55361821821822   3.61963507711092   2.75187849361228   8.49618208299706e-15   9.45124463646192
1.56364156156157   3.61533409809954   2.75410419357826   8.50948499902028e-15   9.43587903364789
1.57366490490491   3.61147429738995   2.75609993709929   8.49984905911538e-15   9.42212191707685
1.58368824824825   3.60804648271819   2.75787045744052   8.31760490067189e-15   9.40993422824971
1.5937115915916   3.60503614310339   2.75942333030908   7.86695405398641e-15   9.39925819444649
1.60373493493494   3.60242400973992   2.76076867140113   8.06395523069523e-15   9.39001945522948
1.61375827827828   3.60018674467213   2.7619187638704   8.11566344798183e-15   9.38212962319534
1.62378162162163   3.59829772664032   2.76288763309967   8.42153146620312e-15   9.37548916652699
1.63380496496497   3.59672789790679   2.7636905891416   8.89228212030682e-15   9.36999048239011
1.64382830830831   3.59544663303937   2.76434375858082   9.25094004460714e-15   9.36552102163915
1.65385165165166   3.59442259078927   2.76486362725023   9.46133913127155e-15   9.36196632737317
1.663874994995   3.59362451324209   2.76526661331162   9.60275156218604e-15   9.35921286209567
1.67389833833834   3.5930219419187   2.76556868695798   9.93959616515455e-15   9.35715051894947
1.68392168168169   3.59258582778651   2.76578504881775   1.04271673465303e-14   9.35567473924298
1.69394502502503   3.59228902040619   2.76592987450339   1.12072944703736e-14   9.35468818834596
1.70396836836837   3.5921066298583   2.76601612811215   1.1618090242976e-14   9.35410197206734
1.71399171171172   3.59201626292847   2.76605544325485   1.18941979262554e-14   9.35383640323544
1.72401505505506   3.59199814169889   2.76605806666065   1.22169347336211e-14   9.3538213513862
1.7340383983984   3.59203511782317   2.76603285676293   1.20463129332007e-14   9.35399622597869
1.74406174174175   3.59211259918652   2.76598732797774   1.18475310047585e-14   9.35430965490821
1.75408508508509   3.59221840740092   2.7659277306031   1.16967732741994e-14   9.35471892545698
1.76410842842843   3.59234258483165   2.76585915628045   1.16037555752348e-14   9.35518925490852
1.77413177177178   3.59247716887127   2.76578565960604   1.12641977766203e-14   9.3556929538876
1.78415511511512   3.5926159492968   2.76571038757837   1.08599608066691e-14   9.35620853825848
1.79417845845846   3.5927542220933   2.76563570993825   1.06177488824142e-14   9.35671983630632
1.80420180180181   3.59288855040559   2.76556334494088   1.06483081523805e-14   9.35721512800899
1.81422514514515   3.59301654054195   2.76549447656539   1.03087497662242e-14   9.35768634336148
1.82424848848849   3.59313663839078   2.76542986051852   1.01407690044171e-14   9.3581283376006
1.83427183183184   3.59324794935418   2.7653699175646   1.00110240254562e-14   9.35853825323182
1.84429517517518   3.59335008302416   2.7653148136796   1.03918157098606e-14   9.35891497221484
1.85431851851853   3.59344302235313   2.76526452727423   1.07442086166677e-14   9.35925865658986
1.86434186186187   3.59352701598896   2.76521890427033   1.045304072953e-14   9.35957037216016
1.87436520520521   3.59360249171889   2.76517770216754   1.07592658926552e-14   9.35985178744572
1.88438854854856   3.59366998854331   2.76514062443273   1.08664843706042e-14   9.36010493878981
1.8944118918919   3.59373010471929   2.76510734661533   1.12189361972275e-14   9.3603320520219
1.90443523523524   3.59378345911498   2.76507753556798   1.09902005537345e-14   9.36053541124288
1.91445857857859   3.59383066334156   2.76505086306297   1.07328664816575e-14   9.36071726590717
1.92448192192193   3.59387230232967   2.76502701496532   1.06800760714955e-14   9.36087976826498
1.93450526526527   3.59390892124857   2.76500569697222   1.0647006440087e-14   9.36102493426036
1.94452860860862   3.59394101689408   2.76498663777198   1.03367677605638e-14   9.36115462205265
1.95455195195196   3.59396903186658   2.76496959032397   1.00436411505712e-14   9.36127052336692
1.9645752952953   3.5939933500021   2.76495433182128   9.99900338547871e-15   9.36137416383354
1.97459863863865   3.59401429158963   2.76494066277482   9.498447291968e-15   9.36146690932039
1.98462198198199   3.59403210689289   2.76492840555198   8.67805698528102e-15   9.36154997598079
1.99464532532533   3.59404696638677   2.76491740261603   7.77673694464917e-15   9.3616244423373
2.00466866866868   3.59405894590823   2.76490751464172   7.33539024260036e-15   9.36169126220191
2.01469201201202   3.59406800460939   2.76489861862792   6.44397862985314e-15   9.36175127760999
2.02471535535536   3.59407395318687   2.76489060608547   5.52388115245122e-15   9.36180523123351
2.03473869869871   3.59407640935887   2.76488338134752   4.47881967787684e-15   9.36185377795228
2.04476204204205   3.59407473698845   2.76487686002684   3.80282502049549e-15   9.36189749541592
2.05478538538539   3.59406796464207   2.7648709676293   2.6813486305787e-15   9.36193689353591
2.06480872872874   3.59405467877534   2.76486563832196   1.75027780825799e-15   9.36197242291763
2.07483207207208   3.59403288622035   2.76486081384793   1.25894856415692e-15   9.36200448228688
2.08485541541542   3.59399984029735   2.76485644257661   6.54009181868274e-16   9.36203342498991
2.09487875875877   3.59395182479469   2.7648524786759   -9.66188164502421e-18   9.3620595646577
2.10490210210211   3.59388389037679   2.76484888139282   -4.38186633799353e-16   9.36208318012805
2.11492544544545   3.59378953882413   2.76484561442943   -8.50561174574533e-16   9.36210451971579
2.1249487887888   3.59366035201543   2.76484264540157   -9.97809981076544e-16   9.36212380491538
2.13497213213214   3.59348556485247   2.76483994536951   -1.35291563130785e-15   9.36214123361192
2.14499547547548   3.59325158449536   2.76483748843048   -9.56668203314001e-16   9.36215698286845
2.15501881881883   3.59294146236347   2.76483525136448   -7.76249167170237e-16   9.36217121134875
2.16504216216217   3.5925343303413   2.76483321332588   -5.42484128374117e-17   9.36218406142699
2.17506550550551   3.59200481839344   2.7648313555744   2.54582811387622e-16   9.36219566102843
2.18508884884886   3.59132247712023   2.76482966123989   1.6079886785456e-16   9.36220612523908
2.1951121921922   3.59045123534068   2.76482811511621   4.78658632569944e-16   9.36221555771656
2.20513553553555   3.58934892912234   2.76482670348033   8.73068773917041e-16   9.36222405192966
2.21515887887889   3.58796694423619   2.76482541393306   9.21453266377107e-16   9.36223169224995
2.22518222222223   3.5862500181689   2.7648242352587   1.07696065452905e-15   9.36223855491536
2.23520556556558   3.58413624990849   2.76482315730094   1.1908183939628e-15   9.36224470888266
2.24522890890892   3.58155736508546   2.76482217085319   1.60952963850903e-15   9.36225021658299
2.25525225225226   3.57843928013506   2.76482126756116   1.85215581217506e-15   9.36225513459303
2.26527559559561   3.57470300153767   2.76482043983658   2.27518772669558e-15   9.36225951423192
2.27529893893895   3.570265884706   2.76481968078037   2.68022133606008e-15   9.36226340209296
2.28532228228229   3.56504326181954   2.76481898411424   2.84238154765237e-15   9.36226684051771
2.29534562562564   3.55895042928471   2.76481834411987   2.73472700453163e-15   9.36226986801897
2.30536896896898   3.55190496429844   2.76481775558452   2.65320256926821e-15   9.36227251965823
2.31539231231232   3.54382931732445   2.76481721375255   2.14969615440122e-15   9.36227482738249
2.32541565565567   3.53465360455296   2.76481671428201   1.6011356476354e-15   9.36227682032466
2.33543899899901   3.52431850321182   2.76481625320585   9.81663310800468e-16   9.36227852507121
2.34546234234235   3.51277813462819   2.76481582689709   4.8175931700708e-16   9.36227996590042
2.3554856856857   3.50000280685927   2.7648154320376   -5.53475112272301e-17   9.36228116499413
2.36550902902904   3.48598148198258   2.76481506558997   -3.41160737333975e-18   9.36228214262577
2.37553237237238   3.47072383388355   2.76481472477215   -1.78593297742024e-18   9.36228291732692
2.38555571571573   3.45426177126001   2.76481440703457   2.8159717695214e-16   9.36228350603491
2.39557905905907   3.43665031766887   2.76481411003932   5.08271179377539e-16   9.36228392422342
2.40560240240241   3.41796776524627   2.76481383164133   6.69742009547979e-16   9.36228418601803
2.41562574574576   3.398315050092   2.76481356987109   8.54906427543925e-16   9.36228430429873
2.4256490890891   3.37781433351894   2.76481332291893   1.13860181480024e-15   9.36228429079092
2.43567243243244   3.3566068122706   2.7648130891205   9.99845442588129e-16   9.36228415614657
2.44569577577579   3.33484981995532   2.76481286694354   1.41701777155501e-15   9.36228391001693
2.45571911911913   3.31271331877886   2.76481265497554   1.71868754931478e-15   9.36228356111818
2.46574246246247   3.29037591272153   2.76481245191237   1.93773828700613e-15   9.36228311729114
2.47576580580582   3.26802053844431   2.76481225654781   2.09251597497291e-15   9.36228258555588
2.48578914914916   3.24583000673988   2.76481206776369   1.97648676734553e-15   9.36228197216239
2.4958124924925   3.22398257419758   2.76481188452091   2.14642096510499e-15   9.36228128263766
2.50583583583585   3.20264772155257   2.76481170585091   2.13558260407423e-15   9.36228052183004
2.51585917917919   3.18198230227876   2.76481153084781   2.07760843833573e-15   9.36227969395089
2.52588252252253   3.16212720338136   2.76481135866112   1.57240033286251e-15   9.36227880261419
2.53590586586588   3.14320463164801   2.76481118848881   8.61381176733674e-16   9.36227785087398
2.54592920920922   3.12531610486269   2.76481101957094   3.01521735992953e-17   9.36227684125971
2.55595255255257   3.10854119097758   2.76481085118365   -6.7412275257468e-16   9.36227577580958
2.56597589589591   3.09293700134937   2.76481068263347   -1.99666283125309e-15   9.36227465610164
2.57599923923925   3.07853840914904   2.76481051325203   -3.40162370969598e-15   9.36227348328254
2.5860225825826   3.06535893294292   2.76481034239098   -4.93916245684701e-15   9.36227225809375
2.59604592592594   3.05339219981018   2.76481016941721   -6.50229161730461e-15   9.36227098089496
2.60606926926928   3.04261388330963   2.76480999370821   -8.1619695748055e-15   9.36226965168465
2.61609261261263   3.03298399970385   2.76480981464765   -9.13985580723675e-15   9.3622682701174
2.62611595595597   3.02444944113371   2.76480963162102   -9.9918565502341e-15   9.36226683551789
2.63613929929931   3.01694662647173   2.76480944401139   -1.07688527546755e-14   9.36226534689124
2.64616264264266   3.01040415853356   2.76480925119512   -1.14273591595066e-14   9.36226380292955
2.656185985986   3.00474538906113   2.76480905253753   -1.23970888691907e-14   9.36226220201398
2.66620932932934   2.99989080910072   2.76480884738822   -1.29831818280146e-14   9.36226054221185
2.67623267267269   2.99576020071082   2.7648086350761   -1.31426155950217e-14   9.36225882126713
2.68625601601603   2.99227450502062   2.76480841490338   -1.33036922436359e-14   9.36225703658174
2.69627935935937   2.98935738032095   2.76480818613802   -1.30500561855365e-14   9.36225518518254
2.70630270270272   2.98693644110733   2.76480794800316   -1.24775431607924e-14   9.36225326366423
2.71632604604606   2.98494418404646   2.76480769966086   -1.22318983297786e-14   9.36225126808944
2.7263493893894   2.98331861919906   2.76480744018526   -1.20748989577745e-14   9.36224919381048
2.73637273273275   2.98200363424499   2.76480716851574   -1.12911992089224e-14   9.36224703514461
2.74639607607609   2.98094912589116   2.764806883372   -1.09478871137305e-14   9.36224478477309
2.75641941941943   2.9801109362547   2.76480658309691   -1.06795722700595e-14   9.3622424326164
2.76644276276278   2.97945063309813   2.76480626536188   -1.07573450934126e-14   9.36223996371325
2.77646610610612   2.97893517173618   2.76480592661009   -1.05084135695132e-14   9.36223735420214
2.78648944944946   2.97853647365139   2.76480556100029   -1.01284751896196e-14   9.36223456368643
2.79651279279281   2.97823095274144   2.76480515839789   -1.00313123547153e-14   9.36223152070325
2.80653613613615   2.97799901497935   2.76480470054932   -9.73374910224791e-15   9.3622280950402
2.81655947947949   2.97782455122255   2.7648041537909   -9.65015600628057e-15   9.36222404496548
2.82658282282284   2.97769443577646   2.76480345514753   -9.20105464681501e-15   9.36221891660578
2.83660616616618   2.97759803437527   2.76480248582201   -8.91095277620586e-15   9.36221185204517
2.84662950950952   2.97752671279534   2.76480102063185   -8.67461611596495e-15   9.36220122330742
2.85665285285287   2.9774733178937   2.76479863156502   -8.50549622439424e-15   9.36218393420904
2.86667619619621   2.97743156968363   2.76479450381638   -8.23103991245471e-15   9.36215408868184
2.87669953953955   2.97739524308035   2.76478708488059   -8.41182937674096e-15   9.362100450675
2.8867228828829   2.97735690626541   2.76477341520127   -8.47622302004509e-15   9.36200159916407
2.89674622622624   2.97730577174904   2.76474785139819   -8.51285696377412e-15   9.3618166872174
2.90676956956958   2.9772238157352   2.76469963087576   -9.03107072068401e-15   9.36146781815243
2.91679291291293   2.97707855929217   2.76460822650626   -9.26321780969265e-15   9.36080643981651
2.92681625625627   2.97680945447143   2.7644344863777   -9.2585696320121e-15   9.35954928431643
2.93683959959962   2.97630206210734   2.76410373531399   -9.46259373116591e-15   9.35715632758182
2.94686294294296   2.97533898600914   2.76347354977803   -9.97330031856589e-15   9.35259855753997
2.9568862862863   2.9735066970278   2.76227231997078   -9.88016832552677e-15   9.34391702400307
2.96690962962965   2.97001909814451   2.75998217101719   -9.91947243153002e-15   9.32738909200438
2.97693297297299   2.96338551058372   2.7556160511935   -9.92572124818733e-15   9.29596471636194
2.98695631631633   2.95079360848726   2.74729406203466   -1.00682502111081e-14   9.23637961747738
2.99697965965968   2.92699058398299   2.73144105595847   -1.0215630407762e-14   9.12399142628972
3.00700300300302   2.88235521211155   2.70127815381807   -1.005418929516e-14   8.91413324567794
3.01702634634636   2.79993356658307   2.64403389141943   -9.51540172713572e-15   8.52971104372001
3.02704968968971   2.65213485026606   2.53600147904625   -8.28104452589209e-15   7.85057844048357
3.03707303303305   2.40143736935374   2.33483124780111   -7.34688175994551e-15   6.72965260309724
3.04709637637639   2.01842487063491   1.97306269354135   -5.51932956305889e-15   5.09858933441527
3.05711971971974   1.53585831499049   1.38295469278909   -3.10551197048731e-15   3.21171369579685
3.06714306306308   1.10304020792928   0.648841525737015   -9.93609831273986e-16   1.75302858011315
3.07716640640642   0.874444789929525   0.159480656755734   -1.39890520049749e-16   1.14764873773111
3.08718974974977   0.811662046860523   0.0240682750644229   -4.75286090933513e-17   1.0208022462627
3.09721309309311   0.801539156530952   0.00316339135435753   -2.02889816175161e-20   1.0026996297223
3.10723643643645   0.800197935943138   0.00040677257992757   -4.07052291791938e-27   1.00034648684273
3.1172597797798   0.800025377040244   5.21514730740205e-05   -2.58884475169301e-33   1.0000444114427
3.12728312312314   0.800003252297511   6.68368173484623e-06   -4.48490788326053e-40   1.00000569154728
3.13730646646648   0.800000416790913   8.56532252370052e-07   -6.31040247788845e-48   1.00000072938453
3.14732980980983   0.800000053412575   1.09766291191377e-07   -6.77645345390053e-57   1.00000009347201
3.15735315315317   0.800000006844921   1.40667551386181e-08   -5.04407162996271e-67   1.00000001197861
3.16737649649651   0.800000000877189   1.80268049116055e-09   -2.05921340811631e-78   1.00000000153508
3.17739983983986   0.800000000112413   2.31016515979335e-10   -1.5993981011479e-91   1.00000000019672
3.1874231831832   0.800000000014406   2.96047197011983e-11   -6.75253863190836e-105   1.00000000002521
3.19744652652654   0.800000000001846   3.79339645140235e-12   -2.64175703347338e-119   1.00000000000323
3.20746986986989   0.800000000000237   4.8575424824501e-13   -8.57054712090443e-135   1.00000000000041
3.21749321321323   0.80000000000003   6.20244663268747e-14   -2.32217482724041e-151   1.00000000000005
3.22751655655657   0.800000000000004   7.75404627012331e-15   -5.50070448810439e-169   1.00000000000001
3.23753989989992   0.8   8.77369133742957e-16   -1.20416572418812e-187   1
3.24756324324326   0.8   7.11380352096934e-17   -1.69368430038087e-207   1
3.2575865865866   0.8   0   0   1
3.26760992992995   0.8   0   0   1
3.27763327327329   0.8   0   0   1
3.28765661661664   0.8   0   0   1
3.29767995995998   0.8   0   0   1
3.30770330330332   0.8   0   0   1
3.31772664664667   0.8   0   0   1
3.32774998999001   0.8   0   0   1
3.33777333333335   0.8   0   0   1
3.3477966766767   0.8   0   0   1
3.35782002002004   0.8   0   0   1
3.36784336336338   0.8   0   0   1
3.37786670670673   0.8   0   0   1
3.38789005005007   0.8   0   0   1
3.39791339339341   0.8   0   0   1
3.40793673673676   0.8   0   0   1
3.4179600800801   0.8   0   0   1
3.42798342342344   0.8   0   0   1
3.43800676676679   0.8   0   0   1
3.44803011011013   0.8   0   0   1
3.45805345345347   0.8   0   0   1
3.46807679679682   0.8   0   0   1
3.47810014014016   0.8   0   0   1
3.4881234834835   0.8   0   0   1
3.49814682682685   0.8   0   0   1
3.50817017017019   0.8   0   0   1
3.51819351351353   0.8   0   0   1
3.52821685685688   0.8   0   0   1
3.53824020020022   0.8   0   0   1
3.54826354354356   0.8   0   0   1
3.55828688688691   0.8   0   0   1
3.56831023023025   0.8   0   0   1
3.57833357357359   0.8   0   0   1
3.58835691691694   0.8   0   0   1
3.59838026026028   0.8   0   0   1
3.60840360360362   0.8   0   0   1
3.61842694694697   0.8   0   0   1
3.62845029029031   0.8   0   0   1
3.63847363363366   0.8   0   0   1
3.648496976977   0.8   0   0   1
3.65852032032034   0.8   0   0   1
3.66854366366369   0.8   0   0   1
3.67856700700703   0.8   0   0   1
3.68859035035037   0.8   0   0   1
3.69861369369372   0.8   0   0   1
3.70863703703706   0.8   0   0   1
3.7186603803804   0.8   0   0   1
3.72868372372375   0.8   0   0   1
3.73870706706709   0.8   0   0   1
3.74873041041043   0.8   0   0   1
3.75875375375378   0.8   0   0   1
3.76877709709712   0.8   0   0   1
3.77880044044046   0.8   0   0   1
3.78882378378381   0.8   0   0   1
3.79884712712715   0.8   0   0   1
3.80887047047049   0.8   0   0   1
3.81889381381384   0.8   0   0   1
3.82891715715718   0.8   0   0   1
3.83894050050052   0.8   0   0   1
3.84896384384387   0.8   0   0   1
3.85898718718721   0.8   0   0   1
3.86901053053055   0.8   0   0   1
3.8790338738739   0.8   0   0   1
3.88905721721724   0.8   0   0   1
3.89908056056058   0.8   0   0   1
3.90910390390393   0.8   0   0   1
3.91912724724727   0.8   0   0   1
3.92915059059061   0.8   0   0   1
3.93917393393396   0.8   0   0   1
3.9491972772773   0.8   0   0   1
3.95922062062064   0.8   0   0   1
3.96924396396399   0.8   0   0   1
3.97926730730733   0.8   0   0   1
3.98929065065068   0.8   0   0   1
3.99931399399402   0.8   0   0   1
4.00933733733736   0.8   0   0   1
4.01936068068071   0.8   0   0   1
4.02938402402405   0.8   0   0   1
4.03940736736739   0.8   0   0   1
4.04943071071074   0.8   0   0   1
4.05945405405408   0.8   0   0   1
4.06947739739742   0.8   0   0   1
4.07950074074077   0.8   0   0   1
4.08952408408411   0.8   0   0   1
4.09954742742745   0.8   0   0   1
4.1095707707708   0.8   0   0   1
4.11959411411414   0.8   0   0   1
4.12961745745748   0.8   0   0   1
4.13964080080083   0.8   0   0   1
4.14966414414417   0.8   0   0   1
4.15968748748751   0.8   0   0   1
4.16971083083086   0.8   0   0   1
4.1797341741742   0.8   0   0   1
4.18975751751754   0.8   0   0   1
4.19978086086089   0.8   0   0   1
4.20980420420423   0.8   0   0   1
4.21982754754757   0.8   0   0   1
4.22985089089092   0.8   0   0   1
4.23987423423426   0.8   0   0   1
4.2498975775776   0.8   0   0   1
4.25992092092095   0.8   0   0   1
4.26994426426429   0.8   0   0   1
4.27996760760763   0.8   0   0   1
4.28999095095098   0.8   0   0   1
4.30001429429432   0.8   0   0   1
4.31003763763766   0.8   0   0   1
4.32006098098101   0.8   0   0   1
4.33008432432435   0.8   0   0   1
4.3401076676677   0.8   0   0   1
4.35013101101104   0.8   0   0   1
4.36015435435438   0.8   0   0   1
4.37017769769773   0.8   0   0   1
4.38020104104107   0.8   0   0   1
4.39022438438441   0.8   0   0   1
4.40024772772776   0.8   0   0   1
4.4102710710711   0.8   0   0   1
4.42029441441444   0.8   0   0   1
4.43031775775779   0.8   0   0   1
4.44034110110113   0.8   0   0   1
4.45036444444447   0.8   0   0   1
4.46038778778782   0.8   0   0   1
4.47041113113116   0.8   0   0   1
4.4804344744745   0.8   0   0   1
4.49045781781785   0.8   0   0   1
4.50048116116119   0.8   0   0   1
4.51050450450453   0.8   0   0   1
4.52052784784788   0.8   0   0   1
4.53055119119122   0.8   0   0   1
4.54057453453456   0.8   0   0   1
4.55059787787791   0.8   0   0   1
4.56062122122125   0.8   0   0   1
4.57064456456459   0.8   0   0   1
4.58066790790794   0.8   0   0   1
4.59069125125128   0.8   0   0   1
4.60071459459462   0.8   0   0   1
4.61073793793797   0.8   0   0   1
4.62076128128131   0.8   0   0   1
4.63078462462465   0.8   0   0   1
4.640807967968   0.8   0   0   1
4.65083131131134   0.8   0   0   1
4.66085465465468   0.8   0   0   1
4.67087799799803   0.8   0   0   1
4.68090134134137   0.8   0   0   1
4.69092468468472   0.8   0   0   1
4.70094802802806   0.8   0   0   1
4.7109713713714   0.8   0   0   1
4.72099471471475   0.8   0   0   1
4.73101805805809   0.8   0   0   1
4.74104140140143   0.8   0   0   1
4.75106474474478   0.8   0   0   1
4.76108808808812   0.8   0   0   1
4.77111143143146   0.8   0   0   1
4.78113477477481   0.8   0   0   1
4.79115811811815   0.8   0   0   1
4.80118146146149   0.8   0   0   1
4.81120480480484   0.8   0   0   1
4.82122814814818   0.8   0   0   1
4.83125149149152   0.8   0   0   1
4.84127483483487   0.8   0   0   1
4.85129817817821   0.8   0   0   1
4.86132152152155   0.8   0   0   1
4.8713448648649   0.8   0   0   1
4.88136820820824   0.8   0   0   1
4.89139155155158   0.8   0   0   1
4.90141489489493   0.8   0   0   1
4.91143823823827   0.8   0   0   1
4.92146158158161   0.8   0   0   1
4.93148492492496   0.8   0   0   1
4.9415082682683   0.8   0   0   1
4.95153161161164   0.8   0   0   1
4.96155495495499   0.8   0   0   1
4.97157829829833   0.8   0   0   1
4.98160164164167   0.8   0   0   1
4.99162498498502   0.8   0   0   1
5.00164832832836   0.8   0   0   1
5.0116716716717   0.8   0   0   1
5.02169501501505   0.8   0   0   1
5.03171835835839   0.8   0   0   1
5.04174170170173   0.8   0   0   1
5.05176504504508   0.8   0   0   1
5.06178838838842   0.8   0   0   1
5.07181173173177   0.8   0   0   1
5.08183507507511   0.8   0   0   1
5.09185841841845   0.8   0   0   1
5.1018817617618   0.8   0   0   1
5.11190510510514   0.8   0   0   1
5.12192844844848   0.8   0   0   1
5.13195179179183   0.8   0   0   1
5.14197513513517   0.8   0   0   1
5.15199847847851   0.8   0   0   1
5.16202182182186   0.8   0   0   1
5.1720451651652   0.8   0   0   1
5.18206850850854   0.8   0   0   1
5.19209185185189   0.8   0   0   1
5.20211519519523   0.8   0   0   1
5.21213853853857   0.8   0   0   1
5.22216188188192   0.8   0   0   1
5.23218522522526   0.8   0   0   1
5.2422085685686   0.8   0   0   1
5.25223191191195   0.8   0   0   1
5.26225525525529   0.8   0   0   1
5.27227859859863   0.8   0   0   1
5.28230194194198   0.8   0   0   1
5.29232528528532   0.8   0   0   1
5.30234862862866   0.8   0   0   1
5.31237197197201   0.8   0   0   1
5.32239531531535   0.8   0   0   1
5.33241865865869   0.8   0   0   1
5.34244200200204   0.8   0   0   1
5.35246534534538   0.8   0   0   1
5.36248868868872   0.8   0   0   1
5.37251203203207   0.8   0   0   1
5.38253537537541   0.8   0   0   1
5.39255871871875   0.8   0   0   1
5.4025820620621   0.8   0   0   1
5.41260540540544   0.8   0   0   1
5.42262874874879   0.8   0   0   1
5.43265209209213   0.8   0   0   1
5.44267543543547   0.8   0   0   1
5.45269877877882   0.8   0   0   1
5.46272212212216   0.8   0   0   1
5.4727454654655   0.8   0   0   1
5.48276880880885   0.8   0   0   1
5.49279215215219   0.8   0   0   1
5.50281549549553   0.8   0   0   1
5.51283883883888   0.8   0   0   1
5.52286218218222   0.8   0   0   1
5.53288552552556   0.8   0   0   1
5.54290886886891   0.8   0   0   1
5.55293221221225   0.8   0   0   1
5.56295555555559   0.8   0   0   1
5.57297889889894   0.8   0   0   1
5.58300224224228   0.8   0   0   1
5.59302558558562   0.8   0   0   1
5.60304892892897   0.8   0   0   1
5.61307227227231   0.8   0   0   1
5.62309561561565   0.8   0   0   1
5.633118958959   0.8   0   0   1
5.64314230230234   0.8   0   0   1
5.65316564564568   0.8   0   0   1
5.66318898898903   0.8   0   0   1
5.67321233233237   0.8   0   0   1
5.68323567567571   0.8   0   0   1
5.69325901901906   0.8   0   0   1
5.7032823623624   0.8   0   0   1
5.71330570570574   0.8   0   0   1
5.72332904904909   0.8   0   0   1
5.73335239239243   0.8   0   0   1
5.74337573573577   0.8   0   0   1
5.75339907907912   0.8   0   0   1
5.76342242242246   0.8   0   0   1
5.77344576576581   0.8   0   0   1
5.78346910910915   0.8   0   0   1
5.79349245245249   0.8   0   0   1
5.80351579579584   0.8   0   0   1
5.81353913913918   0.8   0   0   1
5.82356248248252   0.8   0   0   1
5.83358582582587   0.8   0   0   1
5.84360916916921   0.8   0   0   1
5.85363251251255   0.8   0   0   1
5.8636558558559   0.8   0   0   1
5.87367919919924   0.8   0   0   1
5.88370254254258   0.8   0   0   1
5.89372588588593   0.8   0   0   1
5.90374922922927   0.8   0   0   1
5.91377257257261   0.8   0   0   1
5.92379591591596   0.8   0   0   1
5.9338192592593   0.8   0   0   1
5.94384260260264   0.8   0   0   1
5.95386594594599   0.8   0   0   1
5.96388928928933   0.8   0   0   1
5.97391263263267   0.8   0   0   1
5.98393597597602   0.8   0   0   1
5.99395931931936   0.8   0   0   1
6.0039826626627   0.8   0   0   1
6.01400600600605   0.8   0   0   1
6.02402934934939   0.8   0   0   1
6.03405269269273   0.8   0   0   1
6.04407603603608   0.8   0   0   1
6.05409937937942   0.8   0   0   1
6.06412272272276   0.8   0   0   1
6.07414606606611   0.8   0   0   1
6.08416940940945   0.8   0   0   1
6.09419275275279   0.8   0   0   1
6.10421609609614   0.8   0   0   1
6.11423943943948   0.8   0   0   1
6.12426278278283   0.8   0   0   1
6.13428612612617   0.8   0   0   1
6.14430946946951   0.8   0   0   1
6.15433281281286   0.8   0   0   1
6.1643561561562   0.8   0   0   1
6.17437949949954   0.8   0   0   1
6.18440284284289   0.8   0   0   1
6.19442618618623   0.8   0   0   1
6.20444952952957   0.8   0   0   1
6.21447287287292   0.8   0   0   1
6.22449621621626   0.8   0   0   1
6.2345195595596   0.8   0   0   1
6.24454290290295   0.8   0   0   1
6.25456624624629   0.8   0   0   1
6.26458958958963   0.8   0   0   1
6.27461293293298   0.8   0   0   1
6.28463627627632   0.8   0   0   1
6.29465961961966   0.8   0   0   1
6.30468296296301   0.8   0   0   1
6.31470630630635   0.8   0   0   1
6.32472964964969   0.8   0   0   1
6.33475299299304   0.8   0   0   1
6.34477633633638   0.8   0   0   1
6.35479967967972   0.8   0   0   1
6.36482302302307   0.8   0   0   1
6.37484636636641   0.8   0   0   1
6.38486970970975   0.8   0   0   1
6.3948930530531   0.8   0   0   1
6.40491639639644   0.8   0   0   1
6.41493973973978   0.8   0   0   1
6.42496308308313   0.8   0   0   1
6.43498642642647   0.8   0   0   1
6.44500976976981   0.8   0   0   1
6.45503311311316   0.8   0   0   1
6.4650564564565   0.8   0   0   1
6.47507979979985   0.8   0   0   1
6.48510314314319   0.8   0   0   1
6.49512648648653   0.8   0   0   1
6.50514982982988   0.8   0   0   1
6.51517317317322   0.8   0   0   1
6.52519651651656   0.8   0   0   1
6.53521985985991   0.8   0   0   1
6.54524320320325   0.8   0   0   1
6.55526654654659   0.8   0   0   1
6.56528988988994   0.8   0   0   1
6.57531323323328   0.8   0   0   1
6.58533657657662   0.8   0   0   1
6.59535991991997   0.8   0   0   1
6.60538326326331   0.8   0   0   1
6.61540660660665   0.8   0   0   1
6.62542994995   0.8   0   0   1
6.63545329329334   0.8   0   0   1
6.64547663663668   0.8   0   0   1
6.65549997998003   0.8   0   0   1
6.66552332332337   0.8   0   0   1
6.67554666666671   0.8   0   0   1
6.68557001001006   0.8   0   0   1
6.6955933533534   0.8   0   0   1
6.70561669669674   0.8   0   0   1
6.71564004004009   0.8   0   0   1
6.72566338338343   0.8   0   0   1
6.73568672672677   0.8   0   0   1
6.74571007007012   0.8   0   0   1
6.75573341341346   0.8   0   0   1
6.7657567567568   0.8   0   0   1
6.77578010010015   0.8   0   0   1
6.78580344344349   0.8   0   0   1
6.79582678678683   0.8   0   0   1
6.80585013013018   0.8   0   0   1
6.81587347347352   0.8   0   0   1
6.82589681681686   0.8   0   0   1
6.83592016016021   0.8   0   0   1
6.84594350350355   0.8   0   0   1
6.8559668468469   0.8   0   0   1
6.86599019019024   0.8   0   0   1
6.87601353353358   0.8   0   0   1
6.88603687687693   0.8   0   0   1
6.89606022022027   0.8   0   0   1
6.90608356356361   0.8   0   0   1
6.91610690690696   0.8   0   0   1
6.9261302502503   0.8   0   0   1
6.93615359359364   0.8   0   0   1
6.94617693693699   0.8   0   0   1
6.95620028028033   0.8   0   0   1
6.96622362362367   0.8   0   0   1
6.97624696696702   0.8   0   0   1
6.98627031031036   0.8   0   0   1
6.9962936536537   0.8   0   0   1
7.00631699699705   0.8   0   0   1
7.01634034034039   0.8   0   0   1
7.02636368368373   0.8   0   0   1
7.03638702702708   0.8   0   0   1
7.04641037037042   0.8   0   0   1
7.05643371371376   0.8   0   0   1
7.06645705705711   0.8   0   0   1
7.07648040040045   0.8   0   0   1
7.08650374374379   0.8   0   0   1
7.09652708708714   0.8   0   0   1
7.10655043043048   0.8   0   0   1
7.11657377377382   0.8   0   0   1
7.12659711711717   0.8   0   0   1
7.13662046046051   0.8   0   0   1
7.14664380380385   0.8   0   0   1
7.1566671471472   0.8   0   0   1
7.16669049049054   0.8   0   0   1
7.17671383383388   0.8   0   0   1
7.18673717717723   0.8   0   0   1
7.19676052052057   0.8   0   0   1
7.20678386386392   0.8   0   0   1
7.21680720720726   0.8   0   0   1
7.2268305505506   0.8   0   0   1
7.23685389389395   0.8   0   0   1
7.24687723723729   0.8   0   0   1
7.25690058058063   0.8   0   0   1
7.26692392392398   0.8   0   0   1
7.27694726726732   0.8   0   0   1
7.28697061061066   0.8   0   0   1
7.29699395395401   0.8   0   0   1
7.30701729729735   0.8   0   0   1
7.31704064064069   0.8   0   0   1
7.32706398398404   0.8   0   0   1
7.33708732732738   0.8   0   0   1
7.34711067067072   0.8   0   0   1
7.35713401401407   0.8   0   0   1
7.36715735735741   0.8   0   0   1
7.37718070070075   0.8   0   0   1
7.3872040440441   0.8   0   0   1
7.39722738738744   0.8   0   0   1
7.40725073073078   0.8   0   0   1
7.41727407407413   0.8   0   0   1
7.42729741741747   0.8   0   0   1
7.43732076076081   0.8   0   0   1
7.44734410410416   0.8   0   0   1
7.4573674474475   0.8   0   0   1
7.46739079079084   0.8   0   0   1
7.47741413413419   0.8   0   0   1
7.48743747747753   0.8   0   0   1
7.49746082082087   0.8   0   0   1
7.50748416416422   0.8   0   0   1
7.51750750750756   0.8   0   0   1
7.5275308508509   0.8   0   0   1
7.53755419419425   0.8   0   0   1
7.54757753753759   0.8   0   0   1
7.55760088088094   0.8   0   0   1
7.56762422422428   0.8   0   0   1
7.57764756756762   0.8   0   0   1
7.58767091091097   0.8   0   0   1
7.59769425425431   0.8   0   0   1
7.60771759759765   0.8   0   0   1
7.617740940941   0.8   0   0   1
7.62776428428434   0.8   0   0   1
7.63778762762768   0.8   0   0   1
7.64781097097103   0.8   0   0   1
7.65783431431437   0.8   0   0   1
7.66785765765771   0.8   0   0   1
7.67788100100106   0.8   0   0   1
7.6879043443444   0.8   0   0   1
7.69792768768774   0.8   0   0   1
7.70795103103109   0.8   0   0   1
7.71797437437443   0.8   0   0   1
7.72799771771777   0.8   0   0   1
7.73802106106112   0.8   0   0   1
7.74804440440446   0.8   0   0   1
7.7580677477478   0.8   0   0   1
7.76809109109115   0.8   0   0   1
7.77811443443449   0.8   0   0   1
7.78813777777783   0.8   0   0   1
7.79816112112118   0.8   0   0   1
7.80818446446452   0.8   0   0   1
7.81820780780786   0.8   0   0   1
7.82823115115121   0.8   0   0   1
7.83825449449455   0.8   0   0   1
7.84827783783789   0.8   0   0   1
7.85830118118124   0.8   0   0   1
7.86832452452458   0.8   0   0   1
7.87834786786792   0.8   0   0   1
7.88837121121127   0.8   0   0   1
7.89839455455461   0.8   0   0   1
7.90841789789796   0.8   0   0   1
7.9184412412413   0.8   0   0   1
7.92846458458464   0.8   0   0   1
7.93848792792799   0.8   0   0   1
7.94851127127133   0.8   0   0   1
7.95853461461467   0.8   0   0   1
7.96855795795802   0.8   0   0   1
7.97858130130136   0.8   0   0   1
7.9886046446447   0.8   0   0   1
7.99862798798805   0.8   0   0   1
8.00865133133139   0.8   0   0   1
8.01867467467473   0.8   0   0   1
8.02869801801808   0.8   0   0   1
8.03872136136142   0.8   0   0   1
8.04874470470476   0.8   0   0   1
8.05876804804811   0.8   0   0   1
8.06879139139145   0.8   0   0   1
8.07881473473479   0.8   0   0   1
8.08883807807814   0.8   0   0   1
8.09886142142148   0.8   0   0   1
8.10888476476482   0.8   0   0   1
8.11890810810817   0.8   0   0   1
8.12893145145151   0.8   0   0   1
8.13895479479485   0.8   0   0   1
8.1489781381382   0.8   0   0   1
8.15900148148154   0.8   0   0   1
8.16902482482488   0.8   0   0   1
8.17904816816823   0.8   0   0   1
8.18907151151157   0.8   0   0   1
8.19909485485491   0.8   0   0   1
8.20911819819826   0.8   0   0   1
8.2191415415416   0.8   0   0   1
8.22916488488494   0.8   0   0   1
8.23918822822829   0.8   0   0   1
8.24921157157163   0.8   0   0   1
8.25923491491498   0.8   0   0   1
8.26925825825832   0.8   0   0   1
8.27928160160166   0.8   0   0   1
8.28930494494501   0.8   0   0   1
8.29932828828835   0.8   0   0   1
8.30935163163169   0.8   0   0   1
8.31937497497504   0.8   0   0   1
8.32939831831838   0.8   0   0   1
8.33942166166172   0.8   0   0   1
8.34944500500507   0.8   0   0   1
8.35946834834841   0.8   0   0   1
8.36949169169175   0.8   0   0   1
8.3795150350351   0.8   0   0   1
8.38953837837844   0.8   0   0   1
8.39956172172178   0.8   0   0   1
8.40958506506513   0.8   0   0   1
8.41960840840847   0.8   0   0   1
8.42963175175181   0.8   0   0   1
8.43965509509516   0.8   0   0   1
8.4496784384385   0.8   0   0   1
8.45970178178184   0.8   0   0   1
8.46972512512519   0.8   0   0   1
8.47974846846853   0.8   0   0   1
8.48977181181187   0.8   0   0   1
8.49979515515522   0.8   0   0   1
8.50981849849856   0.8   0   0   1
8.5198418418419   0.8   0   0   1
8.52986518518525   0.8   0   0   1
8.53988852852859   0.8   0   0   1
8.54991187187193   0.8   0   0   1
8.55993521521528   0.8   0   0   1
8.56995855855862   0.8   0   0   1
8.57998190190196   0.8   0   0   1
8.59000524524531   0.8   0   0   1
8.60002858858865   0.8   0   0   1
8.610051931932   0.8   0   0   1
8.62007527527534   0.8   0   0   1
8.63009861861868   0.8   0   0   1
8.64012196196203   0.8   0   0   1
8.65014530530537   0.8   0   0   1
8.66016864864871   0.8   0   0   1
8.67019199199206   0.8   0   0   1
8.6802153353354   0.8   0   0   1
8.69023867867874   0.8   0   0   1
8.70026202202209   0.8   0   0   1
8.71028536536543   0.8   0   0   1
8.72030870870877   0.8   0   0   1
8.73033205205212   0.8   0   0   1
8.74035539539546   0.8   0   0   1
8.7503787387388   0.8   0   0   1
8.76040208208215   0.8   0   0   1
8.77042542542549   0.8   0   0   1
8.78044876876883   0.8   0   0   1
8.79047211211218   0.8   0   0   1
8.80049545545552   0.8   0   0   1
8.81051879879886   0.8   0   0   1
8.82054214214221   0.8   0   0   1
8.83056548548555   0.8   0   0   1
8.84058882882889   0.8   0   0   1
8.85061217217224   0.8   0   0   1
8.86063551551558   0.8   0   0   1
8.87065885885892   0.8   0   0   1
8.88068220220227   0.8   0   0   1
8.89070554554561   0.8   0   0   1
8.90072888888895   0.8   0   0   1
8.9107522322323   0.8   0   0   1
8.92077557557564   0.8   0   0   1
8.93079891891898   0.8   0   0   1
8.94082226226233   0.8   0   0   1
8.95084560560567   0.8   0   0   1
8.96086894894901   0.8   0   0   1
8.97089229229236   0.8   0   0   1
8.9809156356357   0.8   0   0   1
8.99093897897905   0.8   0   0   1
9.00096232232239   0.8   0   0   1
9.01098566566573   0.8   0   0   1
9.02100900900908   0.8   0   0   1
9.03103235235242   0.8   0   0   1
9.04105569569576   0.8   0   0   1
9.05107903903911   0.8   0   0   1
9.06110238238245   0.8   0   0   1
9.07112572572579   0.8   0   0   1
9.08114906906914   0.8   0   0   1
9.09117241241248   0.8   0   0   1
9.10119575575582   0.8   0   0   1
9.11121909909917   0.8   0   0   1
9.12124244244251   0.8   0   0   1
9.13126578578585   0.8   0   0   1
9.1412891291292   0.8   0   0   1
9.15131247247254   0.8   0   0   1
9.16133581581588   0.8   0   0   1
9.17135915915923   0.8   0   0   1
9.18138250250257   0.8   0   0   1
9.19140584584591   0.8   0   0   1
9.20142918918926   0.8   0   0   1
9.2114525325326   0.8   0   0   1
9.22147587587594   0.8   0   0   1
9.23149921921929   0.8   0   0   1
9.24152256256263   0.8   0   0   1
9.25154590590597   0.8   0   0   1
9.26156924924932   0.8   0   0   1
9.27159259259266   0.8   0   0   1
9.281615935936   0.8   0   0   1
9.29163927927935   0.8   0   0   1
9.30166262262269   0.8   0   0   1
9.31168596596603   0.8   0   0   1
9.32170930930938   0.8   0   0   1
9.33173265265272   0.8   0   0   1
9.34175599599607   0.8   0   0   1
9.35177933933941   0.8   0   0   1
9.36180268268275   0.8   0   0   1
9.3718260260261   0.8   0   0   1
9.38184936936944   0.8   0   0   1
9.39187271271278   0.8   0   0   1
9.40189605605613   0.8   0   0   1
9.41191939939947   0.8   0   0   1
9.42194274274281   0.8   0   0   1
9.43196608608616   0.8   0   0   1
9.4419894294295   0.8   0   0   1
9.45201277277284   0.8   0   0   1
9.46203611611619   0.8   0   0   1
9.47205945945953   0.8   0   0   1
9.48208280280287   0.8   0   0   1
9.49210614614622   0.8   0   0   1
9.50212948948956   0.8   0   0   1
9.5121528328329   0.8   0   0   1
9.52217617617625   0.8   0   0   1
9.53219951951959   0.8   0   0   1
9.54222286286293   0.8   0   0   1
9.55224620620628   0.8   0   0   1
9.56226954954962   0.8   0   0   1
9.57229289289296   0.8   0   0   1
9.58231623623631   0.8   0   0   1
9.59233957957965   0.8   0   0   1
9.60236292292299   0.8   0   0   1
9.61238626626634   0.8   0   0   1
9.62240960960968   0.8   0   0   1
9.63243295295302   0.8   0   0   1
9.64245629629637   0.8   0   0   1
9.65247963963971   0.8   0   0   1
9.66250298298305   0.8   0   0   1
9.6725263263264   0.8   0   0   1
9.68254966966974   0.8   0   0   1
9.69257301301309   0.8   0   0   1
9.70259635635643   0.8   0   0   1
9.71261969969977   0.8   0   0   1
9.72264304304312   0.8   0   0   1
9.73266638638646   0.8   0   0   1
9.7426897297298   0.8   0   0   1
9.75271307307315   0.8   0   0   1
9.76273641641649   0.8   0   0   1
9.77275975975983   0.8   0   0   1
9.78278310310318   0.8   0   0   1
9.79280644644652   0.8   0   0   1
9.80282978978986   0.8   0   0   1
9.81285313313321   0.8   0   0   1
9.82287647647655   0.8   0   0   1
9.83289981981989   0.8   0   0   1
9.84292316316324   0.8   0   0   1
9.85294650650658   0.8   0   0   1
9.86296984984992   0.8   0   0   1
9.87299319319327   0.8   0   0   1
9.88301653653661   0.8   0   0   1
9.89303987987995   0.8   0   0   1
9.9030632232233   0.8   0   0   1
9.91308656656664   0.8   0   0   1
9.92310990990998   0.8   0   0   1
9.93313325325333   0.8   0   0   1
9.94315659659667   0.8   0   0   1
9.95317993994001   0.8   0   0   1
9.96320328328336   0.8   0   0   1
9.9732266266267   0.8   0   0   1
9.98324996997004   0.8   0   0   1
9.99327331331339   0.8   0   0   1
10.0032966566567   0.8   0   0   1
10.0133200000001   0.8   0   0   1
