variables = x,rho,u,v,p
0   3.8571   2.6293   0   10.3333
0.0100233433433433   3.8571   2.6293   0   10.3333
0.0200466866866867   3.8571   2.6293   0   10.3333
0.03007003003003   3.8571   2.6293   0   10.3333
0.0400933733733734   3.8571   2.6293   0   10.3333
0.0501167167167167   3.8571   2.6293   0   10.3333
0.0601400600600601   3.8571   2.6293   0   10.3333
0.0701634034034034   3.8571   2.6293   0   10.3333
0.0801867467467468   3.8571   2.6293   0   10.3333
0.0902100900900901   3.8571   2.6293   0   10.3333
0.100233433433433   3.8571   2.6293   0   10.3333
0.110256776776777   3.8571   2.6293   0   10.3333
0.12028012012012   3.8571   2.6293   0   10.3333
0.130303463463463   3.8571   2.6293   0   10.3333
0.140326806806807   3.8571   2.6293   0   10.3333
0.15035015015015   3.8571   2.6293   0   10.3333
0.160373493493494   3.8571   2.6293   0   10.3333
0.170396836836837   3.8571   2.6293   0   10.3333
0.18042018018018   3.8571   2.6293   0   10.3333
0.190443523523524   3.8571   2.6293   0   10.3333
0.200466866866867   3.8571   2.6293   0   10.3333
0.21049021021021   3.8571   2.6293   0   10.3333
0.220513553553554   3.8571   2.6293   0   10.3333
0.230536896896897   3.8571   2.6293   0   10.3333
0.24056024024024   3.8571   2.6293   0   10.3333
0.250583583583584   3.8571   2.6293   0   10.3333
0.260606926926927   3.8571   2.6293   0   10.3333
0.27063027027027   3.8571   2.6293   0   10.3333
0.280653613613614   3.8571   2.6293   0   10.3333
0.290676956956957   3.8571   2.6293   0   10.3333
0.3007003003003   3.8571   2.6293   0   10.3333
0.310723643643644   3.8571   2.6293   0   10.3333
0.320746986986987   3.8571   2.6293   0   10.3333
0.330770330330331   3.8571   2.6293   0   10.3333
0.340793673673674   3.8571   2.6293   0   10.3333
0.350817017017017   3.8571   2.6293   0   10.3333
0.360840360360361   3.8571   2.6293   0   10.3333
0.370863703703704   3.8571   2.6293   0   10.3333
0.380887047047047   3.8571   2.6293   0   10.3333
0.390910390390391   3.8571   2.6293   0   10.3333
0.400933733733734   3.8571   2.6293   0   10.3333
0.410957077077078   3.8571   2.6293   0   10.3333
0.420980420420421   3.8571   2.6293   0   10.3333
0.431003763763764   3.8571   2.6293   0   10.3333
0.441027107107108   3.8571   2.6293   0   10.3333
0.451050450450451   3.8571   2.6293   0   10.3333
0.461073793793794   3.8571   2.6293   0   10.3333
0.471097137137138   3.8571   2.6293   0   10.3333
0.481120480480481   3.8571   2.6293   0   10.3333
0.491143823823825   3.8571   2.6293   0   10.3333
0.501167167167168   3.8571   2.6293   0   10.3333
0.511190510510511   3.8571   2.6293   0   10.3333
0.521213853853855   3.8571   2.6293   0   10.3333
0.531237197197198   3.8571   2.6293   0   10.3333
0.541260540540541   3.8571   2.6293   -2.41941847812721e-16   10.3333
0.551283883883884   3.85709999999999   2.6293   -4.87441194990127e-16   10.3333
0.561307227227228   3.85709999999997   2.62930000000002   -4.61255954767931e-16   10.3332999999999
0.571330570570571   3.85709999999992   2.62930000000005   -2.90609475117253e-16   10.3332999999996
0.581353913913914   3.85709999999982   2.62930000000011   1.63337361230624e-17   10.3332999999992
0.591377257257258   3.85709999999962   2.62930000000023   1.99367271586477e-16   10.3332999999983
0.601400600600601   3.85709999999923   2.62930000000045   5.00547555527992e-16   10.3332999999966
0.611423943943944   3.85709999999849   2.62930000000089   4.19372999727759e-16   10.3332999999932
0.621447287287288   3.85709999999704   2.62930000000174   4.08614426391391e-16   10.3332999999868
0.631470630630631   3.85709999999428   2.62930000000336   2.09886219229443e-16   10.3332999999746
0.641493973973974   3.85709999998906   2.62930000000641   1.1425961325316e-16   10.3332999999516
0.651517317317318   3.85709999997926   2.62930000001213   7.07654309387751e-17   10.3332999999085
0.661540660660661   3.85709999996104   2.62930000002273   -7.44472649136546e-18   10.3332999998285
0.671564004004004   3.85709999992749   2.62930000004222   -3.52471210011833e-16   10.3332999996817
0.681587347347348   3.85709999986628   2.62930000007768   -3.62061396575994e-16   10.3332999994144
0.691610690690691   3.85709999975562   2.62930000014164   -1.73854459292617e-16   10.3332999989324
0.701634034034034   3.85709999955744   2.62930000025592   2.42759795171911e-16   10.3332999980714
0.711657377377378   3.85709999920583   2.6293000004582   5.5071618140553e-16   10.3332999965476
0.721680720720721   3.85709999858784   2.6293000008129   4.7874739620159e-16   10.333299993876
0.731704064064064   3.85709999751183   2.62930000142903   5.40706749045615e-16   10.333299989236
0.741727407407408   3.8570999956559   2.62930000248925   6.13237135997519e-16   10.3332999812529
0.751750750750751   3.85709999248483   2.62930000429651   6.70728718081198e-16   10.333299967647
0.761774094094094   3.85709998711769   2.62930000734815   6.23166187261727e-16   10.3332999446764
0.771797437437437   3.8570999781193   2.62930001245238   7.67661992957092e-16   10.3332999062614
0.781820780780781   3.85709996317542   2.62930002090911   6.14544127536361e-16   10.3332998426248
0.791844124124124   3.85709993859257   2.62930003478767   6.12820654189488e-16   10.3332997382056
0.801867467467467   3.85709989853695   2.62930005734811   7.9745550178979e-16   10.3332995684921
0.811890810810811   3.85709983388966   2.62930009367309   9.41600749118937e-16   10.3332992952756
0.821914154154154   3.85709973054555   2.62930015160407   1.02109815997568e-15   10.3332988596182
0.831937497497497   3.85709956691564   2.62930024311166   1.2467535571929e-15   10.3332981715611
0.841960840840841   3.85709931030511   2.62930038627688   1.33775820288514e-15   10.3332970952499
0.851984184184184   3.85709891172622   2.62930060811965   1.36371609571993e-15   10.3332954277001
0.862007527527527   3.85709829856385   2.62930094858572   1.32949941876e-15   10.3332928688744
0.872030870870871   3.85709736433886   2.62930146609325   1.38471910545029e-15   10.3332889800624
0.882054214214214   3.85709595460949   2.62930224514687   1.01817491120929e-15   10.3332831267577
0.892077557557557   3.85709384781658   2.62930340664762   1.03389678937603e-15   10.3332744013273
0.902100900900901   3.85709072962042   2.62930512165831   6.46459773970391e-16   10.3332615197864
0.912124244244244   3.85708615900967   2.6293076295177   3.98024520936456e-16   10.3332426859934
0.922147587587587   3.85707952420525   2.62931126132264   2.74517491411881e-16   10.3332154156459
0.932170930930931   3.85706998616584   2.62931646989802   9.30003082223486e-17   10.3331763117071
0.942194274274274   3.85705640736503   2.62932386743015   1.46438679949701e-16   10.3331207824938
0.952217617617617   3.85703726350401   2.6293342719227   3.69573613736863e-16   10.3330426937889
0.96224096096096   3.8570105360055   2.62934876351677   6.37311769598791e-16   10.3329339472469
0.972264304304304   3.856973583567   2.62936875146679   1.07204125817609e-15   10.3327839792641
0.982287647647647   3.85692299179682   2.62939605215053   1.38981818847096e-15   10.3325791776144
0.99231099099099   3.85685440106558   2.62943297789221   1.96728340434218e-15   10.3323022177009
1.00233433433433   3.85676231421332   2.62948243557893   2.58599133673458e-15   10.3319313263225
1.01235767767768   3.85663988765574   2.62954803305748   3.08206680374792e-15   10.3314394883854
1.02238102102102   3.8564787116911   2.62963419014107   3.76999749589215e-15   10.3307936207818
1.03240436436436   3.85626858831994   2.62974624978952   4.18414500182107e-15   10.3299537472818
1.04242770770771   3.8559973174949   2.6298905837409   4.73541304967905e-15   10.3288722180885
1.05245105105105   3.85565050519523   2.63007468568518   5.11229835355082e-15   10.3274930267925
1.06247439439439   3.85521140879933   2.63030724412002   5.52438750447995e-15   10.325751284769
1.07249773773774   3.85466083660713   2.63059818646668   5.92014994810275e-15   10.3235729174365
1.08252108108108   3.85397711874598   2.63095868599212   6.23606608104049e-15   10.3208746471212
1.09254442442442   3.85313616582171   2.63140112369795   6.56256119263575e-15   10.3175643226315
1.10256776776777   3.85211162938407   2.63193899866108   6.64122798118762e-15   10.3135416454947
1.11259111111111   3.85087517452226   2.63258678234162   6.63575414222445e-15   10.3086993271112
1.12261445445445   3.84939686980859   2.6333597150259   6.8145644048489e-15   10.3029246904295
1.1326377977978   3.84764569365076   2.63427354567799   6.92645505132371e-15   10.2961017053766
1.14266114114114   3.84559014933541   2.63534421979681   6.98241766358625e-15   10.2881134209842
1.15268448448449   3.84319897419864   2.63658752313223   6.56678678317371e-15   10.2788447311501
1.16270782782783   3.84044192204992   2.63801869200785   6.36987611827357e-15   10.2681853876063
1.17273117117117   3.8372905927872   2.63965200326015   6.07394568983478e-15   10.2560331551485
1.18275451451452   3.83371927955919   2.64150035822465   5.88858418068765e-15   10.2422969922705
1.19277785785786   3.82970580217713   2.64357487566286   5.63889437392734e-15   10.2269001361504
1.2028012012012   3.8252322958711   2.64588450801583   5.37853864566121e-15   10.2097829747031
1.21282454454455   3.82028592682406   2.64843569398267   5.3196071546935e-15   10.1909055995851
1.22284788788789   3.81485950990025   2.65123205833664   5.35706829242789e-15   10.1702499512857
1.23287123123123   3.80895200916114   2.65427416734913   5.1923760455032e-15   10.1478214888763
1.24289457457458   3.80256890758679   2.6575593454645   5.34616228805822e-15   10.123650340463
1.25291791791792   3.79572243832958   2.66108155622202   5.60274155563073e-15   10.0977919136789
1.26294126126126   3.78843167530296   2.66483134808479   6.04309782564754e-15   10.0703269667279
1.27296460460461   3.78072248553064   2.66879586398298   6.35459158802993e-15   10.041361157994
1.28298794794795   3.77262734916911   2.67295891211311   6.76591095876225e-15   10.0110241050933
1.29301129129129   3.76418505533756   2.67730109488358   6.9455504596095e-15   9.9794679920766
1.30303463463464   3.75544028286486   2.68179999281955   6.95658373602259e-15   9.94686576648039
1.31305797797798   3.74644307495323   2.68643040062967   6.99454075386614e-15   9.91340896677305
1.32308132132132   3.7372482158368   2.69116461334   6.75677318370509e-15   9.879305216562
1.33310466466467   3.72791451614246   2.69597276121891   6.70989742446886e-15   9.84477541611332
1.34312800800801   3.71850401226146   2.70082319293208   6.38336728830807e-15   9.81005065587361
1.35315135135135   3.70908108405696   2.70568290674536   5.66810827153374e-15   9.77536887240535
1.3631746946947   3.69971149510405   2.71051802940861   5.50102214456167e-15   9.74097126601703
1.37319803803804   3.69046136076947   2.71529434140533   5.09530707568041e-15   9.70709850273965
1.38322138138138   3.68139605208262   2.71997784539086   4.98689318324333e-15   9.67398673215136
1.39324472472473   3.67257904766803   2.72453537180223   4.93118665824279e-15   9.64186346730813
1.40326806806807   3.66407075193768   2.72893521185676   4.93645636166514e-15   9.61094339337824
1.41329141141141   3.65592730495602   2.73314776366747   4.85203296541486e-15   9.58142419626253
1.42331475475476   3.64819941727026   2.73714617236543   4.9639021901704e-15   9.55348252924291
1.4333380980981   3.64093127063015   2.74090694047843   4.90818800089125e-15   9.52727026126075
1.44336144144144   3.63415953174956   2.74441048105715   5.49988265534529e-15   9.50291117070099
1.45338478478479   3.62791252980665   2.74764158391567   5.88198418514436e-15   9.48049825908605
1.46340812812813   3.62220964802338   2.7505897655722   6.55356289885763e-15   9.46009185568015
1.47343147147147   3.61706097447776   2.7532494765605   6.85022612675134e-15   9.44171866356754
1.48345481481482   3.61246724688145   2.75562014593906   7.45106301457381e-15   9.42537185909387
1.49347815815816   3.60842011071106   2.75770605182302   7.73527685054876e-15   9.41101230098588
1.50350150150151   3.60490269091812   2.75951601790871   7.4507503021175e-15   9.39857083711974
1.51352484484485   3.60189045629369   2.76106294813628   6.925183076978e-15   9.38795162243633
1.52354818818819   3.59935233475935   2.76236322345683   6.87759392960206e-15   9.37903628921859
1.53357153153154   3.59725201987095   2.76343599470168   7.14590446794521e-15   9.37168874955533
1.54359487487488   3.59554939585649   2.76430241255451   7.3288183918851e-15   9.36576036693187
1.55361821821822   3.59420200211143   2.76498483877975   7.91408565922905e-15   9.36109521470401
1.56364156156157   3.59316645887736   2.76550608189272   8.35790124698037e-15   9.3575351456152
1.57366490490491   3.59239978347051   2.76588869567682   8.11593625014157e-15   9.35492442685416
1.58368824824825   3.59186053965403   2.76615437116221   8.30242744994557e-15   9.35311374466551
1.5937115915916   3.59150977968828   2.76632344300314   8.27998820786136e-15   9.35196344433982
1.60373493493494   3.59131175708979   2.76641452086788   7.48775829433491e-15   9.35134593777855
1.61375827827828   3.59123440610294   2.76644424663784   7.27295315447448e-15   9.3511472743985
1.62378162162163   3.59124959961599   2.76642716981607   7.19717103069634e-15   9.35126792594655
1.63380496496497   3.59133320955583   2.76637572715853   7.2432261547344e-15   9.35162287786762
1.64382830830831   3.59146500209351   2.76630030840922   7.47165105553035e-15   9.35214114740794
1.65385165165166   3.59162840426332   2.76620938808896   7.87594191956977e-15   9.3527648618082
1.663874994995   3.59181017926074   2.76610970327177   8.04816797495994e-15   9.35344803044185
1.67389833833834   3.59200004544529   2.7660064587632   8.09132702338247e-15   9.35415513524546
1.68392168168169   3.59219026977484   2.765903543597   7.99818851267382e-15   9.35485964734118
1.69394502502503   3.59237526088126   2.76580374583215   8.31164888240028e-15   9.35554255739574
1.70396836836837   3.5925511810139   2.76570895586647   8.33696504762087e-15   9.35619098564082
1.71399171171172   3.59271559022305   2.76562035157976   8.21932080145344e-15   9.35679691667714
1.72401505505506   3.59286713085417   2.76553856136802   8.07474105250112e-15   9.35735608564732
1.7340383983984   3.59300525592564   2.76546380341034   7.65516204944265e-15   9.35786702693542
1.74406174174175   3.59313000137048   2.76539600127734   7.48992998984697e-15   9.35833028456694
1.75408508508509   3.59324179942107   2.76533487725589   7.80491551717849e-15   9.35874777487842
1.76410842842843   3.59334132850545   2.76528002558117   7.79847827823843e-15   9.35912228647029
1.77413177177178   3.59342939375532   2.76523096820675   7.64038449416842e-15   9.35945709946121
1.78415511511512   3.59350683142349   2.76518719588776   7.69399309507522e-15   9.35975570507837
1.79417845845846   3.59357442999842   2.76514819728141   7.67431210610806e-15   9.36002160710099
1.80420180180181   3.59363286042208   2.76511347855556   7.39259896659173e-15   9.36025818813645
1.81422514514515   3.5936826074348   2.76508257569886   7.12885661723747e-15   9.36046862573744
1.82424848848849   3.59372389358856   2.76505506139351   6.96020997012574e-15   9.36065584564377
1.83427183183184   3.59375658684106   2.76503054797692   6.38022296209922e-15   9.3608225017184
1.84429517517518   3.59378008186963   2.76500868770599   6.00225267198223e-15   9.36097097428715
1.85431851851853   3.59379314438905   2.76498917125951   5.1682145350331e-15   9.36110338049132
1.86434186186187   3.59379370695093   2.76497172517772   4.35087882057901e-15   9.36122159187948
1.87436520520521   3.59377860413813   2.76495610874402   3.41363196427008e-15   9.36132725579134
1.88438854854856   3.59374323500885   2.76494211065959   2.63710278969142e-15   9.36142181813899
1.8944118918919   3.59368114140827   2.76492954574348   2.13752917520858e-15   9.36150654600015
1.90443523523524   3.593583492706   2.76491825180248   1.40898656732807e-15   9.36158254903985
1.91445857857859   3.59343847099557   2.76490808675145   2.71335695052533e-16   9.36165079921091
1.92448192192193   3.59323055613226   2.76489892602098   -9.11951208235256e-16   9.36171214848377
1.93450526526527   3.59293971741835   2.76489066025997   -2.00467065488496e-15   9.36176734455569
1.94452860860862   3.59254052834748   2.76488319332246   -2.63112422769443e-15   9.3618170446135
1.95455195195196   3.59200123244738   2.76487644051764   -3.00601116998946e-15   9.36186182729523
1.9645752952953   3.59128280148945   2.76487032709703   -3.15732319623139e-15   9.3619022030304
1.97459863863865   3.59033804141899   2.7648647869511   -3.19224488027261e-15   9.36193862294862
1.98462198198199   3.589110815224   2.76485976148855   -2.97392485925193e-15   9.36197148654174
1.99464532532533   3.58753546421542   2.76485519867308   -2.34207395498632e-15   9.36200114825146
2.00466866866868   3.58553651821955   2.76485105219542   -1.36564263586511e-15   9.36202792313651
2.01469201201202   3.58302878925455   2.7648472807607   -5.791868149562e-16   9.36205209175509
2.02471535535536   3.57991794071158   2.76484384747417   6.78651057865174e-16   9.36207390437924
2.03473869869871   3.57610161348924   2.76484071931084   1.75233346765211e-15   9.36209358464112
2.04476204204205   3.57147117103142   2.76483786665636   2.71097257991087e-15   9.36211133269522
2.05478538538539   3.56591409658922   2.76483526290911   3.52026520594421e-15   9.36212732796763
2.06480872872874   3.55931703893714   2.76483288413424   4.55192683273836e-15   9.36214173155139
2.07483207207208   3.55156945886396   2.7648307087626   5.25244578366755e-15   9.36215468829794
2.08485541541542   3.54256778064474   2.76482871732796   5.43714707704567e-15   9.3621663286456
2.09487875875877   3.53221990385534   2.76482689223736   5.28212400750385e-15   9.3621767702204
2.10490210210211   3.52044988540943   2.76482521756999   5.30712543728311e-15   9.3621861192382
2.11492544544545   3.5072025639566   2.76482367890055   4.93257773627518e-15   9.36219447173322
2.1249487887888   3.49244787300796   2.76482226314393   4.41674253938627e-15   9.362201914634
2.13497213213214   3.47618457897959   2.76482095841816   3.59060669274789e-15   9.3622085267055
2.14499547547548   3.45844318833652   2.76481975392306   2.78749643295472e-15   9.36221437937314
2.15501881881883   3.43928779533171   2.76481863983262   1.86429988402248e-15   9.36221953744328
2.16504216216217   3.418816687938   2.76481760719893   9.9367864109323e-16   9.36222405973258
2.17506550550551   3.39716159218395   2.76481664786628   4.38162760600523e-16   9.36222799961777
2.18508884884886   3.37448551028727   2.76481575439387   -2.68884347987598e-16   9.36223140551637
2.1951121921922   3.35097919043096   2.76481491998607   -9.76084688384151e-16   9.36223432130718
2.20513553553555   3.32685634953863   2.76481413842907   -1.50362280349936e-15   9.36223678669944
2.21515887887889   3.30234784843128   2.76481340403324   -1.96317476489875e-15   9.36223883755805
2.22518222222223   3.27769508503613   2.76481271158034   -1.68924207969066e-15   9.36224050619142
2.23520556556558   3.25314292051829   2.76481205627516   -1.79233784544666e-15   9.36224182160808
2.24522890890892   3.22893248139319   2.76481143370091   -2.07007696747197e-15   9.36224280974692
2.25525225225226   3.20529418573222   2.76481083977811   -2.14501178000589e-15   9.36224349368539
2.26527559559561   3.18244132336511   2.76481027072655   -2.24370307956177e-15   9.36224389382913
2.27529893893895   3.16056448035265   2.76480972303003   -2.33483182150044e-15   9.36224402808571
2.28532228228229   3.13982704054426   2.76480919340357   -2.25239511159338e-15   9.36224391202459
2.29534562562564   3.12036192669779   2.76480867876299   -2.14733386463954e-15   9.36224355902453
2.30536896896898   3.10226966622014   2.76480817619641   -2.36511848775287e-15   9.36224298040926
2.31539231231232   3.08561778815807   2.76480768293759   -2.43712953431187e-15   9.36224218557152
2.32541565565567   3.07044148440687   2.7648071963407   -2.18611691500935e-15   9.36224118208498
2.33543899899901   3.05674540419638   2.76480671385634   -2.07275424374378e-15   9.36223997580264
2.34546234234235   3.04450640056722   2.76480623300812   -2.31573601953538e-15   9.36223857093951
2.3554856856857   3.03367701315772   2.76480575136934   -3.08792069537296e-15   9.36223697013491
2.36550902902904   3.02418945407968   2.76480526653826   -3.67018384855218e-15   9.36223517448658
2.37553237237238   3.01595986243958   2.76480477611013   -4.00991343001948e-15   9.36223318354214
2.38555571571573   3.00889260640939   2.76480427764186   -3.94506643711483e-15   9.36223099522046
2.39557905905907   3.00288443698125   2.7648037686022   -4.19805277203205e-15   9.36222860561152
2.40560240240241   2.99782833138412   2.76480324629377   -4.69430688129451e-15   9.36222600855693
2.41562574574576   2.99361690309446   2.76480270772096   -4.91458843244027e-15   9.3622231948245
2.4256490890891   2.99014529603111   2.76480214935451   -5.34767351416192e-15   9.3622201505213
2.43567243243244   2.98731351984503   2.76480156669863   -5.98871337969918e-15   9.36221685406567
2.44569577577579   2.9850282187094   2.7648009534816   -6.33626271062339e-15   9.36221327042235
2.45571911911913   2.98320389585378   2.76480030012782   -6.95046848837559e-15   9.36220934012569
2.46574246246247   2.98176363910103   2.76479959085876   -7.27116818417135e-15   9.36220495836842
2.47576580580582   2.98063940827174   2.76479879817778   -7.55706815253319e-15   9.36219993514279
2.48578914914916   2.97977195333295   2.76479787236291   -7.84175066518313e-15   9.36219391923546
2.4958124924925   2.97911043250781   2.76479672143455   -8.27852268949215e-15   9.36218625326083
2.50583583583585   2.97861179178948   2.76479517294968   -8.39290490187035e-15   9.36217569712529
2.51585917917919   2.97823994986217   2.76479290112283   -8.36558946880946e-15   9.36215990048233
2.52588252252253   2.97796480135094   2.76478928779777   -7.97223628364619e-15   9.36213439632916
2.53590586586588   2.97776099787677   2.76478315722474   -8.25680269907403e-15   9.36209068111203
2.54592920920922   2.97760637277376   2.76477227010304   -8.37546998983855e-15   9.36201255231519
2.55595255255257   2.97747970648139   2.76475235840077   -8.40330510450598e-15   9.36186912239133
2.56597589589591   2.97735721781455   2.76471528419374   -8.4852028991434e-15   9.36160149392747
2.57599923923925   2.97720658178525   2.76464552760553   -8.5943353415209e-15   9.36109734819905
2.5860225825826   2.97697617016543   2.76451348773572   -8.56465160497321e-15   9.36014249581005
2.59604592592594   2.97657511753853   2.76426270530344   -8.34681184775187e-15   9.35832854608424
2.60606926926928   2.97583584915051   2.76378549449031   -8.26432266191894e-15   9.35487710462755
2.61609261261263   2.97444322013764   2.76287647823127   -8.25391195238674e-15   9.34830559012154
2.62611595595597   2.97180040804528   2.76114402133016   -8.49214454039901e-15   9.33579399370655
2.63613929929931   2.96677595986306   2.75784152549262   -8.71581000451889e-15   9.31199224313413
2.64616264264266   2.95723081696818   2.75154649411605   -8.84204326794007e-15   9.26680039352973
2.656185985986   2.93914979588516   2.73955158348448   -8.76359170456692e-15   9.18133216352911
2.66620932932934   2.90510452271241   2.71671531646019   -8.65780950156189e-15   9.02091610995436
2.67623267267269   2.84174011482566   2.67331807382634   -8.28173551918349e-15   8.72416733174422
2.68625601601603   2.72639531981211   2.5911721014432   -8.08657554791883e-15   8.19012084246906
2.69627935935937   2.52510019157766   2.43708555413293   -7.32042294274791e-15   7.27756646934516
2.70630270270272   2.20071316395983   2.15456926265658   -6.28824191466992e-15   5.86187748609157
2.71632604604606   1.75008173400045   1.66779137039836   -4.30451289317392e-15   4.02278728157653
2.7263493893894   1.27134434380755   0.964135840429579   -1.92040025973848e-15   2.28485144829353
2.73637273273275   0.946075834412335   0.317959578434975   -3.10608220382667e-16   1.31755439987392
2.74639607607609   0.827025274560936   0.0563583976136939   -3.76199273080304e-18   1.04955826376312
2.75641941941943   0.803723715651913   0.00765668520835969   -4.48565457064958e-21   1.00655341664834
2.76644276276278   0.800481374385764   0.000989268585753759   1.57982251733799e-17   1.00084299282581
2.77646610610612   0.800061755506093   0.000126911652399909   1.04688904964254e-21   1.00010808174782
2.78648944944946   0.800007915173526   1.62661939339028e-05   3.17582782030771e-27   1.00001385171145
2.79651279279281   0.800001014362354   2.08458015021303e-06   5.2249999198344e-34   1.00000177513671
2.80653613613615   0.800000129992733   2.67143461550834e-07   3.9348674973859e-42   1.00000022748732
2.81655947947949   0.800000016658814   3.42349396569088e-08   -1.13471566395361e-61   1.00000002915292
2.82658282282284   0.800000002134857   4.38726956876429e-09   -1.65768952021615e-73   1.000000003736
2.83660616616618   0.800000000273586   5.62235734226893e-10   -2.32363130919198e-85   1.00000000047877
2.84662950950952   0.80000000003506   7.20509109855864e-11   -3.40945626146316e-98   1.00000000006135
2.85665285285287   0.800000000004493   9.23299548226531e-12   -5.33983812441593e-112   1.00000000000786
2.86667619619621   0.800000000000576   1.18293098356696e-12   -7.13235019343403e-127   1.00000000000101
2.87669953953955   0.800000000000074   1.51282055535775e-13   -8.02052130937082e-143   1.00000000000013
2.8867228828829   0.800000000000009   1.91207109524187e-14   -7.47137043388889e-160   1.00000000000002
2.89674622622624   0.800000000000001   2.28436759494566e-15   -5.78293112054885e-178   1
2.90676956956958   0.8   2.13418408650649e-16   -3.2201323638268e-197   1
2.91679291291293   0.8   0   -5.78561062279522e-218   1
2.92681625625627   0.8   0   0   1
2.93683959959962   0.8   0   0   1
2.94686294294296   0.8   0   0   1
2.9568862862863   0.8   0   0   1
2.96690962962965   0.8   0   0   1
2.97693297297299   0.8   0   0   1
2.98695631631633   0.8   0   0   1
2.99697965965968   0.8   0   0   1
3.00700300300302   0.8   0   0   1
3.01702634634636   0.8   0   0   1
3.02704968968971   0.8   0   0   1
3.03707303303305   0.8   0   0   1
3.04709637637639   0.8   0   0   1
3.05711971971974   0.8   0   0   1
3.06714306306308   0.8   0   0   1
3.07716640640642   0.8   0   0   1
3.08718974974977   0.8   0   0   1
3.09721309309311   0.8   0   0   1
3.10723643643645   0.8   0   0   1
3.1172597797798   0.8   0   0   1
3.12728312312314   0.8   0   0   1
3.13730646646648   0.8   0   0   1
3.14732980980983   0.8   0   0   1
3.15735315315317   0.8   0   0   1
3.16737649649651   0.8   0   0   1
3.17739983983986   0.8   0   0   1
3.1874231831832   0.8   0   0   1
3.19744652652654   0.8   0   0   1
3.20746986986989   0.8   0   0   1
3.21749321321323   0.8   0   0   1
3.22751655655657   0.8   0   0   1
3.23753989989992   0.8   0   0   1
3.24756324324326   0.8   0   0   1
3.2575865865866   0.8   0   0   1
3.26760992992995   0.8   0   0   1
3.27763327327329   0.8   0   0   1
3.28765661661664   0.8   0   0   1
3.29767995995998   0.8   0   0   1
3.30770330330332   0.8   0   0   1
3.31772664664667   0.8   0   0   1
3.32774998999001   0.8   0   0   1
3.33777333333335   0.8   0   0   1
3.3477966766767   0.8   0   0   1
3.35782002002004   0.8   0   0   1
3.36784336336338   0.8   0   0   1
3.37786670670673   0.8   0   0   1
3.38789005005007   0.8   0   0   1
3.39791339339341   0.8   0   0   1
3.40793673673676   0.8   0   0   1
3.4179600800801   0.8   0   0   1
3.42798342342344   0.8   0   0   1
3.43800676676679   0.8   0   0   1
3.44803011011013   0.8   0   0   1
3.45805345345347   0.8   0   0   1
3.46807679679682   0.8   0   0   1
3.47810014014016   0.8   0   0   1
3.4881234834835   0.8   0   0   1
3.49814682682685   0.8   0   0   1
3.50817017017019   0.8   0   0   1
3.51819351351353   0.8   0   0   1
3.52821685685688   0.8   0   0   1
3.53824020020022   0.8   0   0   1
3.54826354354356   0.8   0   0   1
3.55828688688691   0.8   0   0   1
3.56831023023025   0.8   0   0   1
3.57833357357359   0.8   0   0   1
3.58835691691694   0.8   0   0   1
3.59838026026028   0.8   0   0   1
3.60840360360362   0.8   0   0   1
3.61842694694697   0.8   0   0   1
3.62845029029031   0.8   0   0   1
3.63847363363366   0.8   0   0   1
3.648496976977   0.8   0   0   1
3.65852032032034   0.8   0   0   1
3.66854366366369   0.8   0   0   1
3.67856700700703   0.8   0   0   1
3.68859035035037   0.8   0   0   1
3.69861369369372   0.8   0   0   1
3.70863703703706   0.8   0   0   1
3.7186603803804   0.8   0   0   1
3.72868372372375   0.8   0   0   1
3.73870706706709   0.8   0   0   1
3.74873041041043   0.8   0   0   1
3.75875375375378   0.8   0   0   1
3.76877709709712   0.8   0   0   1
3.77880044044046   0.8   0   0   1
3.78882378378381   0.8   0   0   1
3.79884712712715   0.8   0   0   1
3.80887047047049   0.8   0   0   1
3.81889381381384   0.8   0   0   1
3.82891715715718   0.8   0   0   1
3.83894050050052   0.8   0   0   1
3.84896384384387   0.8   0   0   1
3.85898718718721   0.8   0   0   1
3.86901053053055   0.8   0   0   1
3.8790338738739   0.8   0   0   1
3.88905721721724   0.8   0   0   1
3.89908056056058   0.8   0   0   1
3.90910390390393   0.8   0   0   1
3.91912724724727   0.8   0   0   1
3.92915059059061   0.8   0   0   1
3.93917393393396   0.8   0   0   1
3.9491972772773   0.8   0   0   1
3.95922062062064   0.8   0   0   1
3.96924396396399   0.8   0   0   1
3.97926730730733   0.8   0   0   1
3.98929065065068   0.8   0   0   1
3.99931399399402   0.8   0   0   1
4.00933733733736   0.8   0   0   1
4.01936068068071   0.8   0   0   1
4.02938402402405   0.8   0   0   1
4.03940736736739   0.8   0   0   1
4.04943071071074   0.8   0   0   1
4.05945405405408   0.8   0   0   1
4.06947739739742   0.8   0   0   1
4.07950074074077   0.8   0   0   1
4.08952408408411   0.8   0   0   1
4.09954742742745   0.8   0   0   1
4.1095707707708   0.8   0   0   1
4.11959411411414   0.8   0   0   1
4.12961745745748   0.8   0   0   1
4.13964080080083   0.8   0   0   1
4.14966414414417   0.8   0   0   1
4.15968748748751   0.8   0   0   1
4.16971083083086   0.8   0   0   1
4.1797341741742   0.8   0   0   1
4.18975751751754   0.8   0   0   1
4.19978086086089   0.8   0   0   1
4.20980420420423   0.8   0   0   1
4.21982754754757   0.8   0   0   1
4.22985089089092   0.8   0   0   1
4.23987423423426   0.8   0   0   1
4.2498975775776   0.8   0   0   1
4.25992092092095   0.8   0   0   1
4.26994426426429   0.8   0   0   1
4.27996760760763   0.8   0   0   1
4.28999095095098   0.8   0   0   1
4.30001429429432   0.8   0   0   1
4.31003763763766   0.8   0   0   1
4.32006098098101   0.8   0   0   1
4.33008432432435   0.8   0   0   1
4.3401076676677   0.8   0   0   1
4.35013101101104   0.8   0   0   1
4.36015435435438   0.8   0   0   1
4.37017769769773   0.8   0   0   1
4.38020104104107   0.8   0   0   1
4.39022438438441   0.8   0   0   1
4.40024772772776   0.8   0   0   1
4.4102710710711   0.8   0   0   1
4.42029441441444   0.8   0   0   1
4.43031775775779   0.8   0   0   1
4.44034110110113   0.8   0   0   1
4.45036444444447   0.8   0   0   1
4.46038778778782   0.8   0   0   1
4.47041113113116   0.8   0   0   1
4.4804344744745   0.8   0   0   1
4.49045781781785   0.8   0   0   1
4.50048116116119   0.8   0   0   1
4.51050450450453   0.8   0   0   1
4.52052784784788   0.8   0   0   1
4.53055119119122   0.8   0   0   1
4.54057453453456   0.8   0   0   1
4.55059787787791   0.8   0   0   1
4.56062122122125   0.8   0   0   1
4.57064456456459   0.8   0   0   1
4.58066790790794   0.8   0   0   1
4.59069125125128   0.8   0   0   1
4.60071459459462   0.8   0   0   1
4.61073793793797   0.8   0   0   1
4.62076128128131   0.8   0   0   1
4.63078462462465   0.8   0   0   1
4.640807967968   0.8   0   0   1
4.65083131131134   0.8   0   0   1
4.66085465465468   0.8   0   0   1
4.67087799799803   0.8   0   0   1
4.68090134134137   0.8   0   0   1
4.69092468468472   0.8   0   0   1
4.70094802802806   0.8   0   0   1
4.7109713713714   0.8   0   0   1
4.72099471471475   0.8   0   0   1
4.73101805805809   0.8   0   0   1
4.74104140140143   0.8   0   0   1
4.75106474474478   0.8   0   0   1
4.76108808808812   0.8   0   0   1
4.77111143143146   0.8   0   0   1
4.78113477477481   0.8   0   0   1
4.79115811811815   0.8   0   0   1
4.80118146146149   0.8   0   0   1
4.81120480480484   0.8   0   0   1
4.82122814814818   0.8   0   0   1
4.83125149149152   0.8   0   0   1
4.84127483483487   0.8   0   0   1
4.85129817817821   0.8   0   0   1
4.86132152152155   0.8   0   0   1
4.8713448648649   0.8   0   0   1
4.88136820820824   0.8   0   0   1
4.89139155155158   0.8   0   0   1
4.90141489489493   0.8   0   0   1
4.91143823823827   0.8   0   0   1
4.92146158158161   0.8   0   0   1
4.93148492492496   0.8   0   0   1
4.9415082682683   0.8   0   0   1
4.95153161161164   0.8   0   0   1
4.96155495495499   0.8   0   0   1
4.97157829829833   0.8   0   0   1
4.98160164164167   0.8   0   0   1
4.99162498498502   0.8   0   0   1
5.00164832832836   0.8   0   0   1
5.0116716716717   0.8   0   0   1
5.02169501501505   0.8   0   0   1
5.03171835835839   0.8   0   0   1
5.04174170170173   0.8   0   0   1
5.05176504504508   0.8   0   0   1
5.06178838838842   0.8   0   0   1
5.07181173173177   0.8   0   0   1
5.08183507507511   0.8   0   0   1
5.09185841841845   0.8   0   0   1
5.1018817617618   0.8   0   0   1
5.11190510510514   0.8   0   0   1
5.12192844844848   0.8   0   0   1
5.13195179179183   0.8   0   0   1
5.14197513513517   0.8   0   0   1
5.15199847847851   0.8   0   0   1
5.16202182182186   0.8   0   0   1
5.1720451651652   0.8   0   0   1
5.18206850850854   0.8   0   0   1
5.19209185185189   0.8   0   0   1
5.20211519519523   0.8   0   0   1
5.21213853853857   0.8   0   0   1
5.22216188188192   0.8   0   0   1
5.23218522522526   0.8   0   0   1
5.2422085685686   0.8   0   0   1
5.25223191191195   0.8   0   0   1
5.26225525525529   0.8   0   0   1
5.27227859859863   0.8   0   0   1
5.28230194194198   0.8   0   0   1
5.29232528528532   0.8   0   0   1
5.30234862862866   0.8   0   0   1
5.31237197197201   0.8   0   0   1
5.32239531531535   0.8   0   0   1
5.33241865865869   0.8   0   0   1
5.34244200200204   0.8   0   0   1
5.35246534534538   0.8   0   0   1
5.36248868868872   0.8   0   0   1
5.37251203203207   0.8   0   0   1
5.38253537537541   0.8   0   0   1
5.39255871871875   0.8   0   0   1
5.4025820620621   0.8   0   0   1
5.41260540540544   0.8   0   0   1
5.42262874874879   0.8   0   0   1
5.43265209209213   0.8   0   0   1
5.44267543543547   0.8   0   0   1
5.45269877877882   0.8   0   0   1
5.46272212212216   0.8   0   0   1
5.4727454654655   0.8   0   0   1
5.48276880880885   0.8   0   0   1
5.49279215215219   0.8   0   0   1
5.50281549549553   0.8   0   0   1
5.51283883883888   0.8   0   0   1
5.52286218218222   0.8   0   0   1
5.53288552552556   0.8   0   0   1
5.54290886886891   0.8   0   0   1
5.55293221221225   0.8   0   0   1
5.56295555555559   0.8   0   0   1
5.57297889889894   0.8   0   0   1
5.58300224224228   0.8   0   0   1
5.59302558558562   0.8   0   0   1
5.60304892892897   0.8   0   0   1
5.61307227227231   0.8   0   0   1
5.62309561561565   0.8   0   0   1
5.633118958959   0.8   0   0   1
5.64314230230234   0.8   0   0   1
5.65316564564568   0.8   0   0   1
5.66318898898903   0.8   0   0   1
5.67321233233237   0.8   0   0   1
5.68323567567571   0.8   0   0   1
5.69325901901906   0.8   0   0   1
5.7032823623624   0.8   0   0   1
5.71330570570574   0.8   0   0   1
5.72332904904909   0.8   0   0   1
5.73335239239243   0.8   0   0   1
5.74337573573577   0.8   0   0   1
5.75339907907912   0.8   0   0   1
5.76342242242246   0.8   0   0   1
5.77344576576581   0.8   0   0   1
5.78346910910915   0.8   0   0   1
5.79349245245249   0.8   0   0   1
5.80351579579584   0.8   0   0   1
5.81353913913918   0.8   0   0   1
5.82356248248252   0.8   0   0   1
5.83358582582587   0.8   0   0   1
5.84360916916921   0.8   0   0   1
5.85363251251255   0.8   0   0   1
5.8636558558559   0.8   0   0   1
5.87367919919924   0.8   0   0   1
5.88370254254258   0.8   0   0   1
5.89372588588593   0.8   0   0   1
5.90374922922927   0.8   0   0   1
5.91377257257261   0.8   0   0   1
5.92379591591596   0.8   0   0   1
5.9338192592593   0.8   0   0   1
5.94384260260264   0.8   0   0   1
5.95386594594599   0.8   0   0   1
5.96388928928933   0.8   0   0   1
5.97391263263267   0.8   0   0   1
5.98393597597602   0.8   0   0   1
5.99395931931936   0.8   0   0   1
6.0039826626627   0.8   0   0   1
6.01400600600605   0.8   0   0   1
6.02402934934939   0.8   0   0   1
6.03405269269273   0.8   0   0   1
6.04407603603608   0.8   0   0   1
6.05409937937942   0.8   0   0   1
6.06412272272276   0.8   0   0   1
6.07414606606611   0.8   0   0   1
6.08416940940945   0.8   0   0   1
6.09419275275279   0.8   0   0   1
6.10421609609614   0.8   0   0   1
6.11423943943948   0.8   0   0   1
6.12426278278283   0.8   0   0   1
6.13428612612617   0.8   0   0   1
6.14430946946951   0.8   0   0   1
6.15433281281286   0.8   0   0   1
6.1643561561562   0.8   0   0   1
6.17437949949954   0.8   0   0   1
6.18440284284289   0.8   0   0   1
6.19442618618623   0.8   0   0   1
6.20444952952957   0.8   0   0   1
6.21447287287292   0.8   0   0   1
6.22449621621626   0.8   0   0   1
6.2345195595596   0.8   0   0   1
6.24454290290295   0.8   0   0   1
6.25456624624629   0.8   0   0   1
6.26458958958963   0.8   0   0   1
6.27461293293298   0.8   0   0   1
6.28463627627632   0.8   0   0   1
6.29465961961966   0.8   0   0   1
6.30468296296301   0.8   0   0   1
6.31470630630635   0.8   0   0   1
6.32472964964969   0.8   0   0   1
6.33475299299304   0.8   0   0   1
6.34477633633638   0.8   0   0   1
6.35479967967972   0.8   0   0   1
6.36482302302307   0.8   0   0   1
6.37484636636641   0.8   0   0   1
6.38486970970975   0.8   0   0   1
6.3948930530531   0.8   0   0   1
6.40491639639644   0.8   0   0   1
6.41493973973978   0.8   0   0   1
6.42496308308313   0.8   0   0   1
6.43498642642647   0.8   0   0   1
6.44500976976981   0.8   0   0   1
6.45503311311316   0.8   0   0   1
6.4650564564565   0.8   0   0   1
6.47507979979985   0.8   0   0   1
6.48510314314319   0.8   0   0   1
6.49512648648653   0.8   0   0   1
6.50514982982988   0.8   0   0   1
6.51517317317322   0.8   0   0   1
6.52519651651656   0.8   0   0   1
6.53521985985991   0.8   0   0   1
6.54524320320325   0.8   0   0   1
6.55526654654659   0.8   0   0   1
6.56528988988994   0.8   0   0   1
6.57531323323328   0.8   0   0   1
6.58533657657662   0.8   0   0   1
6.59535991991997   0.8   0   0   1
6.60538326326331   0.8   0   0   1
6.61540660660665   0.8   0   0   1
6.62542994995   0.8   0   0   1
6.63545329329334   0.8   0   0   1
6.64547663663668   0.8   0   0   1
6.65549997998003   0.8   0   0   1
6.66552332332337   0.8   0   0   1
6.67554666666671   0.8   0   0   1
6.68557001001006   0.8   0   0   1
6.6955933533534   0.8   0   0   1
6.70561669669674   0.8   0   0   1
6.71564004004009   0.8   0   0   1
6.72566338338343   0.8   0   0   1
6.73568672672677   0.8   0   0   1
6.74571007007012   0.8   0   0   1
6.75573341341346   0.8   0   0   1
6.7657567567568   0.8   0   0   1
6.77578010010015   0.8   0   0   1
6.78580344344349   0.8   0   0   1
6.79582678678683   0.8   0   0   1
6.80585013013018   0.8   0   0   1
6.81587347347352   0.8   0   0   1
6.82589681681686   0.8   0   0   1
6.83592016016021   0.8   0   0   1
6.84594350350355   0.8   0   0   1
6.8559668468469   0.8   0   0   1
6.86599019019024   0.8   0   0   1
6.87601353353358   0.8   0   0   1
6.88603687687693   0.8   0   0   1
6.89606022022027   0.8   0   0   1
6.90608356356361   0.8   0   0   1
6.91610690690696   0.8   0   0   1
6.9261302502503   0.8   0   0   1
6.93615359359364   0.8   0   0   1
6.94617693693699   0.8   0   0   1
6.95620028028033   0.8   0   0   1
6.96622362362367   0.8   0   0   1
6.97624696696702   0.8   0   0   1
6.98627031031036   0.8   0   0   1
6.9962936536537   0.8   0   0   1
7.00631699699705   0.8   0   0   1
7.01634034034039   0.8   0   0   1
7.02636368368373   0.8   0   0   1
7.03638702702708   0.8   0   0   1
7.04641037037042   0.8   0   0   1
7.05643371371376   0.8   0   0   1
7.06645705705711   0.8   0   0   1
7.07648040040045   0.8   0   0   1
7.08650374374379   0.8   0   0   1
7.09652708708714   0.8   0   0   1
7.10655043043048   0.8   0   0   1
7.11657377377382   0.8   0   0   1
7.12659711711717   0.8   0   0   1
7.13662046046051   0.8   0   0   1
7.14664380380385   0.8   0   0   1
7.1566671471472   0.8   0   0   1
7.16669049049054   0.8   0   0   1
7.17671383383388   0.8   0   0   1
7.18673717717723   0.8   0   0   1
7.19676052052057   0.8   0   0   1
7.20678386386392   0.8   0   0   1
7.21680720720726   0.8   0   0   1
7.2268305505506   0.8   0   0   1
7.23685389389395   0.8   0   0   1
7.24687723723729   0.8   0   0   1
7.25690058058063   0.8   0   0   1
7.26692392392398   0.8   0   0   1
7.27694726726732   0.8   0   0   1
7.28697061061066   0.8   0   0   1
7.29699395395401   0.8   0   0   1
7.30701729729735   0.8   0   0   1
7.31704064064069   0.8   0   0   1
7.32706398398404   0.8   0   0   1
7.33708732732738   0.8   0   0   1
7.34711067067072   0.8   0   0   1
7.35713401401407   0.8   0   0   1
7.36715735735741   0.8   0   0   1
7.37718070070075   0.8   0   0   1
7.3872040440441   0.8   0   0   1
7.39722738738744   0.8   0   0   1
7.40725073073078   0.8   0   0   1
7.41727407407413   0.8   0   0   1
7.42729741741747   0.8   0   0   1
7.43732076076081   0.8   0   0   1
7.44734410410416   0.8   0   0   1
7.4573674474475   0.8   0   0   1
7.46739079079084   0.8   0   0   1
7.47741413413419   0.8   0   0   1
7.48743747747753   0.8   0   0   1
7.49746082082087   0.8   0   0   1
7.50748416416422   0.8   0   0   1
7.51750750750756   0.8   0   0   1
7.5275308508509   0.8   0   0   1
7.53755419419425   0.8   0   0   1
7.54757753753759   0.8   0   0   1
7.55760088088094   0.8   0   0   1
7.56762422422428   0.8   0   0   1
7.57764756756762   0.8   0   0   1
7.58767091091097   0.8   0   0   1
7.59769425425431   0.8   0   0   1
7.60771759759765   0.8   0   0   1
7.617740940941   0.8   0   0   1
7.62776428428434   0.8   0   0   1
7.63778762762768   0.8   0   0   1
7.64781097097103   0.8   0   0   1
7.65783431431437   0.8   0   0   1
7.66785765765771   0.8   0   0   1
7.67788100100106   0.8   0   0   1
7.6879043443444   0.8   0   0   1
7.69792768768774   0.8   0   0   1
7.70795103103109   0.8   0   0   1
7.71797437437443   0.8   0   0   1
7.72799771771777   0.8   0   0   1
7.73802106106112   0.8   0   0   1
7.74804440440446   0.8   0   0   1
7.7580677477478   0.8   0   0   1
7.76809109109115   0.8   0   0   1
7.77811443443449   0.8   0   0   1
7.78813777777783   0.8   0   0   1
7.79816112112118   0.8   0   0   1
7.80818446446452   0.8   0   0   1
7.81820780780786   0.8   0   0   1
7.82823115115121   0.8   0   0   1
7.83825449449455   0.8   0   0   1
7.84827783783789   0.8   0   0   1
7.85830118118124   0.8   0   0   1
7.86832452452458   0.8   0   0   1
7.87834786786792   0.8   0   0   1
7.88837121121127   0.8   0   0   1
7.89839455455461   0.8   0   0   1
7.90841789789796   0.8   0   0   1
7.9184412412413   0.8   0   0   1
7.92846458458464   0.8   0   0   1
7.93848792792799   0.8   0   0   1
7.94851127127133   0.8   0   0   1
7.95853461461467   0.8   0   0   1
7.96855795795802   0.8   0   0   1
7.97858130130136   0.8   0   0   1
7.9886046446447   0.8   0   0   1
7.99862798798805   0.8   0   0   1
8.00865133133139   0.8   0   0   1
8.01867467467473   0.8   0   0   1
8.02869801801808   0.8   0   0   1
8.03872136136142   0.8   0   0   1
8.04874470470476   0.8   0   0   1
8.05876804804811   0.8   0   0   1
8.06879139139145   0.8   0   0   1
8.07881473473479   0.8   0   0   1
8.08883807807814   0.8   0   0   1
8.09886142142148   0.8   0   0   1
8.10888476476482   0.8   0   0   1
8.11890810810817   0.8   0   0   1
8.12893145145151   0.8   0   0   1
8.13895479479485   0.8   0   0   1
8.1489781381382   0.8   0   0   1
8.15900148148154   0.8   0   0   1
8.16902482482488   0.8   0   0   1
8.17904816816823   0.8   0   0   1
8.18907151151157   0.8   0   0   1
8.19909485485491   0.8   0   0   1
8.20911819819826   0.8   0   0   1
8.2191415415416   0.8   0   0   1
8.22916488488494   0.8   0   0   1
8.23918822822829   0.8   0   0   1
8.24921157157163   0.8   0   0   1
8.25923491491498   0.8   0   0   1
8.26925825825832   0.8   0   0   1
8.27928160160166   0.8   0   0   1
8.28930494494501   0.8   0   0   1
8.29932828828835   0.8   0   0   1
8.30935163163169   0.8   0   0   1
8.31937497497504   0.8   0   0   1
8.32939831831838   0.8   0   0   1
8.33942166166172   0.8   0   0   1
8.34944500500507   0.8   0   0   1
8.35946834834841   0.8   0   0   1
8.36949169169175   0.8   0   0   1
8.3795150350351   0.8   0   0   1
8.38953837837844   0.8   0   0   1
8.39956172172178   0.8   0   0   1
8.40958506506513   0.8   0   0   1
8.41960840840847   0.8   0   0   1
8.42963175175181   0.8   0   0   1
8.43965509509516   0.8   0   0   1
8.4496784384385   0.8   0   0   1
8.45970178178184   0.8   0   0   1
8.46972512512519   0.8   0   0   1
8.47974846846853   0.8   0   0   1
8.48977181181187   0.8   0   0   1
8.49979515515522   0.8   0   0   1
8.50981849849856   0.8   0   0   1
8.5198418418419   0.8   0   0   1
8.52986518518525   0.8   0   0   1
8.53988852852859   0.8   0   0   1
8.54991187187193   0.8   0   0   1
8.55993521521528   0.8   0   0   1
8.56995855855862   0.8   0   0   1
8.57998190190196   0.8   0   0   1
8.59000524524531   0.8   0   0   1
8.60002858858865   0.8   0   0   1
8.610051931932   0.8   0   0   1
8.62007527527534   0.8   0   0   1
8.63009861861868   0.8   0   0   1
8.64012196196203   0.8   0   0   1
8.65014530530537   0.8   0   0   1
8.66016864864871   0.8   0   0   1
8.67019199199206   0.8   0   0   1
8.6802153353354   0.8   0   0   1
8.69023867867874   0.8   0   0   1
8.70026202202209   0.8   0   0   1
8.71028536536543   0.8   0   0   1
8.72030870870877   0.8   0   0   1
8.73033205205212   0.8   0   0   1
8.74035539539546   0.8   0   0   1
8.7503787387388   0.8   0   0   1
8.76040208208215   0.8   0   0   1
8.77042542542549   0.8   0   0   1
8.78044876876883   0.8   0   0   1
8.79047211211218   0.8   0   0   1
8.80049545545552   0.8   0   0   1
8.81051879879886   0.8   0   0   1
8.82054214214221   0.8   0   0   1
8.83056548548555   0.8   0   0   1
8.84058882882889   0.8   0   0   1
8.85061217217224   0.8   0   0   1
8.86063551551558   0.8   0   0   1
8.87065885885892   0.8   0   0   1
8.88068220220227   0.8   0   0   1
8.89070554554561   0.8   0   0   1
8.90072888888895   0.8   0   0   1
8.9107522322323   0.8   0   0   1
8.92077557557564   0.8   0   0   1
8.93079891891898   0.8   0   0   1
8.94082226226233   0.8   0   0   1
8.95084560560567   0.8   0   0   1
8.96086894894901   0.8   0   0   1
8.97089229229236   0.8   0   0   1
8.9809156356357   0.8   0   0   1
8.99093897897905   0.8   0   0   1
9.00096232232239   0.8   0   0   1
9.01098566566573   0.8   0   0   1
9.02100900900908   0.8   0   0   1
9.03103235235242   0.8   0   0   1
9.04105569569576   0.8   0   0   1
9.05107903903911   0.8   0   0   1
9.06110238238245   0.8   0   0   1
9.07112572572579   0.8   0   0   1
9.08114906906914   0.8   0   0   1
9.09117241241248   0.8   0   0   1
9.10119575575582   0.8   0   0   1
9.11121909909917   0.8   0   0   1
9.12124244244251   0.8   0   0   1
9.13126578578585   0.8   0   0   1
9.1412891291292   0.8   0   0   1
9.15131247247254   0.8   0   0   1
9.16133581581588   0.8   0   0   1
9.17135915915923   0.8   0   0   1
9.18138250250257   0.8   0   0   1
9.19140584584591   0.8   0   0   1
9.20142918918926   0.8   0   0   1
9.2114525325326   0.8   0   0   1
9.22147587587594   0.8   0   0   1
9.23149921921929   0.8   0   0   1
9.24152256256263   0.8   0   0   1
9.25154590590597   0.8   0   0   1
9.26156924924932   0.8   0   0   1
9.27159259259266   0.8   0   0   1
9.281615935936   0.8   0   0   1
9.29163927927935   0.8   0   0   1
9.30166262262269   0.8   0   0   1
9.31168596596603   0.8   0   0   1
9.32170930930938   0.8   0   0   1
9.33173265265272   0.8   0   0   1
9.34175599599607   0.8   0   0   1
9.35177933933941   0.8   0   0   1
9.36180268268275   0.8   0   0   1
9.3718260260261   0.8   0   0   1
9.38184936936944   0.8   0   0   1
9.39187271271278   0.8   0   0   1
9.40189605605613   0.8   0   0   1
9.41191939939947   0.8   0   0   1
9.42194274274281   0.8   0   0   1
9.43196608608616   0.8   0   0   1
9.4419894294295   0.8   0   0   1
9.45201277277284   0.8   0   0   1
9.46203611611619   0.8   0   0   1
9.47205945945953   0.8   0   0   1
9.48208280280287   0.8   0   0   1
9.49210614614622   0.8   0   0   1
9.50212948948956   0.8   0   0   1
9.5121528328329   0.8   0   0   1
9.52217617617625   0.8   0   0   1
9.53219951951959   0.8   0   0   1
9.54222286286293   0.8   0   0   1
9.55224620620628   0.8   0   0   1
9.56226954954962   0.8   0   0   1
9.57229289289296   0.8   0   0   1
9.58231623623631   0.8   0   0   1
9.59233957957965   0.8   0   0   1
9.60236292292299   0.8   0   0   1
9.61238626626634   0.8   0   0   1
9.62240960960968   0.8   0   0   1
9.63243295295302   0.8   0   0   1
9.64245629629637   0.8   0   0   1
9.65247963963971   0.8   0   0   1
9.66250298298305   0.8   0   0   1
9.6725263263264   0.8   0   0   1
9.68254966966974   0.8   0   0   1
9.69257301301309   0.8   0   0   1
9.70259635635643   0.8   0   0   1
9.71261969969977   0.8   0   0   1
9.72264304304312   0.8   0   0   1
9.73266638638646   0.8   0   0   1
9.7426897297298   0.8   0   0   1
9.75271307307315   0.8   0   0   1
9.76273641641649   0.8   0   0   1
9.77275975975983   0.8   0   0   1
9.78278310310318   0.8   0   0   1
9.79280644644652   0.8   0   0   1
9.80282978978986   0.8   0   0   1
9.81285313313321   0.8   0   0   1
9.82287647647655   0.8   0   0   1
9.83289981981989   0.8   0   0   1
9.84292316316324   0.8   0   0   1
9.85294650650658   0.8   0   0   1
9.86296984984992   0.8   0   0   1
9.87299319319327   0.8   0   0   1
9.88301653653661   0.8   0   0   1
9.89303987987995   0.8   0   0   1
9.9030632232233   0.8   0   0   1
9.91308656656664   0.8   0   0   1
9.92310990990998   0.8   0   0   1
9.93313325325333   0.8   0   0   1
9.94315659659667   0.8   0   0   1
9.95317993994001   0.8   0   0   1
9.96320328328336   0.8   0   0   1
9.9732266266267   0.8   0   0   1
9.98324996997004   0.8   0   0   1
9.99327331331339   0.8   0   0   1
10.0032966566567   0.8   0   0   1
10.0133200000001   0.8   0   0   1
