variables = x,rho,u,v,p
0   3.8571   2.6293   0   10.3333
0.0100233433433433   3.8571   2.6293   0   10.3333
0.0200466866866867   3.8571   2.6293   0   10.3333
0.03007003003003   3.8571   2.6293   0   10.3333
0.0400933733733734   3.8571   2.6293   0   10.3333
0.0501167167167167   3.8571   2.6293   0   10.3333
0.0601400600600601   3.8571   2.6293   0   10.3333
0.0701634034034034   3.8571   2.6293   0   10.3333
0.0801867467467468   3.8571   2.6293   0   10.3333
0.0902100900900901   3.8571   2.6293   0   10.3333
0.100233433433433   3.8571   2.6293   0   10.3333
0.110256776776777   3.8571   2.6293   0   10.3333
0.12028012012012   3.8571   2.6293   0   10.3333
0.130303463463463   3.8571   2.6293   0   10.3333
0.140326806806807   3.8571   2.6293   0   10.3333
0.15035015015015   3.8571   2.6293   0   10.3333
0.160373493493494   3.8571   2.6293   0   10.3333
0.170396836836837   3.8571   2.6293   0   10.3333
0.18042018018018   3.8571   2.6293   0   10.3333
0.190443523523524   3.8571   2.6293   0   10.3333
0.200466866866867   3.8571   2.6293   0   10.3333
0.21049021021021   3.8571   2.6293   0   10.3333
0.220513553553554   3.8571   2.6293   0   10.3333
0.230536896896897   3.8571   2.6293   0   10.3333
0.24056024024024   3.8571   2.6293   0   10.3333
0.250583583583584   3.8571   2.6293   0   10.3333
0.260606926926927   3.8571   2.6293   0   10.3333
0.27063027027027   3.8571   2.6293   0   10.3333
0.280653613613614   3.8571   2.6293   0   10.3333
0.290676956956957   3.8571   2.6293   0   10.3333
0.3007003003003   3.8571   2.6293   0   10.3333
0.310723643643644   3.8571   2.6293   0   10.3333
0.320746986986987   3.8571   2.6293   0   10.3333
0.330770330330331   3.8571   2.6293   0   10.3333
0.340793673673674   3.8571   2.6293   0   10.3333
0.350817017017017   3.8571   2.6293   0   10.3333
0.360840360360361   3.8571   2.6293   0   10.3333
0.370863703703704   3.8571   2.6293   0   10.3333
0.380887047047047   3.8571   2.6293   0   10.3333
0.390910390390391   3.8571   2.6293   0   10.3333
0.400933733733734   3.8571   2.6293   0   10.3333
0.410957077077078   3.8571   2.6293   0   10.3333
0.420980420420421   3.8571   2.6293   0   10.3333
0.431003763763764   3.8571   2.6293   0   10.3333
0.441027107107108   3.8571   2.6293   0   10.3333
0.451050450450451   3.8571   2.6293   0   10.3333
0.461073793793794   3.8571   2.6293   0   10.3333
0.471097137137138   3.8571   2.6293   0   10.3333
0.481120480480481   3.8571   2.6293   0   10.3333
0.491143823823825   3.8571   2.6293   0   10.3333
0.501167167167168   3.8571   2.6293   0   10.3333
0.511190510510511   3.8571   2.6293   0   10.3333
0.521213853853855   3.8571   2.6293   0   10.3333
0.531237197197198   3.8571   2.6293   0   10.3333
0.541260540540541   3.8571   2.6293   0   10.3333
0.551283883883884   3.8571   2.6293   0   10.3333
0.561307227227228   3.8571   2.6293   0   10.3333
0.571330570570571   3.8571   2.6293   0   10.3333
0.581353913913914   3.8571   2.6293   -1.49992374826143e-16   10.3333
0.591377257257258   3.85709999999999   2.62930000000001   -3.57569479975073e-16   10.3333
0.601400600600601   3.85709999999997   2.62930000000002   -1.84766700278436e-16   10.3332999999998
0.611423943943944   3.8570999999999   2.62930000000006   -3.69332097942813e-16   10.3332999999996
0.621447287287288   3.85709999999976   2.62930000000015   -1.6599586972689e-16   10.3332999999989
0.631470630630631   3.85709999999942   2.62930000000036   -3.26929200626726e-17   10.3332999999973
0.641493973973974   3.85709999999863   2.62930000000084   1.40259685280718e-16   10.3332999999936
0.651517317317318   3.85709999999681   2.62930000000196   -2.9908086805308e-16   10.3332999999851
0.661540660660661   3.85709999999268   2.62930000000449   -2.53792950893172e-16   10.333299999966
0.671564004004004   3.85709999998343   2.62930000001012   -2.45488830779406e-16   10.3332999999234
0.681587347347348   3.85709999996303   2.62930000002251   -3.02662930086055e-17   10.3332999998298
0.691610690690691   3.85709999991867   2.62930000004933   -5.71174273824059e-17   10.333299999627
0.701634034034034   3.85709999982363   2.62930000010661   -2.32843800995575e-16   10.3332999991942
0.711657377377378   3.85709999962294   2.6293000002271   1.08489297275716e-16   10.3332999982839
0.721680720720721   3.85709999920538   2.62930000047687   3.66483424124973e-16   10.3332999963973
0.731704064064064   3.85709999834933   2.62930000098704   5.35981919950911e-16   10.3332999925449
0.741727407407408   3.85709999662022   2.62930000201368   6.74304247832954e-16   10.3332999847946
0.751750750750751   3.85709999317934   2.62930000404904   5.31803111908065e-16   10.3332999694332
0.761774094094094   3.85709998643389   2.62930000802415   3.24865421339779e-16   10.3332999394398
0.771797437437437   3.85709997340765   2.62930001567165   2.71406081458996e-16   10.3332998817521
0.781820780780781   3.85709994862947   2.62930003016352   3.64827851151202e-18   10.3332997724632
0.791844124124124   3.85709990220614   2.62930005721182   -2.30305998473737e-16   10.3332995685344
0.801867467467467   3.85709981654301   2.62930010693289   -4.68136300010552e-16   10.3332991937627
0.811890810810811   3.85709966086831   2.6293001969452   -4.09724556261698e-16   10.3332985154718
0.821914154154154   3.85709938226625   2.62930035741761   -7.98591987671762e-16   10.3332973065388
0.831937497497497   3.85709889128046   2.62930063913413   -9.41957880352349e-16   10.33329518475
0.841960840840841   3.85709803926289   2.62930112611817   -1.47990607534256e-15   10.3332915179042
0.851984184184184   3.85709658346743   2.62930195498563   -1.87488619848338e-15   10.3332852783829
0.862007527527527   3.857094134393   2.62930334398289   -1.89722370863487e-15   10.333274825022
0.872030870870871   3.8570900780787   2.62930563560049   -1.7736872322687e-15   10.3332575831201
0.882054214214214   3.85708346402119   2.62930935768736   -1.70126576074121e-15   10.3332295857013
0.892077557557557   3.85707284729718   2.62931530902112   -1.28378889694527e-15   10.3331848314656
0.902100900900901   3.8570560716403   2.62932467614518   -9.26101891986156e-16   10.3331144085289
0.912124244244244   3.85702997910624   2.62933918871181   -7.88896414193406e-16   10.3330053299525
0.922147587587587   3.85699003218828   2.62936132024075   -4.03956135227802e-16   10.3328390296987
0.932170930930931   3.85692983657255   2.62939453973079   1.25839951534457e-16   10.3325894789247
0.942194274274274   3.85684055794716   2.62944361655168   6.11693645648995e-16   10.3322209054342
0.952217617617617   3.85671023510551   2.62951497617646   9.01162644997764e-16   10.3316851360748
0.96224096096096   3.85652300440487   2.62961709745277   9.45648560951879e-16   10.3309186339949
0.972264304304304   3.85625826730437   2.62976093342608   1.00826173727816e-15   10.3298393687119
0.982287647647647   3.85588985226444   2.62996032781116   8.96079427296382e-16   10.3283437325086
0.99231099099099   3.85538524284334   2.63023238913674   1.33772305370947e-15   10.326303793655
1.00233433433433   3.85470496251837   2.63059777589587   1.41120062978589e-15   10.3235652437205
1.01235767767768   3.85380222001382   2.63108084054983   1.34662140090567e-15   10.3199464387496
1.02238102102102   3.85262292295067   2.63170957978713   1.24250852355241e-15   10.3152389380303
1.03240436436436   3.85110615920149   2.63251534446054   1.19620442182235e-15   10.3092098980861
1.04242770770771   3.84918522259614   2.63353227571732   1.24534376213006e-15   10.3016065779283
1.05245105105105   3.84678922288439   2.63479645344577   1.43247742269158e-15   10.2921630578797
1.06247439439439   3.84384527197661   2.63634476745871   1.62015648371368e-15   10.2806090817576
1.07249773773774   3.84028118471169   2.63821354790709   1.84815148538345e-15   10.2666807231539
1.08252108108108   3.83602857964352   2.6404370157479   2.03498837810869e-15   10.2501323787924
1.09254442442442   3.83102622088985   2.64304563324735   2.16697038829437e-15   10.2307494336275
1.10256776776777   3.82522341218337   2.64606444585597   2.48005720600699e-15   10.2083608463186
1.11259111111111   3.81858324279485   2.6495115090713   2.75369762712735e-15   10.1828508826598
1.12261445445445   3.81108549273591   2.65339648742966   2.90245841514077e-15   10.1541692785784
1.1326377977978   3.80272902919992   2.65771949931775   3.45568155193343e-15   10.1223392312586
1.14266114114114   3.79353356263272   2.66247026365558   3.63690700549104e-15   10.0874627754463
1.15268448448449   3.7835406728288   2.66762758582923   3.64495689974097e-15   10.0497232762767
1.16270782782783   3.7728140566688   2.67315920341521   3.39206691253246e-15   10.0093849352348
1.17273117117117   3.7614389843999   2.67902199927745   3.30751817772419e-15   9.9667893428575
1.18275451451452   3.74952097766045   2.6851625814055   3.30133467735037e-15   9.92234920998562
1.19277785785786   3.73718373927048   2.69151822497636   3.28124971881736e-15   9.87653946817247
1.2028012012012   3.72456637420868   2.698018170924   3.72922852037086e-15   9.8298859581629
1.21282454454455   3.71181994737472   2.70458527417484   4.03690305692883e-15   9.78295193959577
1.22284788788789   3.69910343227814   2.71113799045512   4.35529351738248e-15   9.73632267615405
1.23287123123123   3.68657912159226   2.71759267996833   4.51981635390812e-15   9.69058839960709
1.24289457457458   3.67440760039353   2.72386618674489   4.51337977393067e-15   9.64632605044664
1.25291791791792   3.6627424280618   2.72987862312825   4.75166617233877e-15   9.60408033915981
1.26294126126126   3.65172473321052   2.73555625121713   4.6845658575779e-15   9.5643448626018
1.27296460460461   3.64147799024599   2.74083431183763   4.53674323039685e-15   9.52754421776562
1.28298794794795   3.63210330335313   2.74565961470984   4.35355241397372e-15   9.49401823528712
1.29301129129129   3.62367555712084   2.74999268110417   4.24196133517187e-15   9.46400954939471
1.30303463463464   3.61624078556099   2.75380923275287   3.61892004904994e-15   9.43765567172779
1.31305797797798   3.60981505057982   2.75710085538368   3.41633713194374e-15   9.41498650303074
1.32308132132132   3.60438500461689   2.75987473308587   3.00348766040501e-15   9.39592779409813
1.33310466466467   3.59991015108568   2.76215244377531   2.27997714254572e-15   9.38031049697511
1.34312800800801   3.59632663431618   2.76396791151268   1.81089642037217e-15   9.36788531534351
1.35315135135135   3.59355222000596   2.76536470894662   1.85179941202092e-15   9.3583411824276
1.3631746946947   3.59149199994007   2.76639297375788   1.4034810449634e-15   9.3513259771472
1.37319803803804   3.59004429451533   2.76710623346481   8.49660917352131e-16   9.34646761386338
1.38322138138138   3.58910624205786   2.76755841936548   7.84600652142863e-16   9.34339373351138
1.39324472472473   3.58857864713716   2.76780129858329   1.11217713523276e-15   9.34174855156184
1.40326806806807   3.58836978981198   2.76788247637304   1.88295349882749e-15   9.34120590294594
1.41329141141141   3.58839804598785   2.76784403542902   2.84814477126849e-15   9.34147806622003
1.42331475475476   3.58859330842445   2.76772180012897   3.61164460087671e-15   9.34232045394324
1.4333380980981   3.58889730746218   2.76754515233661   4.15979554921301e-15   9.34353265332035
1.44336144144144   3.58926299881001   2.76733728682217   4.4143959037807e-15   9.34495655462101
1.45338478478479   3.58965321101511   2.7671157785463   5.07204677489007e-15   9.346472411909
1.46340812812813   3.59003873360054   2.76689333720858   5.52414693902555e-15   9.34799366332766
1.47343147147147   3.59039598940724   2.76667864086568   5.51421999708769e-15   9.34946123243168
1.48345481481482   3.59070438474435   2.76647716404357   5.41781771833872e-15   9.35083787683867
1.49347815815816   3.5909433819373   2.76629194140118   5.36446178683578e-15   9.35210298023876
1.50350150150151   3.59108930276662   2.76612423185174   5.42987928805801e-15   9.35324802422017
1.51352484484485   3.59111185780106   2.76597406783431   5.07447208548554e-15   9.35427284319998
1.52354818818819   3.59097041244536   2.76584068920336   4.68508737176645e-15   9.35518266585669
1.53357153153154   3.59061004866889   2.76572287100469   4.5988329173735e-15   9.35598587994936
1.54359487487488   3.58995756040215   2.76561915989178   4.16823448957061e-15   9.35669242006579
1.55361821821822   3.58891762375101   2.76552803605954   3.35891830375084e-15   9.35731266332771
1.56364156156157   3.58736949795688   2.7654480173426   2.42068585679527e-15   9.35785671960205
1.57366490490491   3.58516472129267   2.76537772044933   1.77316230824834e-15   9.35833401416227
1.58368824824825   3.58212634535311   2.76531589190962   8.99523532303736e-16   9.35875307705316
1.5937115915916   3.57805027724722   2.76526141872802   2.17475787345367e-16   9.3591214710453
1.60373493493494   3.57270924988962   2.7652133262931   -1.72812260446573e-16   9.35944580670942
1.61375827827828   3.56585980053549   2.76517076898226   -3.03127747204102e-16   9.35973180753194
1.62378162162163   3.55725240299039   2.765133017191   -2.17961291321349e-16   9.35998439963989
1.63380496496497   3.5466445807749   2.76509944320419   -4.76608937190962e-16   9.36020780962085
1.64382830830831   3.53381645488935   2.76506950737047   -5.6900880922997e-16   9.36040566041896
1.65385165165166   3.51858779402264   2.76504274537581   -3.89374066636848e-16   9.36058105979339
1.663874994995   3.50083529109988   2.76501875697327   -2.29098557995809e-18   9.36073667879633
1.67389833833834   3.48050854506536   2.76499719625288   4.64344142824558e-16   9.36087481957546
1.68392168168169   3.45764313144321   2.76497776337892   4.33140924553898e-16   9.36099747287265
1.69394502502503   3.43236923408799   2.7649601976423   9.84565134077203e-16   9.36110636614135
1.70396836836837   3.40491459413755   2.76494427164587   9.74261721983067e-16   9.36120300343127
1.71399171171172   3.3756009925117   2.76492978643892   1.05861819952507e-15   9.36128869822394
1.72401505505506   3.34483407320171   2.7649165674311   1.17771575948773e-15   9.36136460033133
1.7340383983984   3.31308696717119   2.76490446093632   1.19215572440875e-15   9.36143171784366
1.74406174174175   3.28087880911725   2.7648933312168   9.99236592661261e-16   9.3614909349545
1.75408508508509   3.24874976940249   2.76488305791254   7.18890664712299e-16   9.36154302630637
1.76410842842843   3.21723458152073   2.76487353374655   6.34733079058614e-16   9.36158866826946
1.77413177177178   3.18683668546192   2.76486466238344   -5.81371047289003e-17   9.36162844724299
1.78415511511512   3.1580050138806   2.76485635627612   -4.79694893805723e-16   9.36166286455962
1.79417845845846   3.13111513806789   2.76484853423633   -8.70216626462468e-16   9.3616923366928
1.80420180180181   3.10645601021537   2.76484111826251   -1.28194957214873e-15   9.36171718786285
1.81422514514515   3.08422295380522   2.76483402875894   -1.73186032064338e-15   9.36173762913081
1.82424848848849   3.06451694115519   2.76482717650492   -2.29912675184199e-15   9.36175371236017
1.83427183183184   3.04734962977691   2.76482044823852   -2.76833008836998e-15   9.36176523652457
1.84429517517518   3.0326531677274   2.76481367984888   -3.04880013096352e-15   9.36177156298609
1.85431851851853   3.02029346191962   2.7648066056679   -3.08655014568921e-15   9.36177125646384
1.86434186186187   3.01008544627574   2.76479876181885   -3.25636313438259e-15   9.36176139210004
1.87436520520521   3.00180887591413   2.76478930143843   -3.58602761916134e-15   9.36173622318586
1.88438854854856   2.99522327083454   2.7647766411138   -4.11060774782464e-15   9.3616846255849
1.8944118918919   2.99008077424329   2.76475778442246   -4.23459011180912e-15   9.3615852033114
1.90443523523524   2.98613578436583   2.7647270282988   -4.00881023179224e-15   9.36139692573841
1.91445857857859   2.98315012927728   2.76467349057804   -3.73818967045282e-15   9.36104123385579
1.92448192192193   2.98089207035071   2.76457638715464   -3.63986832265386e-15   9.36036787055534
1.93450526526527   2.97912618242458   2.76439601492612   -3.88358845072815e-15   9.35908968334181
1.94452860860862   2.97758852377667   2.7640565433278   -3.91457401646436e-15   9.35665834555645
1.95455195195196   2.97593629201853   2.76341318587065   -3.96929928670296e-15   9.35202779196736
1.9645752952953   2.9736511869239   2.76218960002716   -4.27393819603924e-15   9.34320499577029
1.97459863863865   2.96985707445977   2.75985858548204   -4.52157111467545e-15   9.32640064469957
1.98462198198199   2.96297875749271   2.75541494275561   -4.84414896727806e-15   9.29443665505794
1.99464532532533   2.95011058185239   2.74694379705915   -5.18592369070491e-15   9.23380807083279
2.00466866866868   2.92587546284697   2.73080315939856   -5.42016928601095e-15   9.1194341693658
2.01469201201202   2.88046542132262   2.70008766024565   -5.64959577384407e-15   8.90589389325461
2.02471535535536   2.79664577423067   2.64179038562947   -5.62312114473721e-15   8.51494250837774
2.03473869869871   2.64647360902938   2.53178254706846   -5.46719529793325e-15   7.82515922904588
2.04476204204205   2.39225885072829   2.3270369855582   -4.92448754454565e-15   6.68957132481282
2.05478538538539   2.00541673628259   1.95941179451127   -3.88389838684878e-15   5.04516555461336
2.06480872872874   1.52162048339616   1.36249062146384   -2.24474744346847e-15   3.15957309401301
2.07483207207208   1.09315875843322   0.629026771506226   -6.5595134315972e-16   1.72363495078038
2.08485541541542   0.870901629995284   0.151665251798267   -9.71973881288695e-17   1.1398755358976
2.09487875875877   0.811005307839519   0.0227043024116065   -4.52993956022871e-19   1.01960809791044
2.10490210210211   0.80144968885231   0.00297950281852083   -8.43564906109837e-23   1.00254236496396
2.11492544544545   0.800186364203295   0.000382995053972252   -7.9045414640223e-17   1.00032622505849
2.1249487887888   0.800023889068188   4.90940471185977e-05   -2.5179549474716e-21   1.00004180730702
2.13497213213214   0.80000306107762   6.29077442296113e-06   -4.1308458613954e-27   1.00000535690943
2.14499547547548   0.800000392215528   8.06036688327428e-07   -4.54476179350471e-34   1.00000068637756
2.15501881881883   0.800000050253671   1.03275688097441e-07   -3.65968229395329e-42   1.00000008794393
2.16504216216217   0.800000006438805   1.32323167812396e-08   -2.20766306666169e-51   1.00000001126791
2.17506550550551   0.800000000824968   1.69538340866856e-09   -9.78628776800364e-62   1.00000000144369
2.18508884884886   0.800000000105697   2.17216421936358e-10   -2.98475744800706e-73   1.00000000018497
2.1951121921922   0.800000000013542   2.78295308086292e-11   -5.46885942748113e-86   1.0000000000237
2.20513553553555   0.800000000001735   3.56520782769021e-12   -4.76419550498153e-100   1.00000000000303
2.21515887887889   0.800000000000222   4.56469115114813e-13   -1.47758656578177e-134   1.00000000000039
2.22518222222223   0.800000000000028   5.82475835434861e-14   -3.39943195011139e-151   1.00000000000005
2.23520556556558   0.800000000000004   7.28984094759683e-15   -9.35511860386612e-169   1.00000000000001
2.24522890890892   0.8   7.90654708474604e-16   -1.9171844663532e-187   1
2.25525225225226   0.8   6.32522625481489e-17   -2.17954576172172e-207   1
2.26527559559561   0.8   0   0   1
2.27529893893895   0.8   0   0   1
2.28532228228229   0.8   0   0   1
2.29534562562564   0.8   0   0   1
2.30536896896898   0.8   0   0   1
2.31539231231232   0.8   0   0   1
2.32541565565567   0.8   0   0   1
2.33543899899901   0.8   0   0   1
2.34546234234235   0.8   0   0   1
2.3554856856857   0.8   0   0   1
2.36550902902904   0.8   0   0   1
2.37553237237238   0.8   0   0   1
2.38555571571573   0.8   0   0   1
2.39557905905907   0.8   0   0   1
2.40560240240241   0.8   0   0   1
2.41562574574576   0.8   0   0   1
2.4256490890891   0.8   0   0   1
2.43567243243244   0.8   0   0   1
2.44569577577579   0.8   0   0   1
2.45571911911913   0.8   0   0   1
2.46574246246247   0.8   0   0   1
2.47576580580582   0.8   0   0   1
2.48578914914916   0.8   0   0   1
2.4958124924925   0.8   0   0   1
2.50583583583585   0.8   0   0   1
2.51585917917919   0.8   0   0   1
2.52588252252253   0.8   0   0   1
2.53590586586588   0.8   0   0   1
2.54592920920922   0.8   0   0   1
2.55595255255257   0.8   0   0   1
2.56597589589591   0.8   0   0   1
2.57599923923925   0.8   0   0   1
2.5860225825826   0.8   0   0   1
2.59604592592594   0.8   0   0   1
2.60606926926928   0.8   0   0   1
2.61609261261263   0.8   0   0   1
2.62611595595597   0.8   0   0   1
2.63613929929931   0.8   0   0   1
2.64616264264266   0.8   0   0   1
2.656185985986   0.8   0   0   1
2.66620932932934   0.8   0   0   1
2.67623267267269   0.8   0   0   1
2.68625601601603   0.8   0   0   1
2.69627935935937   0.8   0   0   1
2.70630270270272   0.8   0   0   1
2.71632604604606   0.8   0   0   1
2.7263493893894   0.8   0   0   1
2.73637273273275   0.8   0   0   1
2.74639607607609   0.8   0   0   1
2.75641941941943   0.8   0   0   1
2.76644276276278   0.8   0   0   1
2.77646610610612   0.8   0   0   1
2.78648944944946   0.8   0   0   1
2.79651279279281   0.8   0   0   1
2.80653613613615   0.8   0   0   1
2.81655947947949   0.8   0   0   1
2.82658282282284   0.8   0   0   1
2.83660616616618   0.8   0   0   1
2.84662950950952   0.8   0   0   1
2.85665285285287   0.8   0   0   1
2.86667619619621   0.8   0   0   1
2.87669953953955   0.8   0   0   1
2.8867228828829   0.8   0   0   1
2.89674622622624   0.8   0   0   1
2.90676956956958   0.8   0   0   1
2.91679291291293   0.8   0   0   1
2.92681625625627   0.8   0   0   1
2.93683959959962   0.8   0   0   1
2.94686294294296   0.8   0   0   1
2.9568862862863   0.8   0   0   1
2.96690962962965   0.8   0   0   1
2.97693297297299   0.8   0   0   1
2.98695631631633   0.8   0   0   1
2.99697965965968   0.8   0   0   1
3.00700300300302   0.8   0   0   1
3.01702634634636   0.8   0   0   1
3.02704968968971   0.8   0   0   1
3.03707303303305   0.8   0   0   1
3.04709637637639   0.8   0   0   1
3.05711971971974   0.8   0   0   1
3.06714306306308   0.8   0   0   1
3.07716640640642   0.8   0   0   1
3.08718974974977   0.8   0   0   1
3.09721309309311   0.8   0   0   1
3.10723643643645   0.8   0   0   1
3.1172597797798   0.8   0   0   1
3.12728312312314   0.8   0   0   1
3.13730646646648   0.8   0   0   1
3.14732980980983   0.8   0   0   1
3.15735315315317   0.8   0   0   1
3.16737649649651   0.8   0   0   1
3.17739983983986   0.8   0   0   1
3.1874231831832   0.8   0   0   1
3.19744652652654   0.8   0   0   1
3.20746986986989   0.8   0   0   1
3.21749321321323   0.8   0   0   1
3.22751655655657   0.8   0   0   1
3.23753989989992   0.8   0   0   1
3.24756324324326   0.8   0   0   1
3.2575865865866   0.8   0   0   1
3.26760992992995   0.8   0   0   1
3.27763327327329   0.8   0   0   1
3.28765661661664   0.8   0   0   1
3.29767995995998   0.8   0   0   1
3.30770330330332   0.8   0   0   1
3.31772664664667   0.8   0   0   1
3.32774998999001   0.8   0   0   1
3.33777333333335   0.8   0   0   1
3.3477966766767   0.8   0   0   1
3.35782002002004   0.8   0   0   1
3.36784336336338   0.8   0   0   1
3.37786670670673   0.8   0   0   1
3.38789005005007   0.8   0   0   1
3.39791339339341   0.8   0   0   1
3.40793673673676   0.8   0   0   1
3.4179600800801   0.8   0   0   1
3.42798342342344   0.8   0   0   1
3.43800676676679   0.8   0   0   1
3.44803011011013   0.8   0   0   1
3.45805345345347   0.8   0   0   1
3.46807679679682   0.8   0   0   1
3.47810014014016   0.8   0   0   1
3.4881234834835   0.8   0   0   1
3.49814682682685   0.8   0   0   1
3.50817017017019   0.8   0   0   1
3.51819351351353   0.8   0   0   1
3.52821685685688   0.8   0   0   1
3.53824020020022   0.8   0   0   1
3.54826354354356   0.8   0   0   1
3.55828688688691   0.8   0   0   1
3.56831023023025   0.8   0   0   1
3.57833357357359   0.8   0   0   1
3.58835691691694   0.8   0   0   1
3.59838026026028   0.8   0   0   1
3.60840360360362   0.8   0   0   1
3.61842694694697   0.8   0   0   1
3.62845029029031   0.8   0   0   1
3.63847363363366   0.8   0   0   1
3.648496976977   0.8   0   0   1
3.65852032032034   0.8   0   0   1
3.66854366366369   0.8   0   0   1
3.67856700700703   0.8   0   0   1
3.68859035035037   0.8   0   0   1
3.69861369369372   0.8   0   0   1
3.70863703703706   0.8   0   0   1
3.7186603803804   0.8   0   0   1
3.72868372372375   0.8   0   0   1
3.73870706706709   0.8   0   0   1
3.74873041041043   0.8   0   0   1
3.75875375375378   0.8   0   0   1
3.76877709709712   0.8   0   0   1
3.77880044044046   0.8   0   0   1
3.78882378378381   0.8   0   0   1
3.79884712712715   0.8   0   0   1
3.80887047047049   0.8   0   0   1
3.81889381381384   0.8   0   0   1
3.82891715715718   0.8   0   0   1
3.83894050050052   0.8   0   0   1
3.84896384384387   0.8   0   0   1
3.85898718718721   0.8   0   0   1
3.86901053053055   0.8   0   0   1
3.8790338738739   0.8   0   0   1
3.88905721721724   0.8   0   0   1
3.89908056056058   0.8   0   0   1
3.90910390390393   0.8   0   0   1
3.91912724724727   0.8   0   0   1
3.92915059059061   0.8   0   0   1
3.93917393393396   0.8   0   0   1
3.9491972772773   0.8   0   0   1
3.95922062062064   0.8   0   0   1
3.96924396396399   0.8   0   0   1
3.97926730730733   0.8   0   0   1
3.98929065065068   0.8   0   0   1
3.99931399399402   0.8   0   0   1
4.00933733733736   0.8   0   0   1
4.01936068068071   0.8   0   0   1
4.02938402402405   0.8   0   0   1
4.03940736736739   0.8   0   0   1
4.04943071071074   0.8   0   0   1
4.05945405405408   0.8   0   0   1
4.06947739739742   0.8   0   0   1
4.07950074074077   0.8   0   0   1
4.08952408408411   0.8   0   0   1
4.09954742742745   0.8   0   0   1
4.1095707707708   0.8   0   0   1
4.11959411411414   0.8   0   0   1
4.12961745745748   0.8   0   0   1
4.13964080080083   0.8   0   0   1
4.14966414414417   0.8   0   0   1
4.15968748748751   0.8   0   0   1
4.16971083083086   0.8   0   0   1
4.1797341741742   0.8   0   0   1
4.18975751751754   0.8   0   0   1
4.19978086086089   0.8   0   0   1
4.20980420420423   0.8   0   0   1
4.21982754754757   0.8   0   0   1
4.22985089089092   0.8   0   0   1
4.23987423423426   0.8   0   0   1
4.2498975775776   0.8   0   0   1
4.25992092092095   0.8   0   0   1
4.26994426426429   0.8   0   0   1
4.27996760760763   0.8   0   0   1
4.28999095095098   0.8   0   0   1
4.30001429429432   0.8   0   0   1
4.31003763763766   0.8   0   0   1
4.32006098098101   0.8   0   0   1
4.33008432432435   0.8   0   0   1
4.3401076676677   0.8   0   0   1
4.35013101101104   0.8   0   0   1
4.36015435435438   0.8   0   0   1
4.37017769769773   0.8   0   0   1
4.38020104104107   0.8   0   0   1
4.39022438438441   0.8   0   0   1
4.40024772772776   0.8   0   0   1
4.4102710710711   0.8   0   0   1
4.42029441441444   0.8   0   0   1
4.43031775775779   0.8   0   0   1
4.44034110110113   0.8   0   0   1
4.45036444444447   0.8   0   0   1
4.46038778778782   0.8   0   0   1
4.47041113113116   0.8   0   0   1
4.4804344744745   0.8   0   0   1
4.49045781781785   0.8   0   0   1
4.50048116116119   0.8   0   0   1
4.51050450450453   0.8   0   0   1
4.52052784784788   0.8   0   0   1
4.53055119119122   0.8   0   0   1
4.54057453453456   0.8   0   0   1
4.55059787787791   0.8   0   0   1
4.56062122122125   0.8   0   0   1
4.57064456456459   0.8   0   0   1
4.58066790790794   0.8   0   0   1
4.59069125125128   0.8   0   0   1
4.60071459459462   0.8   0   0   1
4.61073793793797   0.8   0   0   1
4.62076128128131   0.8   0   0   1
4.63078462462465   0.8   0   0   1
4.640807967968   0.8   0   0   1
4.65083131131134   0.8   0   0   1
4.66085465465468   0.8   0   0   1
4.67087799799803   0.8   0   0   1
4.68090134134137   0.8   0   0   1
4.69092468468472   0.8   0   0   1
4.70094802802806   0.8   0   0   1
4.7109713713714   0.8   0   0   1
4.72099471471475   0.8   0   0   1
4.73101805805809   0.8   0   0   1
4.74104140140143   0.8   0   0   1
4.75106474474478   0.8   0   0   1
4.76108808808812   0.8   0   0   1
4.77111143143146   0.8   0   0   1
4.78113477477481   0.8   0   0   1
4.79115811811815   0.8   0   0   1
4.80118146146149   0.8   0   0   1
4.81120480480484   0.8   0   0   1
4.82122814814818   0.8   0   0   1
4.83125149149152   0.8   0   0   1
4.84127483483487   0.8   0   0   1
4.85129817817821   0.8   0   0   1
4.86132152152155   0.8   0   0   1
4.8713448648649   0.8   0   0   1
4.88136820820824   0.8   0   0   1
4.89139155155158   0.8   0   0   1
4.90141489489493   0.8   0   0   1
4.91143823823827   0.8   0   0   1
4.92146158158161   0.8   0   0   1
4.93148492492496   0.8   0   0   1
4.9415082682683   0.8   0   0   1
4.95153161161164   0.8   0   0   1
4.96155495495499   0.8   0   0   1
4.97157829829833   0.8   0   0   1
4.98160164164167   0.8   0   0   1
4.99162498498502   0.8   0   0   1
5.00164832832836   0.8   0   0   1
5.0116716716717   0.8   0   0   1
5.02169501501505   0.8   0   0   1
5.03171835835839   0.8   0   0   1
5.04174170170173   0.8   0   0   1
5.05176504504508   0.8   0   0   1
5.06178838838842   0.8   0   0   1
5.07181173173177   0.8   0   0   1
5.08183507507511   0.8   0   0   1
5.09185841841845   0.8   0   0   1
5.1018817617618   0.8   0   0   1
5.11190510510514   0.8   0   0   1
5.12192844844848   0.8   0   0   1
5.13195179179183   0.8   0   0   1
5.14197513513517   0.8   0   0   1
5.15199847847851   0.8   0   0   1
5.16202182182186   0.8   0   0   1
5.1720451651652   0.8   0   0   1
5.18206850850854   0.8   0   0   1
5.19209185185189   0.8   0   0   1
5.20211519519523   0.8   0   0   1
5.21213853853857   0.8   0   0   1
5.22216188188192   0.8   0   0   1
5.23218522522526   0.8   0   0   1
5.2422085685686   0.8   0   0   1
5.25223191191195   0.8   0   0   1
5.26225525525529   0.8   0   0   1
5.27227859859863   0.8   0   0   1
5.28230194194198   0.8   0   0   1
5.29232528528532   0.8   0   0   1
5.30234862862866   0.8   0   0   1
5.31237197197201   0.8   0   0   1
5.32239531531535   0.8   0   0   1
5.33241865865869   0.8   0   0   1
5.34244200200204   0.8   0   0   1
5.35246534534538   0.8   0   0   1
5.36248868868872   0.8   0   0   1
5.37251203203207   0.8   0   0   1
5.38253537537541   0.8   0   0   1
5.39255871871875   0.8   0   0   1
5.4025820620621   0.8   0   0   1
5.41260540540544   0.8   0   0   1
5.42262874874879   0.8   0   0   1
5.43265209209213   0.8   0   0   1
5.44267543543547   0.8   0   0   1
5.45269877877882   0.8   0   0   1
5.46272212212216   0.8   0   0   1
5.4727454654655   0.8   0   0   1
5.48276880880885   0.8   0   0   1
5.49279215215219   0.8   0   0   1
5.50281549549553   0.8   0   0   1
5.51283883883888   0.8   0   0   1
5.52286218218222   0.8   0   0   1
5.53288552552556   0.8   0   0   1
5.54290886886891   0.8   0   0   1
5.55293221221225   0.8   0   0   1
5.56295555555559   0.8   0   0   1
5.57297889889894   0.8   0   0   1
5.58300224224228   0.8   0   0   1
5.59302558558562   0.8   0   0   1
5.60304892892897   0.8   0   0   1
5.61307227227231   0.8   0   0   1
5.62309561561565   0.8   0   0   1
5.633118958959   0.8   0   0   1
5.64314230230234   0.8   0   0   1
5.65316564564568   0.8   0   0   1
5.66318898898903   0.8   0   0   1
5.67321233233237   0.8   0   0   1
5.68323567567571   0.8   0   0   1
5.69325901901906   0.8   0   0   1
5.7032823623624   0.8   0   0   1
5.71330570570574   0.8   0   0   1
5.72332904904909   0.8   0   0   1
5.73335239239243   0.8   0   0   1
5.74337573573577   0.8   0   0   1
5.75339907907912   0.8   0   0   1
5.76342242242246   0.8   0   0   1
5.77344576576581   0.8   0   0   1
5.78346910910915   0.8   0   0   1
5.79349245245249   0.8   0   0   1
5.80351579579584   0.8   0   0   1
5.81353913913918   0.8   0   0   1
5.82356248248252   0.8   0   0   1
5.83358582582587   0.8   0   0   1
5.84360916916921   0.8   0   0   1
5.85363251251255   0.8   0   0   1
5.8636558558559   0.8   0   0   1
5.87367919919924   0.8   0   0   1
5.88370254254258   0.8   0   0   1
5.89372588588593   0.8   0   0   1
5.90374922922927   0.8   0   0   1
5.91377257257261   0.8   0   0   1
5.92379591591596   0.8   0   0   1
5.9338192592593   0.8   0   0   1
5.94384260260264   0.8   0   0   1
5.95386594594599   0.8   0   0   1
5.96388928928933   0.8   0   0   1
5.97391263263267   0.8   0   0   1
5.98393597597602   0.8   0   0   1
5.99395931931936   0.8   0   0   1
6.0039826626627   0.8   0   0   1
6.01400600600605   0.8   0   0   1
6.02402934934939   0.8   0   0   1
6.03405269269273   0.8   0   0   1
6.04407603603608   0.8   0   0   1
6.05409937937942   0.8   0   0   1
6.06412272272276   0.8   0   0   1
6.07414606606611   0.8   0   0   1
6.08416940940945   0.8   0   0   1
6.09419275275279   0.8   0   0   1
6.10421609609614   0.8   0   0   1
6.11423943943948   0.8   0   0   1
6.12426278278283   0.8   0   0   1
6.13428612612617   0.8   0   0   1
6.14430946946951   0.8   0   0   1
6.15433281281286   0.8   0   0   1
6.1643561561562   0.8   0   0   1
6.17437949949954   0.8   0   0   1
6.18440284284289   0.8   0   0   1
6.19442618618623   0.8   0   0   1
6.20444952952957   0.8   0   0   1
6.21447287287292   0.8   0   0   1
6.22449621621626   0.8   0   0   1
6.2345195595596   0.8   0   0   1
6.24454290290295   0.8   0   0   1
6.25456624624629   0.8   0   0   1
6.26458958958963   0.8   0   0   1
6.27461293293298   0.8   0   0   1
6.28463627627632   0.8   0   0   1
6.29465961961966   0.8   0   0   1
6.30468296296301   0.8   0   0   1
6.31470630630635   0.8   0   0   1
6.32472964964969   0.8   0   0   1
6.33475299299304   0.8   0   0   1
6.34477633633638   0.8   0   0   1
6.35479967967972   0.8   0   0   1
6.36482302302307   0.8   0   0   1
6.37484636636641   0.8   0   0   1
6.38486970970975   0.8   0   0   1
6.3948930530531   0.8   0   0   1
6.40491639639644   0.8   0   0   1
6.41493973973978   0.8   0   0   1
6.42496308308313   0.8   0   0   1
6.43498642642647   0.8   0   0   1
6.44500976976981   0.8   0   0   1
6.45503311311316   0.8   0   0   1
6.4650564564565   0.8   0   0   1
6.47507979979985   0.8   0   0   1
6.48510314314319   0.8   0   0   1
6.49512648648653   0.8   0   0   1
6.50514982982988   0.8   0   0   1
6.51517317317322   0.8   0   0   1
6.52519651651656   0.8   0   0   1
6.53521985985991   0.8   0   0   1
6.54524320320325   0.8   0   0   1
6.55526654654659   0.8   0   0   1
6.56528988988994   0.8   0   0   1
6.57531323323328   0.8   0   0   1
6.58533657657662   0.8   0   0   1
6.59535991991997   0.8   0   0   1
6.60538326326331   0.8   0   0   1
6.61540660660665   0.8   0   0   1
6.62542994995   0.8   0   0   1
6.63545329329334   0.8   0   0   1
6.64547663663668   0.8   0   0   1
6.65549997998003   0.8   0   0   1
6.66552332332337   0.8   0   0   1
6.67554666666671   0.8   0   0   1
6.68557001001006   0.8   0   0   1
6.6955933533534   0.8   0   0   1
6.70561669669674   0.8   0   0   1
6.71564004004009   0.8   0   0   1
6.72566338338343   0.8   0   0   1
6.73568672672677   0.8   0   0   1
6.74571007007012   0.8   0   0   1
6.75573341341346   0.8   0   0   1
6.7657567567568   0.8   0   0   1
6.77578010010015   0.8   0   0   1
6.78580344344349   0.8   0   0   1
6.79582678678683   0.8   0   0   1
6.80585013013018   0.8   0   0   1
6.81587347347352   0.8   0   0   1
6.82589681681686   0.8   0   0   1
6.83592016016021   0.8   0   0   1
6.84594350350355   0.8   0   0   1
6.8559668468469   0.8   0   0   1
6.86599019019024   0.8   0   0   1
6.87601353353358   0.8   0   0   1
6.88603687687693   0.8   0   0   1
6.89606022022027   0.8   0   0   1
6.90608356356361   0.8   0   0   1
6.91610690690696   0.8   0   0   1
6.9261302502503   0.8   0   0   1
6.93615359359364   0.8   0   0   1
6.94617693693699   0.8   0   0   1
6.95620028028033   0.8   0   0   1
6.96622362362367   0.8   0   0   1
6.97624696696702   0.8   0   0   1
6.98627031031036   0.8   0   0   1
6.9962936536537   0.8   0   0   1
7.00631699699705   0.8   0   0   1
7.01634034034039   0.8   0   0   1
7.02636368368373   0.8   0   0   1
7.03638702702708   0.8   0   0   1
7.04641037037042   0.8   0   0   1
7.05643371371376   0.8   0   0   1
7.06645705705711   0.8   0   0   1
7.07648040040045   0.8   0   0   1
7.08650374374379   0.8   0   0   1
7.09652708708714   0.8   0   0   1
7.10655043043048   0.8   0   0   1
7.11657377377382   0.8   0   0   1
7.12659711711717   0.8   0   0   1
7.13662046046051   0.8   0   0   1
7.14664380380385   0.8   0   0   1
7.1566671471472   0.8   0   0   1
7.16669049049054   0.8   0   0   1
7.17671383383388   0.8   0   0   1
7.18673717717723   0.8   0   0   1
7.19676052052057   0.8   0   0   1
7.20678386386392   0.8   0   0   1
7.21680720720726   0.8   0   0   1
7.2268305505506   0.8   0   0   1
7.23685389389395   0.8   0   0   1
7.24687723723729   0.8   0   0   1
7.25690058058063   0.8   0   0   1
7.26692392392398   0.8   0   0   1
7.27694726726732   0.8   0   0   1
7.28697061061066   0.8   0   0   1
7.29699395395401   0.8   0   0   1
7.30701729729735   0.8   0   0   1
7.31704064064069   0.8   0   0   1
7.32706398398404   0.8   0   0   1
7.33708732732738   0.8   0   0   1
7.34711067067072   0.8   0   0   1
7.35713401401407   0.8   0   0   1
7.36715735735741   0.8   0   0   1
7.37718070070075   0.8   0   0   1
7.3872040440441   0.8   0   0   1
7.39722738738744   0.8   0   0   1
7.40725073073078   0.8   0   0   1
7.41727407407413   0.8   0   0   1
7.42729741741747   0.8   0   0   1
7.43732076076081   0.8   0   0   1
7.44734410410416   0.8   0   0   1
7.4573674474475   0.8   0   0   1
7.46739079079084   0.8   0   0   1
7.47741413413419   0.8   0   0   1
7.48743747747753   0.8   0   0   1
7.49746082082087   0.8   0   0   1
7.50748416416422   0.8   0   0   1
7.51750750750756   0.8   0   0   1
7.5275308508509   0.8   0   0   1
7.53755419419425   0.8   0   0   1
7.54757753753759   0.8   0   0   1
7.55760088088094   0.8   0   0   1
7.56762422422428   0.8   0   0   1
7.57764756756762   0.8   0   0   1
7.58767091091097   0.8   0   0   1
7.59769425425431   0.8   0   0   1
7.60771759759765   0.8   0   0   1
7.617740940941   0.8   0   0   1
7.62776428428434   0.8   0   0   1
7.63778762762768   0.8   0   0   1
7.64781097097103   0.8   0   0   1
7.65783431431437   0.8   0   0   1
7.66785765765771   0.8   0   0   1
7.67788100100106   0.8   0   0   1
7.6879043443444   0.8   0   0   1
7.69792768768774   0.8   0   0   1
7.70795103103109   0.8   0   0   1
7.71797437437443   0.8   0   0   1
7.72799771771777   0.8   0   0   1
7.73802106106112   0.8   0   0   1
7.74804440440446   0.8   0   0   1
7.7580677477478   0.8   0   0   1
7.76809109109115   0.8   0   0   1
7.77811443443449   0.8   0   0   1
7.78813777777783   0.8   0   0   1
7.79816112112118   0.8   0   0   1
7.80818446446452   0.8   0   0   1
7.81820780780786   0.8   0   0   1
7.82823115115121   0.8   0   0   1
7.83825449449455   0.8   0   0   1
7.84827783783789   0.8   0   0   1
7.85830118118124   0.8   0   0   1
7.86832452452458   0.8   0   0   1
7.87834786786792   0.8   0   0   1
7.88837121121127   0.8   0   0   1
7.89839455455461   0.8   0   0   1
7.90841789789796   0.8   0   0   1
7.9184412412413   0.8   0   0   1
7.92846458458464   0.8   0   0   1
7.93848792792799   0.8   0   0   1
7.94851127127133   0.8   0   0   1
7.95853461461467   0.8   0   0   1
7.96855795795802   0.8   0   0   1
7.97858130130136   0.8   0   0   1
7.9886046446447   0.8   0   0   1
7.99862798798805   0.8   0   0   1
8.00865133133139   0.8   0   0   1
8.01867467467473   0.8   0   0   1
8.02869801801808   0.8   0   0   1
8.03872136136142   0.8   0   0   1
8.04874470470476   0.8   0   0   1
8.05876804804811   0.8   0   0   1
8.06879139139145   0.8   0   0   1
8.07881473473479   0.8   0   0   1
8.08883807807814   0.8   0   0   1
8.09886142142148   0.8   0   0   1
8.10888476476482   0.8   0   0   1
8.11890810810817   0.8   0   0   1
8.12893145145151   0.8   0   0   1
8.13895479479485   0.8   0   0   1
8.1489781381382   0.8   0   0   1
8.15900148148154   0.8   0   0   1
8.16902482482488   0.8   0   0   1
8.17904816816823   0.8   0   0   1
8.18907151151157   0.8   0   0   1
8.19909485485491   0.8   0   0   1
8.20911819819826   0.8   0   0   1
8.2191415415416   0.8   0   0   1
8.22916488488494   0.8   0   0   1
8.23918822822829   0.8   0   0   1
8.24921157157163   0.8   0   0   1
8.25923491491498   0.8   0   0   1
8.26925825825832   0.8   0   0   1
8.27928160160166   0.8   0   0   1
8.28930494494501   0.8   0   0   1
8.29932828828835   0.8   0   0   1
8.30935163163169   0.8   0   0   1
8.31937497497504   0.8   0   0   1
8.32939831831838   0.8   0   0   1
8.33942166166172   0.8   0   0   1
8.34944500500507   0.8   0   0   1
8.35946834834841   0.8   0   0   1
8.36949169169175   0.8   0   0   1
8.3795150350351   0.8   0   0   1
8.38953837837844   0.8   0   0   1
8.39956172172178   0.8   0   0   1
8.40958506506513   0.8   0   0   1
8.41960840840847   0.8   0   0   1
8.42963175175181   0.8   0   0   1
8.43965509509516   0.8   0   0   1
8.4496784384385   0.8   0   0   1
8.45970178178184   0.8   0   0   1
8.46972512512519   0.8   0   0   1
8.47974846846853   0.8   0   0   1
8.48977181181187   0.8   0   0   1
8.49979515515522   0.8   0   0   1
8.50981849849856   0.8   0   0   1
8.5198418418419   0.8   0   0   1
8.52986518518525   0.8   0   0   1
8.53988852852859   0.8   0   0   1
8.54991187187193   0.8   0   0   1
8.55993521521528   0.8   0   0   1
8.56995855855862   0.8   0   0   1
8.57998190190196   0.8   0   0   1
8.59000524524531   0.8   0   0   1
8.60002858858865   0.8   0   0   1
8.610051931932   0.8   0   0   1
8.62007527527534   0.8   0   0   1
8.63009861861868   0.8   0   0   1
8.64012196196203   0.8   0   0   1
8.65014530530537   0.8   0   0   1
8.66016864864871   0.8   0   0   1
8.67019199199206   0.8   0   0   1
8.6802153353354   0.8   0   0   1
8.69023867867874   0.8   0   0   1
8.70026202202209   0.8   0   0   1
8.71028536536543   0.8   0   0   1
8.72030870870877   0.8   0   0   1
8.73033205205212   0.8   0   0   1
8.74035539539546   0.8   0   0   1
8.7503787387388   0.8   0   0   1
8.76040208208215   0.8   0   0   1
8.77042542542549   0.8   0   0   1
8.78044876876883   0.8   0   0   1
8.79047211211218   0.8   0   0   1
8.80049545545552   0.8   0   0   1
8.81051879879886   0.8   0   0   1
8.82054214214221   0.8   0   0   1
8.83056548548555   0.8   0   0   1
8.84058882882889   0.8   0   0   1
8.85061217217224   0.8   0   0   1
8.86063551551558   0.8   0   0   1
8.87065885885892   0.8   0   0   1
8.88068220220227   0.8   0   0   1
8.89070554554561   0.8   0   0   1
8.90072888888895   0.8   0   0   1
8.9107522322323   0.8   0   0   1
8.92077557557564   0.8   0   0   1
8.93079891891898   0.8   0   0   1
8.94082226226233   0.8   0   0   1
8.95084560560567   0.8   0   0   1
8.96086894894901   0.8   0   0   1
8.97089229229236   0.8   0   0   1
8.9809156356357   0.8   0   0   1
8.99093897897905   0.8   0   0   1
9.00096232232239   0.8   0   0   1
9.01098566566573   0.8   0   0   1
9.02100900900908   0.8   0   0   1
9.03103235235242   0.8   0   0   1
9.04105569569576   0.8   0   0   1
9.05107903903911   0.8   0   0   1
9.06110238238245   0.8   0   0   1
9.07112572572579   0.8   0   0   1
9.08114906906914   0.8   0   0   1
9.09117241241248   0.8   0   0   1
9.10119575575582   0.8   0   0   1
9.11121909909917   0.8   0   0   1
9.12124244244251   0.8   0   0   1
9.13126578578585   0.8   0   0   1
9.1412891291292   0.8   0   0   1
9.15131247247254   0.8   0   0   1
9.16133581581588   0.8   0   0   1
9.17135915915923   0.8   0   0   1
9.18138250250257   0.8   0   0   1
9.19140584584591   0.8   0   0   1
9.20142918918926   0.8   0   0   1
9.2114525325326   0.8   0   0   1
9.22147587587594   0.8   0   0   1
9.23149921921929   0.8   0   0   1
9.24152256256263   0.8   0   0   1
9.25154590590597   0.8   0   0   1
9.26156924924932   0.8   0   0   1
9.27159259259266   0.8   0   0   1
9.281615935936   0.8   0   0   1
9.29163927927935   0.8   0   0   1
9.30166262262269   0.8   0   0   1
9.31168596596603   0.8   0   0   1
9.32170930930938   0.8   0   0   1
9.33173265265272   0.8   0   0   1
9.34175599599607   0.8   0   0   1
9.35177933933941   0.8   0   0   1
9.36180268268275   0.8   0   0   1
9.3718260260261   0.8   0   0   1
9.38184936936944   0.8   0   0   1
9.39187271271278   0.8   0   0   1
9.40189605605613   0.8   0   0   1
9.41191939939947   0.8   0   0   1
9.42194274274281   0.8   0   0   1
9.43196608608616   0.8   0   0   1
9.4419894294295   0.8   0   0   1
9.45201277277284   0.8   0   0   1
9.46203611611619   0.8   0   0   1
9.47205945945953   0.8   0   0   1
9.48208280280287   0.8   0   0   1
9.49210614614622   0.8   0   0   1
9.50212948948956   0.8   0   0   1
9.5121528328329   0.8   0   0   1
9.52217617617625   0.8   0   0   1
9.53219951951959   0.8   0   0   1
9.54222286286293   0.8   0   0   1
9.55224620620628   0.8   0   0   1
9.56226954954962   0.8   0   0   1
9.57229289289296   0.8   0   0   1
9.58231623623631   0.8   0   0   1
9.59233957957965   0.8   0   0   1
9.60236292292299   0.8   0   0   1
9.61238626626634   0.8   0   0   1
9.62240960960968   0.8   0   0   1
9.63243295295302   0.8   0   0   1
9.64245629629637   0.8   0   0   1
9.65247963963971   0.8   0   0   1
9.66250298298305   0.8   0   0   1
9.6725263263264   0.8   0   0   1
9.68254966966974   0.8   0   0   1
9.69257301301309   0.8   0   0   1
9.70259635635643   0.8   0   0   1
9.71261969969977   0.8   0   0   1
9.72264304304312   0.8   0   0   1
9.73266638638646   0.8   0   0   1
9.7426897297298   0.8   0   0   1
9.75271307307315   0.8   0   0   1
9.76273641641649   0.8   0   0   1
9.77275975975983   0.8   0   0   1
9.78278310310318   0.8   0   0   1
9.79280644644652   0.8   0   0   1
9.80282978978986   0.8   0   0   1
9.81285313313321   0.8   0   0   1
9.82287647647655   0.8   0   0   1
9.83289981981989   0.8   0   0   1
9.84292316316324   0.8   0   0   1
9.85294650650658   0.8   0   0   1
9.86296984984992   0.8   0   0   1
9.87299319319327   0.8   0   0   1
9.88301653653661   0.8   0   0   1
9.89303987987995   0.8   0   0   1
9.9030632232233   0.8   0   0   1
9.91308656656664   0.8   0   0   1
9.92310990990998   0.8   0   0   1
9.93313325325333   0.8   0   0   1
9.94315659659667   0.8   0   0   1
9.95317993994001   0.8   0   0   1
9.96320328328336   0.8   0   0   1
9.9732266266267   0.8   0   0   1
9.98324996997004   0.8   0   0   1
9.99327331331339   0.8   0   0   1
10.0032966566567   0.8   0   0   1
10.0133200000001   0.8   0   0   1
