variables = x,rho,u,v,p
0   3.8571   2.6293   0   10.3333
0.0100233433433433   3.8571   2.6293   0   10.3333
0.0200466866866867   3.8571   2.6293   0   10.3333
0.03007003003003   3.8571   2.6293   0   10.3333
0.0400933733733734   3.8571   2.6293   0   10.3333
0.0501167167167167   3.8571   2.6293   0   10.3333
0.0601400600600601   3.8571   2.6293   0   10.3333
0.0701634034034034   3.8571   2.6293   0   10.3333
0.0801867467467468   3.8571   2.6293   0   10.3333
0.0902100900900901   3.8571   2.6293   0   10.3333
0.100233433433433   3.8571   2.6293   0   10.3333
0.110256776776777   3.8571   2.6293   0   10.3333
0.12028012012012   3.8571   2.6293   0   10.3333
0.130303463463463   3.8571   2.6293   0   10.3333
0.140326806806807   3.8571   2.6293   0   10.3333
0.15035015015015   3.8571   2.6293   0   10.3333
0.160373493493494   3.8571   2.6293   0   10.3333
0.170396836836837   3.8571   2.6293   0   10.3333
0.18042018018018   3.8571   2.6293   0   10.3333
0.190443523523524   3.8571   2.6293   0   10.3333
0.200466866866867   3.8571   2.6293   0   10.3333
0.21049021021021   3.8571   2.6293   0   10.3333
0.220513553553554   3.8571   2.6293   0   10.3333
0.230536896896897   3.8571   2.6293   0   10.3333
0.24056024024024   3.8571   2.6293   0   10.3333
0.250583583583584   3.8571   2.6293   0   10.3333
0.260606926926927   3.8571   2.6293   0   10.3333
0.27063027027027   3.8571   2.6293   0   10.3333
0.280653613613614   3.8571   2.6293   0   10.3333
0.290676956956957   3.8571   2.6293   0   10.3333
0.3007003003003   3.8571   2.6293   0   10.3333
0.310723643643644   3.8571   2.6293   0   10.3333
0.320746986986987   3.8571   2.6293   0   10.3333
0.330770330330331   3.8571   2.6293   0   10.3333
0.340793673673674   3.8571   2.6293   0   10.3333
0.350817017017017   3.8571   2.6293   0   10.3333
0.360840360360361   3.8571   2.6293   0   10.3333
0.370863703703704   3.8571   2.6293   0   10.3333
0.380887047047047   3.8571   2.6293   0   10.3333
0.390910390390391   3.8571   2.6293   0   10.3333
0.400933733733734   3.8571   2.6293   0   10.3333
0.410957077077078   3.8571   2.6293   0   10.3333
0.420980420420421   3.8571   2.6293   0   10.3333
0.431003763763764   3.8571   2.6293   0   10.3333
0.441027107107108   3.8571   2.6293   0   10.3333
0.451050450450451   3.8571   2.6293   0   10.3333
0.461073793793794   3.8571   2.6293   0   10.3333
0.471097137137138   3.8571   2.6293   0   10.3333
0.481120480480481   3.8571   2.6293   0   10.3333
0.491143823823825   3.8571   2.6293   0   10.3333
0.501167167167168   3.8571   2.6293   0   10.3333
0.511190510510511   3.8571   2.6293   0   10.3333
0.521213853853855   3.8571   2.6293   0   10.3333
0.531237197197198   3.8571   2.6293   0   10.3333
0.541260540540541   3.8571   2.6293   0   10.3333
0.551283883883884   3.8571   2.6293   0   10.3333
0.561307227227228   3.8571   2.6293   0   10.3333
0.571330570570571   3.8571   2.6293   0   10.3333
0.581353913913914   3.8571   2.6293   0   10.3333
0.591377257257258   3.8571   2.6293   0   10.3333
0.601400600600601   3.8571   2.6293   0   10.3333
0.611423943943944   3.8571   2.6293   0   10.3333
0.621447287287288   3.8571   2.6293   0   10.3333
0.631470630630631   3.8571   2.6293   0   10.3333
0.641493973973974   3.8571   2.6293   0   10.3333
0.651517317317318   3.8571   2.6293   0   10.3333
0.661540660660661   3.8571   2.6293   0   10.3333
0.671564004004004   3.85709999999998   2.62930000000001   0   10.3332999999999
0.681587347347348   3.85709999999993   2.62930000000005   0   10.3332999999996
0.691610690690691   3.85709999999975   2.62930000000017   0   10.3332999999987
0.701634034034034   3.85709999999917   2.62930000000056   -6.18216323365408e-17   10.3332999999958
0.711657377377378   3.85709999999731   2.62930000000179   -1.95208682727555e-16   10.3332999999864
0.721680720720721   3.8570999999915   2.62930000000562   -2.69204988135049e-16   10.3332999999572
0.731704064064064   3.85709999997382   2.62930000001722   -1.70603036112451e-16   10.333299999869
0.741727407407408   3.85709999992143   2.62930000005136   -1.43818235031928e-16   10.3332999996095
0.751750750750751   3.85709999977019   2.62930000014929   -2.08745202265644e-16   10.3332999988656
0.761774094094094   3.85709999934512   2.62930000042271   -2.76228142833067e-16   10.3332999967895
0.771797437437437   3.85709999818233   2.62930000116576   -3.98448617998283e-16   10.3332999911505
0.781820780780781   3.85709999508709   2.62930000313042   -5.36509510078574e-16   10.3332999762483
0.791844124124124   3.8570999870722   2.62930000818315   -3.49825784132709e-16   10.3332999379422
0.801867467467467   3.85709996688916   2.62930002081904   -4.38709682083499e-16   10.3332998421952
0.811890810810811   3.85709991747714   2.62930005153761   -4.88194262232937e-16   10.3332996095492
0.821914154154154   3.85709979990402   2.62930012411207   -4.6632877758961e-16   10.3332990601948
0.831937497497497   3.85709952808159   2.62930029069404   -7.6033786502132e-16   10.3332977999061
0.841960840840841   3.85709891764859   2.62930066206547   -9.92411656198002e-16   10.3332949917397
0.851984184184184   3.85709758645609   2.62930146596437   -6.87091481724912e-16   10.3332889161658
0.862007527527527   3.85709476826631   2.62930315517897   -5.04204136599984e-16   10.3332761564348
0.872030870870871   3.85708897791923   2.62930659978062   -6.60239506335591e-16   10.3332501508955
0.882054214214214   3.85707743474679   2.62931341448945   -2.91498874055936e-16   10.33319872953
0.892077557557557   3.85705511358022   2.62932649115531   2.68081313581202e-16   10.3331001102643
0.902100900900901   3.85701325644361   2.62935082332375   7.92408491989623e-16   10.3329167047693
0.912124244244244   3.85693715733354   2.62939471666383   1.32378645119153e-15   10.332586035325
0.922147587587587   3.8568030499063   2.62947146351674   1.5657039942169e-15   10.3320081856825
0.932170930930931   3.8565740118129   2.62960150764507   1.31788020501643e-15   10.3310296082796
0.942194274274274   3.85619497633572   2.62981502454555   1.04981089680655e-15   10.3294238782215
0.952217617617617   3.85558722274117   2.63015469156351   1.07679474801832e-15   10.3268711369903
0.96224096096096   3.85464307936378   2.63067823720712   8.74328294174629e-16   10.3229393817778
0.972264304304304   3.85322194956556   2.63146018106656   9.59337081678563e-16   10.3170721228814
0.982287647647647   3.85114904679974   2.63259206546599   7.11651585983855e-16   10.3085877842991
0.99231099099099   3.8482182668549   2.63418050241255   8.7691693021244e-16   10.2966960501555
1.00233433433433   3.84420032592552   2.63634255718253   1.21710018985919e-15   10.2805348064215
1.01235767767768   3.83885662778047   2.63919835693766   1.72971192930147e-15   10.2592284038415
1.02238102102102   3.83195838453262   2.642861283455   2.27715041099216e-15   10.2319641568119
1.03240436436436   3.82330950216238   2.64742657355777   2.61096881785285e-15   10.1980801615497
1.04242770770771   3.81277089753078   2.65295949408383   2.78638397280029e-15   10.1571546361068
1.05245105105105   3.80028343824214   2.65948440478697   2.63975871872716e-15   10.1090857701318
1.06247439439439   3.78588667448989   2.66697596443049   2.28128457655447e-15   10.0541517215615
1.07249773773774   3.76973090995203   2.67535352836244   2.44085953589607e-15   9.99304255530249
1.08252108108108   3.75208078668757   2.68447951724434   2.42572859915056e-15   9.92685888047604
1.09254442442442   3.7333092697888   2.69416227944968   2.44832140306896e-15   9.85707499117819
1.10256776776777   3.71388161085333   2.70416374449064   2.31731150429008e-15   9.78546703839318
1.11259111111111   3.69432956038496   2.71421192356428   1.76067421105582e-15   9.71400920940128
1.12261445445445   3.67521690672112   2.7240179549855   1.30901936936923e-15   9.64474351032028
1.1326377977978   3.65709848093644   2.73329681497243   1.22797315121668e-15   9.5796320610868
1.14266114114114   3.64047609846888   2.74178999726745   9.12495322970107e-16   9.52040493576654
1.15268448448449   3.62575625814622   2.74928755296891   4.07069806018702e-16   9.46842075259013
1.16270782782783   3.61321523183286   2.75564621120174   -1.40855335199667e-16   9.42455967766013
1.17273117117117   3.60297676365681   2.76080030311834   -2.62180906783427e-16   9.38916705591596
1.18275451451452   3.5950055207384   2.7647631834982   4.44584569288927e-17   9.36205912386334
1.19277785785786   3.58911592977527   2.76761870073563   1.62349060680303e-16   9.34259088719602
1.2028012012012   3.58499212811862   2.76950446498805   2.21905718212848e-16   9.32977339819216
1.21282454454455   3.58221194365297   2.77059042184397   2.24723080120161e-16   9.32241772328624
1.22284788788789   3.58026736195088   2.77105693127141   1.87715650925471e-16   9.31927930097816
1.23287123123123   3.57857626984443   2.77107603174128   3.41625070166281e-16   9.31917994074243
1.24289457457458   3.57648476419777   2.7707981895716   7.24918222454003e-16   9.32109336149989
1.25291791791792   3.57326457113156   2.7703451976856   9.5730044343794e-16   9.32419037288659
1.26294126126126   3.56811442532752   2.76980853587627   8.07573016495386e-16   9.32784831157366
1.27296460460461   3.56017610664561   2.76925171899377   4.13200316247829e-16   9.33163436621112
1.28298794794795   3.54857430577147   2.76871495132393   2.03967363304035e-16   9.33527380099923
1.29301129129129   3.53248451799035   2.76822061483596   1.62437213129864e-16   9.33861276017626
1.30303463463464   3.51122562841092   2.76777853640193   -8.74387979268791e-17   9.34158261494274
1.31305797797798   3.48436551392144   2.76739042881035   -5.16201078242669e-16   9.34416983881021
1.32308132132132   3.45182113911866   2.76705327343876   -9.30791639732968e-16   9.34639288893956
1.33310466466467   3.41393148906828   2.76676166365708   -5.89587372297262e-16   9.34828582703727
1.34312800800801   3.37148370493208   2.76650925676603   -2.22320087194928e-16   9.34988741547862
1.35315135135135   3.32568005865392   2.76628951008643   -3.06792234951993e-16   9.35123396921613
1.3631746946947   3.27804446370415   2.76609582808263   3.53728644143982e-17   9.35235404261428
1.37319803803804   3.23027938289513   2.76592113401712   2.08678752462949e-16   9.353262751744
1.38322138138138   3.18409408762063   2.76575668783083   2.34178253489797e-18   9.35395278139364
1.39324472472473   3.14103050231738   2.76558964669491   -3.75203666431114e-16   9.35437733894641
1.40326806806807   3.10231177020097   2.76539828368685   -4.77807661304133e-16   9.35441655071576
1.41329141141141   3.06873110856791   2.76514270416279   -3.62587336260918e-16   9.35381133795703
1.42331475475476   3.0405855538606   2.76474687656825   -2.28880573289007e-16   9.35203448220974
1.4333380980981   3.01764218996095   2.76406397497755   -1.74971828240365e-16   9.34804151196239
1.44336144144144   2.99910378544405   2.76280981509831   -1.92179628952142e-16   9.33979351701061
1.45338478478479   2.98351435337878   2.76043554023459   -2.47673156097537e-16   9.32335134229429
1.46340812812813   2.96850711875296   2.75588502576291   -6.79516690841888e-16   9.29117626661923
1.47343147147147   2.95023822710774   2.74713427823112   -9.5085025339496e-16   9.22900145439619
1.48345481481482   2.92226345228903   2.73032087595791   -1.10907851803237e-15   9.11027032665665
1.49347815815816   2.87353608020604   2.69811177631348   -9.93675758595168e-16   8.88694140665926
1.50350150150151   2.78533939162207   2.63669785151863   -9.77087655106846e-16   8.4767050927093
1.51352484484485   2.62809488583779   2.52051361945579   -1.00828058627069e-15   7.75356170791682
1.52354818818819   2.36319243615094   2.30423888340149   -6.81374219519276e-16   6.57063171270385
1.53357153153154   1.96459456436694   1.91748880277708   -4.44436669930961e-16   4.88265477481703
1.54359487487488   1.47746060771844   1.29861936900435   -2.05183436696109e-16   3.0010755547258
1.55361821821822   1.06325948851024   0.568536731377808   -3.27330129038899e-18   1.6365128351303
1.56364156156157   0.860534867104723   0.128914873852438   1.28056794205039e-18   1.1175491708745
1.57366490490491   0.809121416202855   0.0188019231937563   8.25666748281834e-21   1.01619884866735
1.58368824824825   0.801191790689698   0.00244984140752372   2.79668134015813e-24   1.00208928390964
1.5937115915916   0.800152610021058   0.000313688952420633   5.90777071901909e-29   1.00026712646561
1.60373493493494   0.800019490955481   4.00640403842857e-05   7.6535940770559e-35   1.00003411013167
1.61375827827828   0.800002487912121   5.11403441663538e-06   4.79846873449297e-42   1.00000435386184
1.62378162162163   0.800000317461674   6.52570743211107e-07   -1.28572716672962e-51   1.00000055555818
1.63380496496497   0.800000040495364   8.324342825137e-08   -7.6940147653161e-61   1.00000007086689
1.64382830830831   0.800000005163769   1.06150130763953e-08   -3.42048718057992e-71   1.00000000903659
1.65385165165166   0.800000000658207   1.35308850948397e-09   -1.0756938153455e-82   1.00000000115186
1.663874994995   0.800000000083864   1.72405716963386e-10   -2.63669243986168e-95   1.00000000014676
1.67389833833834   0.800000000010681   2.19571576048912e-11   -7.80874626630733e-109   1.00000000001869
1.68392168168169   0.80000000000136   2.79466111064009e-12   -1.96165589590867e-123   1.00000000000238
1.69394502502503   0.800000000000173   3.552305556027e-13   -4.18022875512119e-139   1.0000000000003
1.70396836836837   0.800000000000022   4.49495055793538e-14   -7.50916392527909e-156   1.00000000000004
1.71399171171172   0.800000000000003   5.53844599973616e-15   -1.12589624604141e-173   1
1.72401505505506   0.8   5.86326407022175e-16   -1.3175129595068e-192   1
1.7340383983984   0.8   4.75392510530834e-17   -1.00506787583038e-212   1
1.74406174174175   0.8   0   0   1
1.75408508508509   0.8   0   0   1
1.76410842842843   0.8   0   0   1
1.77413177177178   0.8   0   0   1
1.78415511511512   0.8   0   0   1
1.79417845845846   0.8   0   0   1
1.80420180180181   0.8   0   0   1
1.81422514514515   0.8   0   0   1
1.82424848848849   0.8   0   0   1
1.83427183183184   0.8   0   0   1
1.84429517517518   0.8   0   0   1
1.85431851851853   0.8   0   0   1
1.86434186186187   0.8   0   0   1
1.87436520520521   0.8   0   0   1
1.88438854854856   0.8   0   0   1
1.8944118918919   0.8   0   0   1
1.90443523523524   0.8   0   0   1
1.91445857857859   0.8   0   0   1
1.92448192192193   0.8   0   0   1
1.93450526526527   0.8   0   0   1
1.94452860860862   0.8   0   0   1
1.95455195195196   0.8   0   0   1
1.9645752952953   0.8   0   0   1
1.97459863863865   0.8   0   0   1
1.98462198198199   0.8   0   0   1
1.99464532532533   0.8   0   0   1
2.00466866866868   0.8   0   0   1
2.01469201201202   0.8   0   0   1
2.02471535535536   0.8   0   0   1
2.03473869869871   0.8   0   0   1
2.04476204204205   0.8   0   0   1
2.05478538538539   0.8   0   0   1
2.06480872872874   0.8   0   0   1
2.07483207207208   0.8   0   0   1
2.08485541541542   0.8   0   0   1
2.09487875875877   0.8   0   0   1
2.10490210210211   0.8   0   0   1
2.11492544544545   0.8   0   0   1
2.1249487887888   0.8   0   0   1
2.13497213213214   0.8   0   0   1
2.14499547547548   0.8   0   0   1
2.15501881881883   0.8   0   0   1
2.16504216216217   0.8   0   0   1
2.17506550550551   0.8   0   0   1
2.18508884884886   0.8   0   0   1
2.1951121921922   0.8   0   0   1
2.20513553553555   0.8   0   0   1
2.21515887887889   0.8   0   0   1
2.22518222222223   0.8   0   0   1
2.23520556556558   0.8   0   0   1
2.24522890890892   0.8   0   0   1
2.25525225225226   0.8   0   0   1
2.26527559559561   0.8   0   0   1
2.27529893893895   0.8   0   0   1
2.28532228228229   0.8   0   0   1
2.29534562562564   0.8   0   0   1
2.30536896896898   0.8   0   0   1
2.31539231231232   0.8   0   0   1
2.32541565565567   0.8   0   0   1
2.33543899899901   0.8   0   0   1
2.34546234234235   0.8   0   0   1
2.3554856856857   0.8   0   0   1
2.36550902902904   0.8   0   0   1
2.37553237237238   0.8   0   0   1
2.38555571571573   0.8   0   0   1
2.39557905905907   0.8   0   0   1
2.40560240240241   0.8   0   0   1
2.41562574574576   0.8   0   0   1
2.4256490890891   0.8   0   0   1
2.43567243243244   0.8   0   0   1
2.44569577577579   0.8   0   0   1
2.45571911911913   0.8   0   0   1
2.46574246246247   0.8   0   0   1
2.47576580580582   0.8   0   0   1
2.48578914914916   0.8   0   0   1
2.4958124924925   0.8   0   0   1
2.50583583583585   0.8   0   0   1
2.51585917917919   0.8   0   0   1
2.52588252252253   0.8   0   0   1
2.53590586586588   0.8   0   0   1
2.54592920920922   0.8   0   0   1
2.55595255255257   0.8   0   0   1
2.56597589589591   0.8   0   0   1
2.57599923923925   0.8   0   0   1
2.5860225825826   0.8   0   0   1
2.59604592592594   0.8   0   0   1
2.60606926926928   0.8   0   0   1
2.61609261261263   0.8   0   0   1
2.62611595595597   0.8   0   0   1
2.63613929929931   0.8   0   0   1
2.64616264264266   0.8   0   0   1
2.656185985986   0.8   0   0   1
2.66620932932934   0.8   0   0   1
2.67623267267269   0.8   0   0   1
2.68625601601603   0.8   0   0   1
2.69627935935937   0.8   0   0   1
2.70630270270272   0.8   0   0   1
2.71632604604606   0.8   0   0   1
2.7263493893894   0.8   0   0   1
2.73637273273275   0.8   0   0   1
2.74639607607609   0.8   0   0   1
2.75641941941943   0.8   0   0   1
2.76644276276278   0.8   0   0   1
2.77646610610612   0.8   0   0   1
2.78648944944946   0.8   0   0   1
2.79651279279281   0.8   0   0   1
2.80653613613615   0.8   0   0   1
2.81655947947949   0.8   0   0   1
2.82658282282284   0.8   0   0   1
2.83660616616618   0.8   0   0   1
2.84662950950952   0.8   0   0   1
2.85665285285287   0.8   0   0   1
2.86667619619621   0.8   0   0   1
2.87669953953955   0.8   0   0   1
2.8867228828829   0.8   0   0   1
2.89674622622624   0.8   0   0   1
2.90676956956958   0.8   0   0   1
2.91679291291293   0.8   0   0   1
2.92681625625627   0.8   0   0   1
2.93683959959962   0.8   0   0   1
2.94686294294296   0.8   0   0   1
2.9568862862863   0.8   0   0   1
2.96690962962965   0.8   0   0   1
2.97693297297299   0.8   0   0   1
2.98695631631633   0.8   0   0   1
2.99697965965968   0.8   0   0   1
3.00700300300302   0.8   0   0   1
3.01702634634636   0.8   0   0   1
3.02704968968971   0.8   0   0   1
3.03707303303305   0.8   0   0   1
3.04709637637639   0.8   0   0   1
3.05711971971974   0.8   0   0   1
3.06714306306308   0.8   0   0   1
3.07716640640642   0.8   0   0   1
3.08718974974977   0.8   0   0   1
3.09721309309311   0.8   0   0   1
3.10723643643645   0.8   0   0   1
3.1172597797798   0.8   0   0   1
3.12728312312314   0.8   0   0   1
3.13730646646648   0.8   0   0   1
3.14732980980983   0.8   0   0   1
3.15735315315317   0.8   0   0   1
3.16737649649651   0.8   0   0   1
3.17739983983986   0.8   0   0   1
3.1874231831832   0.8   0   0   1
3.19744652652654   0.8   0   0   1
3.20746986986989   0.8   0   0   1
3.21749321321323   0.8   0   0   1
3.22751655655657   0.8   0   0   1
3.23753989989992   0.8   0   0   1
3.24756324324326   0.8   0   0   1
3.2575865865866   0.8   0   0   1
3.26760992992995   0.8   0   0   1
3.27763327327329   0.8   0   0   1
3.28765661661664   0.8   0   0   1
3.29767995995998   0.8   0   0   1
3.30770330330332   0.8   0   0   1
3.31772664664667   0.8   0   0   1
3.32774998999001   0.8   0   0   1
3.33777333333335   0.8   0   0   1
3.3477966766767   0.8   0   0   1
3.35782002002004   0.8   0   0   1
3.36784336336338   0.8   0   0   1
3.37786670670673   0.8   0   0   1
3.38789005005007   0.8   0   0   1
3.39791339339341   0.8   0   0   1
3.40793673673676   0.8   0   0   1
3.4179600800801   0.8   0   0   1
3.42798342342344   0.8   0   0   1
3.43800676676679   0.8   0   0   1
3.44803011011013   0.8   0   0   1
3.45805345345347   0.8   0   0   1
3.46807679679682   0.8   0   0   1
3.47810014014016   0.8   0   0   1
3.4881234834835   0.8   0   0   1
3.49814682682685   0.8   0   0   1
3.50817017017019   0.8   0   0   1
3.51819351351353   0.8   0   0   1
3.52821685685688   0.8   0   0   1
3.53824020020022   0.8   0   0   1
3.54826354354356   0.8   0   0   1
3.55828688688691   0.8   0   0   1
3.56831023023025   0.8   0   0   1
3.57833357357359   0.8   0   0   1
3.58835691691694   0.8   0   0   1
3.59838026026028   0.8   0   0   1
3.60840360360362   0.8   0   0   1
3.61842694694697   0.8   0   0   1
3.62845029029031   0.8   0   0   1
3.63847363363366   0.8   0   0   1
3.648496976977   0.8   0   0   1
3.65852032032034   0.8   0   0   1
3.66854366366369   0.8   0   0   1
3.67856700700703   0.8   0   0   1
3.68859035035037   0.8   0   0   1
3.69861369369372   0.8   0   0   1
3.70863703703706   0.8   0   0   1
3.7186603803804   0.8   0   0   1
3.72868372372375   0.8   0   0   1
3.73870706706709   0.8   0   0   1
3.74873041041043   0.8   0   0   1
3.75875375375378   0.8   0   0   1
3.76877709709712   0.8   0   0   1
3.77880044044046   0.8   0   0   1
3.78882378378381   0.8   0   0   1
3.79884712712715   0.8   0   0   1
3.80887047047049   0.8   0   0   1
3.81889381381384   0.8   0   0   1
3.82891715715718   0.8   0   0   1
3.83894050050052   0.8   0   0   1
3.84896384384387   0.8   0   0   1
3.85898718718721   0.8   0   0   1
3.86901053053055   0.8   0   0   1
3.8790338738739   0.8   0   0   1
3.88905721721724   0.8   0   0   1
3.89908056056058   0.8   0   0   1
3.90910390390393   0.8   0   0   1
3.91912724724727   0.8   0   0   1
3.92915059059061   0.8   0   0   1
3.93917393393396   0.8   0   0   1
3.9491972772773   0.8   0   0   1
3.95922062062064   0.8   0   0   1
3.96924396396399   0.8   0   0   1
3.97926730730733   0.8   0   0   1
3.98929065065068   0.8   0   0   1
3.99931399399402   0.8   0   0   1
4.00933733733736   0.8   0   0   1
4.01936068068071   0.8   0   0   1
4.02938402402405   0.8   0   0   1
4.03940736736739   0.8   0   0   1
4.04943071071074   0.8   0   0   1
4.05945405405408   0.8   0   0   1
4.06947739739742   0.8   0   0   1
4.07950074074077   0.8   0   0   1
4.08952408408411   0.8   0   0   1
4.09954742742745   0.8   0   0   1
4.1095707707708   0.8   0   0   1
4.11959411411414   0.8   0   0   1
4.12961745745748   0.8   0   0   1
4.13964080080083   0.8   0   0   1
4.14966414414417   0.8   0   0   1
4.15968748748751   0.8   0   0   1
4.16971083083086   0.8   0   0   1
4.1797341741742   0.8   0   0   1
4.18975751751754   0.8   0   0   1
4.19978086086089   0.8   0   0   1
4.20980420420423   0.8   0   0   1
4.21982754754757   0.8   0   0   1
4.22985089089092   0.8   0   0   1
4.23987423423426   0.8   0   0   1
4.2498975775776   0.8   0   0   1
4.25992092092095   0.8   0   0   1
4.26994426426429   0.8   0   0   1
4.27996760760763   0.8   0   0   1
4.28999095095098   0.8   0   0   1
4.30001429429432   0.8   0   0   1
4.31003763763766   0.8   0   0   1
4.32006098098101   0.8   0   0   1
4.33008432432435   0.8   0   0   1
4.3401076676677   0.8   0   0   1
4.35013101101104   0.8   0   0   1
4.36015435435438   0.8   0   0   1
4.37017769769773   0.8   0   0   1
4.38020104104107   0.8   0   0   1
4.39022438438441   0.8   0   0   1
4.40024772772776   0.8   0   0   1
4.4102710710711   0.8   0   0   1
4.42029441441444   0.8   0   0   1
4.43031775775779   0.8   0   0   1
4.44034110110113   0.8   0   0   1
4.45036444444447   0.8   0   0   1
4.46038778778782   0.8   0   0   1
4.47041113113116   0.8   0   0   1
4.4804344744745   0.8   0   0   1
4.49045781781785   0.8   0   0   1
4.50048116116119   0.8   0   0   1
4.51050450450453   0.8   0   0   1
4.52052784784788   0.8   0   0   1
4.53055119119122   0.8   0   0   1
4.54057453453456   0.8   0   0   1
4.55059787787791   0.8   0   0   1
4.56062122122125   0.8   0   0   1
4.57064456456459   0.8   0   0   1
4.58066790790794   0.8   0   0   1
4.59069125125128   0.8   0   0   1
4.60071459459462   0.8   0   0   1
4.61073793793797   0.8   0   0   1
4.62076128128131   0.8   0   0   1
4.63078462462465   0.8   0   0   1
4.640807967968   0.8   0   0   1
4.65083131131134   0.8   0   0   1
4.66085465465468   0.8   0   0   1
4.67087799799803   0.8   0   0   1
4.68090134134137   0.8   0   0   1
4.69092468468472   0.8   0   0   1
4.70094802802806   0.8   0   0   1
4.7109713713714   0.8   0   0   1
4.72099471471475   0.8   0   0   1
4.73101805805809   0.8   0   0   1
4.74104140140143   0.8   0   0   1
4.75106474474478   0.8   0   0   1
4.76108808808812   0.8   0   0   1
4.77111143143146   0.8   0   0   1
4.78113477477481   0.8   0   0   1
4.79115811811815   0.8   0   0   1
4.80118146146149   0.8   0   0   1
4.81120480480484   0.8   0   0   1
4.82122814814818   0.8   0   0   1
4.83125149149152   0.8   0   0   1
4.84127483483487   0.8   0   0   1
4.85129817817821   0.8   0   0   1
4.86132152152155   0.8   0   0   1
4.8713448648649   0.8   0   0   1
4.88136820820824   0.8   0   0   1
4.89139155155158   0.8   0   0   1
4.90141489489493   0.8   0   0   1
4.91143823823827   0.8   0   0   1
4.92146158158161   0.8   0   0   1
4.93148492492496   0.8   0   0   1
4.9415082682683   0.8   0   0   1
4.95153161161164   0.8   0   0   1
4.96155495495499   0.8   0   0   1
4.97157829829833   0.8   0   0   1
4.98160164164167   0.8   0   0   1
4.99162498498502   0.8   0   0   1
5.00164832832836   0.8   0   0   1
5.0116716716717   0.8   0   0   1
5.02169501501505   0.8   0   0   1
5.03171835835839   0.8   0   0   1
5.04174170170173   0.8   0   0   1
5.05176504504508   0.8   0   0   1
5.06178838838842   0.8   0   0   1
5.07181173173177   0.8   0   0   1
5.08183507507511   0.8   0   0   1
5.09185841841845   0.8   0   0   1
5.1018817617618   0.8   0   0   1
5.11190510510514   0.8   0   0   1
5.12192844844848   0.8   0   0   1
5.13195179179183   0.8   0   0   1
5.14197513513517   0.8   0   0   1
5.15199847847851   0.8   0   0   1
5.16202182182186   0.8   0   0   1
5.1720451651652   0.8   0   0   1
5.18206850850854   0.8   0   0   1
5.19209185185189   0.8   0   0   1
5.20211519519523   0.8   0   0   1
5.21213853853857   0.8   0   0   1
5.22216188188192   0.8   0   0   1
5.23218522522526   0.8   0   0   1
5.2422085685686   0.8   0   0   1
5.25223191191195   0.8   0   0   1
5.26225525525529   0.8   0   0   1
5.27227859859863   0.8   0   0   1
5.28230194194198   0.8   0   0   1
5.29232528528532   0.8   0   0   1
5.30234862862866   0.8   0   0   1
5.31237197197201   0.8   0   0   1
5.32239531531535   0.8   0   0   1
5.33241865865869   0.8   0   0   1
5.34244200200204   0.8   0   0   1
5.35246534534538   0.8   0   0   1
5.36248868868872   0.8   0   0   1
5.37251203203207   0.8   0   0   1
5.38253537537541   0.8   0   0   1
5.39255871871875   0.8   0   0   1
5.4025820620621   0.8   0   0   1
5.41260540540544   0.8   0   0   1
5.42262874874879   0.8   0   0   1
5.43265209209213   0.8   0   0   1
5.44267543543547   0.8   0   0   1
5.45269877877882   0.8   0   0   1
5.46272212212216   0.8   0   0   1
5.4727454654655   0.8   0   0   1
5.48276880880885   0.8   0   0   1
5.49279215215219   0.8   0   0   1
5.50281549549553   0.8   0   0   1
5.51283883883888   0.8   0   0   1
5.52286218218222   0.8   0   0   1
5.53288552552556   0.8   0   0   1
5.54290886886891   0.8   0   0   1
5.55293221221225   0.8   0   0   1
5.56295555555559   0.8   0   0   1
5.57297889889894   0.8   0   0   1
5.58300224224228   0.8   0   0   1
5.59302558558562   0.8   0   0   1
5.60304892892897   0.8   0   0   1
5.61307227227231   0.8   0   0   1
5.62309561561565   0.8   0   0   1
5.633118958959   0.8   0   0   1
5.64314230230234   0.8   0   0   1
5.65316564564568   0.8   0   0   1
5.66318898898903   0.8   0   0   1
5.67321233233237   0.8   0   0   1
5.68323567567571   0.8   0   0   1
5.69325901901906   0.8   0   0   1
5.7032823623624   0.8   0   0   1
5.71330570570574   0.8   0   0   1
5.72332904904909   0.8   0   0   1
5.73335239239243   0.8   0   0   1
5.74337573573577   0.8   0   0   1
5.75339907907912   0.8   0   0   1
5.76342242242246   0.8   0   0   1
5.77344576576581   0.8   0   0   1
5.78346910910915   0.8   0   0   1
5.79349245245249   0.8   0   0   1
5.80351579579584   0.8   0   0   1
5.81353913913918   0.8   0   0   1
5.82356248248252   0.8   0   0   1
5.83358582582587   0.8   0   0   1
5.84360916916921   0.8   0   0   1
5.85363251251255   0.8   0   0   1
5.8636558558559   0.8   0   0   1
5.87367919919924   0.8   0   0   1
5.88370254254258   0.8   0   0   1
5.89372588588593   0.8   0   0   1
5.90374922922927   0.8   0   0   1
5.91377257257261   0.8   0   0   1
5.92379591591596   0.8   0   0   1
5.9338192592593   0.8   0   0   1
5.94384260260264   0.8   0   0   1
5.95386594594599   0.8   0   0   1
5.96388928928933   0.8   0   0   1
5.97391263263267   0.8   0   0   1
5.98393597597602   0.8   0   0   1
5.99395931931936   0.8   0   0   1
6.0039826626627   0.8   0   0   1
6.01400600600605   0.8   0   0   1
6.02402934934939   0.8   0   0   1
6.03405269269273   0.8   0   0   1
6.04407603603608   0.8   0   0   1
6.05409937937942   0.8   0   0   1
6.06412272272276   0.8   0   0   1
6.07414606606611   0.8   0   0   1
6.08416940940945   0.8   0   0   1
6.09419275275279   0.8   0   0   1
6.10421609609614   0.8   0   0   1
6.11423943943948   0.8   0   0   1
6.12426278278283   0.8   0   0   1
6.13428612612617   0.8   0   0   1
6.14430946946951   0.8   0   0   1
6.15433281281286   0.8   0   0   1
6.1643561561562   0.8   0   0   1
6.17437949949954   0.8   0   0   1
6.18440284284289   0.8   0   0   1
6.19442618618623   0.8   0   0   1
6.20444952952957   0.8   0   0   1
6.21447287287292   0.8   0   0   1
6.22449621621626   0.8   0   0   1
6.2345195595596   0.8   0   0   1
6.24454290290295   0.8   0   0   1
6.25456624624629   0.8   0   0   1
6.26458958958963   0.8   0   0   1
6.27461293293298   0.8   0   0   1
6.28463627627632   0.8   0   0   1
6.29465961961966   0.8   0   0   1
6.30468296296301   0.8   0   0   1
6.31470630630635   0.8   0   0   1
6.32472964964969   0.8   0   0   1
6.33475299299304   0.8   0   0   1
6.34477633633638   0.8   0   0   1
6.35479967967972   0.8   0   0   1
6.36482302302307   0.8   0   0   1
6.37484636636641   0.8   0   0   1
6.38486970970975   0.8   0   0   1
6.3948930530531   0.8   0   0   1
6.40491639639644   0.8   0   0   1
6.41493973973978   0.8   0   0   1
6.42496308308313   0.8   0   0   1
6.43498642642647   0.8   0   0   1
6.44500976976981   0.8   0   0   1
6.45503311311316   0.8   0   0   1
6.4650564564565   0.8   0   0   1
6.47507979979985   0.8   0   0   1
6.48510314314319   0.8   0   0   1
6.49512648648653   0.8   0   0   1
6.50514982982988   0.8   0   0   1
6.51517317317322   0.8   0   0   1
6.52519651651656   0.8   0   0   1
6.53521985985991   0.8   0   0   1
6.54524320320325   0.8   0   0   1
6.55526654654659   0.8   0   0   1
6.56528988988994   0.8   0   0   1
6.57531323323328   0.8   0   0   1
6.58533657657662   0.8   0   0   1
6.59535991991997   0.8   0   0   1
6.60538326326331   0.8   0   0   1
6.61540660660665   0.8   0   0   1
6.62542994995   0.8   0   0   1
6.63545329329334   0.8   0   0   1
6.64547663663668   0.8   0   0   1
6.65549997998003   0.8   0   0   1
6.66552332332337   0.8   0   0   1
6.67554666666671   0.8   0   0   1
6.68557001001006   0.8   0   0   1
6.6955933533534   0.8   0   0   1
6.70561669669674   0.8   0   0   1
6.71564004004009   0.8   0   0   1
6.72566338338343   0.8   0   0   1
6.73568672672677   0.8   0   0   1
6.74571007007012   0.8   0   0   1
6.75573341341346   0.8   0   0   1
6.7657567567568   0.8   0   0   1
6.77578010010015   0.8   0   0   1
6.78580344344349   0.8   0   0   1
6.79582678678683   0.8   0   0   1
6.80585013013018   0.8   0   0   1
6.81587347347352   0.8   0   0   1
6.82589681681686   0.8   0   0   1
6.83592016016021   0.8   0   0   1
6.84594350350355   0.8   0   0   1
6.8559668468469   0.8   0   0   1
6.86599019019024   0.8   0   0   1
6.87601353353358   0.8   0   0   1
6.88603687687693   0.8   0   0   1
6.89606022022027   0.8   0   0   1
6.90608356356361   0.8   0   0   1
6.91610690690696   0.8   0   0   1
6.9261302502503   0.8   0   0   1
6.93615359359364   0.8   0   0   1
6.94617693693699   0.8   0   0   1
6.95620028028033   0.8   0   0   1
6.96622362362367   0.8   0   0   1
6.97624696696702   0.8   0   0   1
6.98627031031036   0.8   0   0   1
6.9962936536537   0.8   0   0   1
7.00631699699705   0.8   0   0   1
7.01634034034039   0.8   0   0   1
7.02636368368373   0.8   0   0   1
7.03638702702708   0.8   0   0   1
7.04641037037042   0.8   0   0   1
7.05643371371376   0.8   0   0   1
7.06645705705711   0.8   0   0   1
7.07648040040045   0.8   0   0   1
7.08650374374379   0.8   0   0   1
7.09652708708714   0.8   0   0   1
7.10655043043048   0.8   0   0   1
7.11657377377382   0.8   0   0   1
7.12659711711717   0.8   0   0   1
7.13662046046051   0.8   0   0   1
7.14664380380385   0.8   0   0   1
7.1566671471472   0.8   0   0   1
7.16669049049054   0.8   0   0   1
7.17671383383388   0.8   0   0   1
7.18673717717723   0.8   0   0   1
7.19676052052057   0.8   0   0   1
7.20678386386392   0.8   0   0   1
7.21680720720726   0.8   0   0   1
7.2268305505506   0.8   0   0   1
7.23685389389395   0.8   0   0   1
7.24687723723729   0.8   0   0   1
7.25690058058063   0.8   0   0   1
7.26692392392398   0.8   0   0   1
7.27694726726732   0.8   0   0   1
7.28697061061066   0.8   0   0   1
7.29699395395401   0.8   0   0   1
7.30701729729735   0.8   0   0   1
7.31704064064069   0.8   0   0   1
7.32706398398404   0.8   0   0   1
7.33708732732738   0.8   0   0   1
7.34711067067072   0.8   0   0   1
7.35713401401407   0.8   0   0   1
7.36715735735741   0.8   0   0   1
7.37718070070075   0.8   0   0   1
7.3872040440441   0.8   0   0   1
7.39722738738744   0.8   0   0   1
7.40725073073078   0.8   0   0   1
7.41727407407413   0.8   0   0   1
7.42729741741747   0.8   0   0   1
7.43732076076081   0.8   0   0   1
7.44734410410416   0.8   0   0   1
7.4573674474475   0.8   0   0   1
7.46739079079084   0.8   0   0   1
7.47741413413419   0.8   0   0   1
7.48743747747753   0.8   0   0   1
7.49746082082087   0.8   0   0   1
7.50748416416422   0.8   0   0   1
7.51750750750756   0.8   0   0   1
7.5275308508509   0.8   0   0   1
7.53755419419425   0.8   0   0   1
7.54757753753759   0.8   0   0   1
7.55760088088094   0.8   0   0   1
7.56762422422428   0.8   0   0   1
7.57764756756762   0.8   0   0   1
7.58767091091097   0.8   0   0   1
7.59769425425431   0.8   0   0   1
7.60771759759765   0.8   0   0   1
7.617740940941   0.8   0   0   1
7.62776428428434   0.8   0   0   1
7.63778762762768   0.8   0   0   1
7.64781097097103   0.8   0   0   1
7.65783431431437   0.8   0   0   1
7.66785765765771   0.8   0   0   1
7.67788100100106   0.8   0   0   1
7.6879043443444   0.8   0   0   1
7.69792768768774   0.8   0   0   1
7.70795103103109   0.8   0   0   1
7.71797437437443   0.8   0   0   1
7.72799771771777   0.8   0   0   1
7.73802106106112   0.8   0   0   1
7.74804440440446   0.8   0   0   1
7.7580677477478   0.8   0   0   1
7.76809109109115   0.8   0   0   1
7.77811443443449   0.8   0   0   1
7.78813777777783   0.8   0   0   1
7.79816112112118   0.8   0   0   1
7.80818446446452   0.8   0   0   1
7.81820780780786   0.8   0   0   1
7.82823115115121   0.8   0   0   1
7.83825449449455   0.8   0   0   1
7.84827783783789   0.8   0   0   1
7.85830118118124   0.8   0   0   1
7.86832452452458   0.8   0   0   1
7.87834786786792   0.8   0   0   1
7.88837121121127   0.8   0   0   1
7.89839455455461   0.8   0   0   1
7.90841789789796   0.8   0   0   1
7.9184412412413   0.8   0   0   1
7.92846458458464   0.8   0   0   1
7.93848792792799   0.8   0   0   1
7.94851127127133   0.8   0   0   1
7.95853461461467   0.8   0   0   1
7.96855795795802   0.8   0   0   1
7.97858130130136   0.8   0   0   1
7.9886046446447   0.8   0   0   1
7.99862798798805   0.8   0   0   1
8.00865133133139   0.8   0   0   1
8.01867467467473   0.8   0   0   1
8.02869801801808   0.8   0   0   1
8.03872136136142   0.8   0   0   1
8.04874470470476   0.8   0   0   1
8.05876804804811   0.8   0   0   1
8.06879139139145   0.8   0   0   1
8.07881473473479   0.8   0   0   1
8.08883807807814   0.8   0   0   1
8.09886142142148   0.8   0   0   1
8.10888476476482   0.8   0   0   1
8.11890810810817   0.8   0   0   1
8.12893145145151   0.8   0   0   1
8.13895479479485   0.8   0   0   1
8.1489781381382   0.8   0   0   1
8.15900148148154   0.8   0   0   1
8.16902482482488   0.8   0   0   1
8.17904816816823   0.8   0   0   1
8.18907151151157   0.8   0   0   1
8.19909485485491   0.8   0   0   1
8.20911819819826   0.8   0   0   1
8.2191415415416   0.8   0   0   1
8.22916488488494   0.8   0   0   1
8.23918822822829   0.8   0   0   1
8.24921157157163   0.8   0   0   1
8.25923491491498   0.8   0   0   1
8.26925825825832   0.8   0   0   1
8.27928160160166   0.8   0   0   1
8.28930494494501   0.8   0   0   1
8.29932828828835   0.8   0   0   1
8.30935163163169   0.8   0   0   1
8.31937497497504   0.8   0   0   1
8.32939831831838   0.8   0   0   1
8.33942166166172   0.8   0   0   1
8.34944500500507   0.8   0   0   1
8.35946834834841   0.8   0   0   1
8.36949169169175   0.8   0   0   1
8.3795150350351   0.8   0   0   1
8.38953837837844   0.8   0   0   1
8.39956172172178   0.8   0   0   1
8.40958506506513   0.8   0   0   1
8.41960840840847   0.8   0   0   1
8.42963175175181   0.8   0   0   1
8.43965509509516   0.8   0   0   1
8.4496784384385   0.8   0   0   1
8.45970178178184   0.8   0   0   1
8.46972512512519   0.8   0   0   1
8.47974846846853   0.8   0   0   1
8.48977181181187   0.8   0   0   1
8.49979515515522   0.8   0   0   1
8.50981849849856   0.8   0   0   1
8.5198418418419   0.8   0   0   1
8.52986518518525   0.8   0   0   1
8.53988852852859   0.8   0   0   1
8.54991187187193   0.8   0   0   1
8.55993521521528   0.8   0   0   1
8.56995855855862   0.8   0   0   1
8.57998190190196   0.8   0   0   1
8.59000524524531   0.8   0   0   1
8.60002858858865   0.8   0   0   1
8.610051931932   0.8   0   0   1
8.62007527527534   0.8   0   0   1
8.63009861861868   0.8   0   0   1
8.64012196196203   0.8   0   0   1
8.65014530530537   0.8   0   0   1
8.66016864864871   0.8   0   0   1
8.67019199199206   0.8   0   0   1
8.6802153353354   0.8   0   0   1
8.69023867867874   0.8   0   0   1
8.70026202202209   0.8   0   0   1
8.71028536536543   0.8   0   0   1
8.72030870870877   0.8   0   0   1
8.73033205205212   0.8   0   0   1
8.74035539539546   0.8   0   0   1
8.7503787387388   0.8   0   0   1
8.76040208208215   0.8   0   0   1
8.77042542542549   0.8   0   0   1
8.78044876876883   0.8   0   0   1
8.79047211211218   0.8   0   0   1
8.80049545545552   0.8   0   0   1
8.81051879879886   0.8   0   0   1
8.82054214214221   0.8   0   0   1
8.83056548548555   0.8   0   0   1
8.84058882882889   0.8   0   0   1
8.85061217217224   0.8   0   0   1
8.86063551551558   0.8   0   0   1
8.87065885885892   0.8   0   0   1
8.88068220220227   0.8   0   0   1
8.89070554554561   0.8   0   0   1
8.90072888888895   0.8   0   0   1
8.9107522322323   0.8   0   0   1
8.92077557557564   0.8   0   0   1
8.93079891891898   0.8   0   0   1
8.94082226226233   0.8   0   0   1
8.95084560560567   0.8   0   0   1
8.96086894894901   0.8   0   0   1
8.97089229229236   0.8   0   0   1
8.9809156356357   0.8   0   0   1
8.99093897897905   0.8   0   0   1
9.00096232232239   0.8   0   0   1
9.01098566566573   0.8   0   0   1
9.02100900900908   0.8   0   0   1
9.03103235235242   0.8   0   0   1
9.04105569569576   0.8   0   0   1
9.05107903903911   0.8   0   0   1
9.06110238238245   0.8   0   0   1
9.07112572572579   0.8   0   0   1
9.08114906906914   0.8   0   0   1
9.09117241241248   0.8   0   0   1
9.10119575575582   0.8   0   0   1
9.11121909909917   0.8   0   0   1
9.12124244244251   0.8   0   0   1
9.13126578578585   0.8   0   0   1
9.1412891291292   0.8   0   0   1
9.15131247247254   0.8   0   0   1
9.16133581581588   0.8   0   0   1
9.17135915915923   0.8   0   0   1
9.18138250250257   0.8   0   0   1
9.19140584584591   0.8   0   0   1
9.20142918918926   0.8   0   0   1
9.2114525325326   0.8   0   0   1
9.22147587587594   0.8   0   0   1
9.23149921921929   0.8   0   0   1
9.24152256256263   0.8   0   0   1
9.25154590590597   0.8   0   0   1
9.26156924924932   0.8   0   0   1
9.27159259259266   0.8   0   0   1
9.281615935936   0.8   0   0   1
9.29163927927935   0.8   0   0   1
9.30166262262269   0.8   0   0   1
9.31168596596603   0.8   0   0   1
9.32170930930938   0.8   0   0   1
9.33173265265272   0.8   0   0   1
9.34175599599607   0.8   0   0   1
9.35177933933941   0.8   0   0   1
9.36180268268275   0.8   0   0   1
9.3718260260261   0.8   0   0   1
9.38184936936944   0.8   0   0   1
9.39187271271278   0.8   0   0   1
9.40189605605613   0.8   0   0   1
9.41191939939947   0.8   0   0   1
9.42194274274281   0.8   0   0   1
9.43196608608616   0.8   0   0   1
9.4419894294295   0.8   0   0   1
9.45201277277284   0.8   0   0   1
9.46203611611619   0.8   0   0   1
9.47205945945953   0.8   0   0   1
9.48208280280287   0.8   0   0   1
9.49210614614622   0.8   0   0   1
9.50212948948956   0.8   0   0   1
9.5121528328329   0.8   0   0   1
9.52217617617625   0.8   0   0   1
9.53219951951959   0.8   0   0   1
9.54222286286293   0.8   0   0   1
9.55224620620628   0.8   0   0   1
9.56226954954962   0.8   0   0   1
9.57229289289296   0.8   0   0   1
9.58231623623631   0.8   0   0   1
9.59233957957965   0.8   0   0   1
9.60236292292299   0.8   0   0   1
9.61238626626634   0.8   0   0   1
9.62240960960968   0.8   0   0   1
9.63243295295302   0.8   0   0   1
9.64245629629637   0.8   0   0   1
9.65247963963971   0.8   0   0   1
9.66250298298305   0.8   0   0   1
9.6725263263264   0.8   0   0   1
9.68254966966974   0.8   0   0   1
9.69257301301309   0.8   0   0   1
9.70259635635643   0.8   0   0   1
9.71261969969977   0.8   0   0   1
9.72264304304312   0.8   0   0   1
9.73266638638646   0.8   0   0   1
9.7426897297298   0.8   0   0   1
9.75271307307315   0.8   0   0   1
9.76273641641649   0.8   0   0   1
9.77275975975983   0.8   0   0   1
9.78278310310318   0.8   0   0   1
9.79280644644652   0.8   0   0   1
9.80282978978986   0.8   0   0   1
9.81285313313321   0.8   0   0   1
9.82287647647655   0.8   0   0   1
9.83289981981989   0.8   0   0   1
9.84292316316324   0.8   0   0   1
9.85294650650658   0.8   0   0   1
9.86296984984992   0.8   0   0   1
9.87299319319327   0.8   0   0   1
9.88301653653661   0.8   0   0   1
9.89303987987995   0.8   0   0   1
9.9030632232233   0.8   0   0   1
9.91308656656664   0.8   0   0   1
9.92310990990998   0.8   0   0   1
9.93313325325333   0.8   0   0   1
9.94315659659667   0.8   0   0   1
9.95317993994001   0.8   0   0   1
9.96320328328336   0.8   0   0   1
9.9732266266267   0.8   0   0   1
9.98324996997004   0.8   0   0   1
9.99327331331339   0.8   0   0   1
10.0032966566567   0.8   0   0   1
10.0133200000001   0.8   0   0   1
