variables = x,rho,u,v,p
0   3.8571   2.6293   0   10.3333
0.0100233433433433   3.8571   2.6293   0   10.3333
0.0200466866866867   3.8571   2.6293   0   10.3333
0.03007003003003   3.8571   2.6293   0   10.3333
0.0400933733733734   3.8571   2.6293   0   10.3333
0.0501167167167167   3.8571   2.6293   0   10.3333
0.0601400600600601   3.8571   2.6293   0   10.3333
0.0701634034034034   3.8571   2.6293   0   10.3333
0.0801867467467468   3.8571   2.6293   0   10.3333
0.0902100900900901   3.8571   2.6293   0   10.3333
0.100233433433433   3.8571   2.6293   0   10.3333
0.110256776776777   3.8571   2.6293   0   10.3333
0.12028012012012   3.8571   2.6293   0   10.3333
0.130303463463463   3.8571   2.6293   0   10.3333
0.140326806806807   3.8571   2.6293   0   10.3333
0.15035015015015   3.8571   2.6293   0   10.3333
0.160373493493494   3.8571   2.6293   0   10.3333
0.170396836836837   3.8571   2.6293   0   10.3333
0.18042018018018   3.8571   2.6293   0   10.3333
0.190443523523524   3.8571   2.6293   0   10.3333
0.200466866866867   3.8571   2.6293   0   10.3333
0.21049021021021   3.8571   2.6293   0   10.3333
0.220513553553554   3.8571   2.6293   0   10.3333
0.230536896896897   3.8571   2.6293   0   10.3333
0.24056024024024   3.8571   2.6293   0   10.3333
0.250583583583584   3.8571   2.6293   0   10.3333
0.260606926926927   3.8571   2.6293   0   10.3333
0.27063027027027   3.8571   2.6293   0   10.3333
0.280653613613614   3.8571   2.6293   0   10.3333
0.290676956956957   3.8571   2.6293   0   10.3333
0.3007003003003   3.8571   2.6293   0   10.3333
0.310723643643644   3.8571   2.6293   0   10.3333
0.320746986986987   3.8571   2.6293   0   10.3333
0.330770330330331   3.8571   2.6293   0   10.3333
0.340793673673674   3.8571   2.6293   0   10.3333
0.350817017017017   3.8571   2.6293   0   10.3333
0.360840360360361   3.8571   2.6293   0   10.3333
0.370863703703704   3.8571   2.6293   0   10.3333
0.380887047047047   3.8571   2.6293   0   10.3333
0.390910390390391   3.8571   2.6293   0   10.3333
0.400933733733734   3.8571   2.6293   0   10.3333
0.410957077077078   3.8571   2.6293   0   10.3333
0.420980420420421   3.8571   2.6293   0   10.3333
0.431003763763764   3.8571   2.6293   0   10.3333
0.441027107107108   3.8571   2.6293   0   10.3333
0.451050450450451   3.8571   2.6293   0   10.3333
0.461073793793794   3.8571   2.6293   0   10.3333
0.471097137137138   3.8571   2.6293   0   10.3333
0.481120480480481   3.8571   2.6293   0   10.3333
0.491143823823825   3.8571   2.6293   0   10.3333
0.501167167167168   3.8571   2.6293   0   10.3333
0.511190510510511   3.8571   2.6293   0   10.3333
0.521213853853855   3.8571   2.6293   0   10.3333
0.531237197197198   3.8571   2.6293   0   10.3333
0.541260540540541   3.8571   2.6293   9.10878033108271e-17   10.3333
0.551283883883884   3.85709999999998   2.62930000000001   2.46910434530045e-16   10.3332999999999
0.561307227227228   3.85709999999995   2.62930000000003   -1.36478911410585e-16   10.3332999999998
0.571330570570571   3.85709999999988   2.62930000000007   -3.99806442435649e-16   10.3332999999995
0.581353913913914   3.85709999999976   2.62930000000014   -2.16840517344077e-16   10.3332999999989
0.591377257257258   3.85709999999951   2.62930000000029   -1.51550762789039e-16   10.3332999999978
0.601400600600601   3.85709999999905   2.62930000000056   -5.17803424299533e-16   10.3332999999958
0.611423943943944   3.85709999999819   2.62930000000106   -1.15020027550875e-15   10.333299999992
0.621447287287288   3.85709999999656   2.62930000000201   -1.30381604472392e-15   10.3332999999848
0.631470630630631   3.85709999999354   2.62930000000377   -1.71951326357089e-15   10.3332999999715
0.641493973973974   3.85709999998797   2.62930000000701   -1.93675301337196e-15   10.3332999999472
0.651517317317318   3.85709999997781   2.62930000001289   -1.73080800157053e-15   10.3332999999028
0.661540660660661   3.85709999995942   2.62930000002353   -1.63530054266415e-15   10.3332999998226
0.671564004004004   3.85709999992641   2.62930000004257   -1.4588903013922e-15   10.3332999996792
0.681587347347348   3.85709999986769   2.62930000007638   -1.29643040543688e-15   10.3332999994244
0.691610690690691   3.8570999997641   2.6293000001359   -1.02892082973053e-15   10.3332999989761
0.701634034034034   3.85709999958294   2.62930000023976   -7.32190438007021e-16   10.3332999981939
0.711657377377378   3.85709999926884   2.62930000041945   -8.68070057318038e-16   10.3332999968408
0.721680720720721   3.85709999872893   2.62930000072766   -9.76858186951562e-16   10.3332999945202
0.731704064064064   3.85709999780888   2.62930000125173   -9.0110557258903e-16   10.3332999905748
0.741727407407408   3.85709999625458   2.62930000213517   -8.02795105332885e-16   10.333299983925
0.751750750750751   3.85709999365155   2.6293000036115   -7.05108115279623e-16   10.3332999728141
0.761774094094094   3.85709998932996   2.62930000605721   -8.63405865384733e-16   10.33329995441
0.771797437437437   3.85709998221749   2.62930001007365   -6.37367033999506e-16   10.3332999241907
0.781820780780781   3.85709997061361   2.62930001661219   -2.74220385453132e-16   10.3332998750021
0.791844124124124   3.85709995184697   2.62930002716387   -1.56617209218759e-16   10.3332997956347
0.801867467467467   3.85709992176094   2.6293000440432   -1.55862837263259e-16   10.3332996686898
0.811890810810811   3.85709987394947   2.62930007080886   7.33894015202482e-17   10.3332994674212
0.821914154154154   3.85709979863428   2.62930011287991   5.51245208297521e-16   10.333299151106
0.831937497497497   3.85709968103331   2.62930017842886   1.02064782900684e-15   10.3332986583394
0.841960840840841   3.8570994990165   2.62930027966139   1.22677561584926e-15   10.3332978974275
0.851984184184184   3.8570992197757   2.62930043462894   1.54749433711975e-15   10.3332967327815
0.862007527527527   3.85709879514863   2.62930066976673   1.68246680998261e-15   10.3332949658705
0.872030870870871   3.85709815513012   2.62930102340548   1.70365600195772e-15   10.3332923088725
0.882054214214214   3.85709719897544   2.62930155057188   1.65177350916249e-15   10.3332883486616
0.892077557557557   3.85709578315147   2.62930232947037   1.38882465515393e-15   10.3332824981917
0.902100900900901   3.85709370522273   2.62930347012481   1.41562794437785e-15   10.3332739316929
0.912124244244244   3.85709068257761   2.62930512575117   1.43775580815429e-15   10.333261499407
0.922147587587587   3.8570863247133   2.62930750752516   1.28900069567376e-15   10.3332436168926
0.932170930930931   3.85708009762162   2.62931090349478   1.05826221588069e-15   10.3332181232938
0.942194274274274   3.85707127867055   2.62931570245637   9.60209640068742e-16   10.3331821024574
0.952217617617617   3.85705890028597   2.62932242364901   5.88502193066927e-16   10.3331316605184
0.96224096096096   3.85704168073464   2.62933175311095   5.09446026934616e-16   10.3330616536679
0.972264304304304   3.85701794043228   2.62934458746304   4.90487971750009e-16   10.3329653604245
0.982287647647647   3.85698550248819   2.62936208571765   6.1776265680009e-16   10.3328340939918
0.99231099099099   3.8569415766909   2.62938572943879   1.15051856778361e-15   10.332656752357
1.00233433433433   3.85688262687183   2.62941739118345   1.47494742836719e-15   10.332419306782
1.01235767767768   3.85680422257907   2.6294594106258   1.97825821289341e-15   10.3321042333406
1.02238102102102   3.85670087725642   2.62951467710674   2.50574633630809e-15   10.3316898971519
1.03240436436436   3.85656587663175   2.62958671657392   3.24886523557529e-15   10.3311499048571
1.04242770770771   3.85639110272158   2.62967978001517   3.53419969833712e-15   10.3304524474377
1.05245105105105   3.85616686066425   2.62979892958954   3.81009793009511e-15   10.3295596623177
1.06247439439439   3.85588171737416   2.62995011779447   3.86600357467313e-15   10.3284270502989
1.07249773773774   3.85552236260233   2.63014025426002   4.25570383459701e-15   10.3270029886164
1.08252108108108   3.85507350420603   2.63037725422463   4.61404068365082e-15   10.3252283855389
1.09254442442442   3.85451781007787   2.63067006251952   4.66989184955676e-15   10.323036523738
1.10256776776777   3.85383590908076   2.6310286470539   4.54102819142583e-15   10.3203531384435
1.11259111111111   3.85300646233656   2.63146395641325   4.71093968427013e-15   10.3170967716877
1.12261445445445   3.85200631424468   2.63198783728396   4.64819980588177e-15   10.3131794354867
1.1326377977978   3.85081072967249   2.63261290897836   4.64458446746993e-15   10.3085076047288
1.14266114114114   3.84939371997089   2.63335239428458   4.90132831380878e-15   10.3029835453433
1.15268448448449   3.84772845603915   2.63421990808347   4.99599466665039e-15   10.2965069659183
1.16270782782783   3.84578776189729   2.63522920750029   5.29725025511672e-15   10.2889769625403
1.17273117117117   3.8435446774874   2.63639390960369   5.62037811124782e-15   10.2802942087089
1.18275451451452   3.84097307511089   2.63772718464048   6.02617117862313e-15   10.270363326246
1.19277785785786   3.8380483103876   2.63924143432878   6.53771592825371e-15   10.2590953605651
1.2028012012012   3.83474788620155   2.64094796569414   7.02791065419344e-15   10.246410275616
1.21282454454455   3.83105210698054   2.64285667124818   7.36620202342068e-15   10.2322393809563
1.22284788788789   3.82694470091679   2.64497572596853   8.20797999096454e-15   10.2165276058936
1.23287123123123   3.8224133893147   2.647311310597   8.93694811461413e-15   10.1992355431611
1.24289457457458   3.81745038496301   2.64986736934345   9.28981719992012e-15   10.1803411962944
1.25291791791792   3.81205280498905   2.65264540831786   9.70888705752602e-15   10.1598413796109
1.26294126126126   3.80622298771531   2.65564433908642   1.00328045470849e-14   10.1377527360525
1.27296460460461   3.79996870723741   2.65886036983489   1.02512041722697e-14   10.1141123547224
1.28298794794795   3.79330328342906   2.66228694487957   1.01547526304992e-14   10.0889779853909
1.29301129129129   3.78624558856292   2.66591473182004   9.87153758739657e-15   10.0624278604934
1.30303463463464   3.77881995449878   2.66973165456017   9.47917536935702e-15   10.0345601454235
1.31305797797798   3.77105598630987   2.67372296977582   9.18147177685904e-15   10.0054920448274
1.32308132132132   3.76298828926291   2.67787138417271   8.82576161174496e-15   9.97535859610045
1.33310466466467   3.75465611629614   2.68215721001119   8.6214679693619e-15   9.94431118164727
1.34312800800801   3.74610294268505   2.68655855679724   8.4033028950719e-15   9.91251578925776
1.35315135135135   3.73737597364356   2.69105155764452   7.9069706903628e-15   9.8801510459505
1.3631746946947   3.72852558941807   2.69561062947416   7.23844400998831e-15   9.8474060457553
1.37319803803804   3.71960473126039   2.70020876680018   6.69503918454621e-15   9.81447798715365
1.38322138138138   3.71066823079125   2.70481786920326   6.15549491840358e-15   9.78156963228296
1.39324472472473   3.70177208495934   2.7094091025855   5.47721563956532e-15   9.74888659850803
1.40326806806807   3.69297267930489   2.71395329379698   4.77084091912659e-15   9.71663449441789
1.41329141141141   3.68432596374124   2.71842135713282   4.3320376709585e-15   9.68501591735982
1.42331475475476   3.6758865876835   2.72278474946423   4.43614872154922e-15   9.6542273386186
1.4333380980981   3.66770700507704   2.72701594839732   4.37525434657961e-15   9.62445591521801
1.44336144144144   3.65983656456372   2.73108894494246   4.47271495574695e-15   9.59587628348782
1.45338478478479   3.65232060535536   2.73497973891466   4.4886139314843e-15   9.56864740782843
1.46340812812813   3.64519958486713   2.73866682196747   4.81229731506944e-15   9.54290957672992
1.47343147147147   3.63850826914051   2.74213163017769   5.51150494339843e-15   9.51878165471303
1.48345481481482   3.63227502078036   2.74535894590349   5.95235665300645e-15   9.49635871072927
1.49347815815816   3.62652122073707   2.74833722770376   6.34396075909924e-15   9.47571014788148
1.50350150150151   3.62126085906255   2.75105884784491   6.55277009673329e-15   9.45687845364485
1.51352484484485   3.61650032526123   2.75352021960841   6.85295911319224e-15   9.43987867244416
1.52354818818819   3.61223842090216   2.75572180130566   7.19049982306592e-15   9.42469867312037
1.53357153153154   3.60846660606696   2.75766797039557   6.85047951383465e-15   9.41130024374252
1.54359487487488   3.60516947776964   2.75936676889217   7.04923247891497e-15   9.39962099832454
1.55361821821822   3.60232546391511   2.76082952960895   7.3062335516411e-15   9.38957702868976
1.56364156156157   3.59990770215934   2.76207040083085   7.42085170782234e-15   9.38106618532521
1.57366490490491   3.59788506075832   2.76310579383063   7.63989687453014e-15   9.37397182908707
1.58368824824825   3.59622324953487   2.76395378247693   8.29811177119556e-15   9.36816686586677
1.5937115915916   3.59488596444167   2.76463348649017   8.44029195601844e-15   9.36351786214399
1.60373493493494   3.59383600929793   2.76516446949573   9.03190840987805e-15   9.35988904208084
1.61375827827828   3.59303634295592   2.76556618006064   9.38967111078521e-15   9.35714598562672
1.62378162162163   3.59245100869223   2.76585745884783   9.84579459016272e-15   9.35515887923903
1.63380496496497   3.59204591388044   2.76605612856554   1.05312078060391e-14   9.35380521209608
1.64382830830831   3.59178944063603   2.76617867630964   1.08441813555077e-14   9.35297185620954
1.65385165165166   3.59165288077527   2.76624003095035   1.13702335052281e-14   9.35255651381583
1.663874994995   3.59161069991652   2.76625343203728   1.17437963851575e-14   9.35246855571727
1.67389833833834   3.59164064499882   2.76623038173545   1.17838000930417e-14   9.35262930686212
1.68392168168169   3.59172371638424   2.76618066779994   1.20688469823875e-14   9.35297185872371
1.69394502502503   3.59184402989215   2.76611244358862   1.23322939230632e-14   9.35344050156851
1.70396836836837   3.59198859573612   2.76603235048098   1.22422406937487e-14   9.35398987416482
1.71399171171172   3.59214704076995   2.76594566858549   1.20601836310985e-14   9.35458392531701
1.72401505505506   3.59231129820369   2.76585648298774   1.1872305509939e-14   9.35519477267762
1.7340383983984   3.59247528557002   2.76576785471418   1.16876798118592e-14   9.35580153157488
1.74406174174175   3.5926345877314   2.765681987782   1.15570932776695e-14   9.35638917196098
1.75408508508509   3.59278615756618   2.76560038593948   1.13846627264776e-14   9.35694744661298
1.76410842842843   3.59292804301071   2.76552399479714   1.13226864764722e-14   9.35746991961357
1.77413177177178   3.59305914560444   2.76545332688829   1.12554398913533e-14   9.35795311172316
1.78415511511512   3.59317901272928   2.7653885687135   1.13997258816852e-14   9.35839576898792
1.79417845845846   3.59328766340559   2.7653296699965   1.06784311220153e-14   9.3587982529698
1.80420180180181   3.59338544579329   2.76527641622059   1.00627707541896e-14   9.3591620452614
1.81422514514515   3.59347292338517   2.76522848606033   9.5425721621168e-15   9.35948935523533
1.82424848848849   3.59355078618158   2.76518549562019   9.23684335124791e-15   9.35978281795452
1.83427183183184   3.59361978279552   2.76514703149237   8.72881502592504e-15   9.36004526848545
1.84429517517518   3.5936806693494   2.76511267460204   8.29408995981852e-15   9.36027957915915
1.85431851851853   3.59373417108657   2.76508201666507   7.5224231642176e-15   9.36048854730188
1.86434186186187   3.59378095274321   2.76505467088201   6.75858586910692e-15   9.36067482233751
1.87436520520521   3.59382159383136   2.76503027826183   6.11113411599722e-15   9.36084086273508
1.88438854854856   3.59385656501009   2.76500851073501   5.15509131622978e-15   9.36098891487753
1.8944118918919   3.59388620162212   2.76498907199245   4.12525479182559e-15   9.36112100745077
1.90443523523524   3.59391067021813   2.76497169678609   3.28332808560804e-15   9.361238956327
1.91445857857859   3.59392992346698   2.76495614925233   2.64296287533772e-15   9.36134437610784
1.92448192192193   3.59394363826653   2.76494222067424   1.90963109146701e-15   9.36143869548805
1.93450526526527   3.59395113115681   2.76492972697989   1.40229453275911e-15   9.36152317440827
1.94452860860862   3.59395124435552   2.76491850618197   1.38339281973348e-15   9.36159892159897
1.95455195195196   3.59394219497482   2.76490841589215   1.03235611090477e-15   9.36166691160302
1.9645752952953   3.59392137936476   2.76489933099187   1.12994676917715e-15   9.36172800072252
1.97459863863865   3.59388512422278   2.76489114150286   1.09096025569199e-15   9.3617829415937
1.98462198198199   3.59382837630407   2.76488375067508   6.95597006616852e-16   9.36183239627122
1.99464532532533   3.59374432348265   2.76487707329231   6.05467208245975e-16   9.3618769478208
2.00466866866868   3.59362394177479   2.76487103418503   2.65758720847664e-16   9.36191711049194
2.01469201201202   3.59345546596162   2.76486556693425   4.00738020290041e-16   9.36195333858328
2.02471535535536   3.5932237858125   2.76486061274699   2.53615486146012e-16   9.36198603413242
2.03473869869871   3.59290977571587   2.76485611948378   3.03928548972184e-16   9.36201555356598
2.04476204204205   3.59248957275959   2.76485204081878   5.35073126250945e-16   9.36204221344186
2.05478538538539   3.59193382680827   2.76484833551492   7.90574692029747e-16   9.36206629540535
2.06480872872874   3.59120695556099   2.76484496679794   9.6161782000201e-16   9.36208805046893
2.07483207207208   3.59026644739967   2.76484190181538   8.13379076090267e-16   9.36210770271268
2.08485541541542   3.58906226431566   2.76483911116811   5.95511003846605e-16   9.36212545248911
2.09487875875877   3.58753640541056   2.76483656850401   1.03255446852478e-16   9.36214147920497
2.10490210210211   3.58562269735751   2.76483425016473   -9.14533124644582e-17   9.36215594374156
2.11492544544545   3.58324688067748   2.76483213487801   -2.92042523198908e-16   9.36216899056588
2.1249487887888   3.58032705867958   2.76483020348896   -3.72654705728552e-16   9.36218074957678
2.13497213213214   3.57677456855156   2.76482843872505   -3.77469037933573e-16   9.36219133772338
2.14499547547548   3.57249532078572   2.76482682498997   -2.31323344677122e-16   9.36220086042707
2.15501881881883   3.56739163372939   2.76482534818258   1.35539909160796e-16   9.36220941283348
2.16504216216217   3.56136456492729   2.76482399553769   2.68596436505889e-16   9.36221708091672
2.17506550550551   3.55431671103506   2.76482275548561   5.55950694737508e-16   9.36222394245446
2.18508884884886   3.54615541498668   2.76482161752826   1.3417036654672e-15   9.36223006788991
2.1951121921922   3.53679628489826   2.76482057212965   1.92761637217484e-15   9.36223552109405
2.20513553553555   3.52616689641305   2.76481961061886   2.73665017342628e-15   9.3622403600397
2.21515887887889   3.51421052160675   2.7648187251041   3.74553629104367e-15   9.36224463739756
2.22518222222223   3.50088970594837   2.76481790839623   4.41812857450249e-15   9.3622484010626
2.23520556556558   3.48618950265989   2.76481715394081   4.78475644860393e-15   9.36225169461884
2.24522890890892   3.47012017311877   2.76481645575727   5.29406005930681e-15   9.36225455774907
2.25525225225226   3.45271917390402   2.76481580838466   5.46044715226381e-15   9.36225702659576
2.26527559559561   3.43405227594927   2.76481520683276   5.76148854699006e-15   9.36225913407882
2.27529893893895   3.41421369821597   2.76481464653814   6.18378903847842e-15   9.36226091017515
2.28532228228229   3.39332518545552   2.76481412332438   5.88028288505245e-15   9.36226238216488
2.29534562562564   3.37153401414179   2.76481363336592   5.42174019056022e-15   9.36226357484843
2.30536896896898   3.34900996892292   2.7648131731552   5.08664146049372e-15   9.36226451073834
2.31539231231232   3.32594138988967   2.76481273947247   4.52207133387078e-15   9.3622652102295
2.32541565565567   3.30253044439897   2.76481232935828   3.61444415329095e-15   9.36226569175097
2.33543899899901   3.27898782218696   2.76481194008793   2.36161788006696e-15   9.36226597190219
2.34546234234235   3.25552708572326   2.76481156914808   9.66880981437529e-16   9.36226606557602
2.3554856856857   3.23235892677137   2.76481121421499   -3.23469465679473e-16   9.3622659860709
2.36550902902904   3.20968558361928   2.76481087313444   -1.52561864897787e-15   9.36226574519361
2.37553237237238   3.18769566134707   2.76481054390303   -2.76003714935859e-15   9.3622653533543
2.38555571571573   3.16655957093474   2.7648102246508   -3.79020393147246e-15   9.36226481965463
2.39557905905907   3.14642576420175   2.7648099136251   -4.54021284694473e-15   9.36226415197001
2.40560240240241   3.12741789359507   2.76480960917547   -5.3265945385926e-15   9.36226335702618
2.41562574574576   3.1096329723592   2.76480930973955   -6.33899314789567e-15   9.36226244047067
2.4256490890891   3.09314055552159   2.76480901382983   -7.10155420409742e-15   9.36226140693887
2.43567243243244   3.07798290920029   2.76480872002126   -7.78671026139139e-15   9.36226026011475
2.44569577577579   3.0641760883692   2.76480842693943   -7.96187226083411e-15   9.36225900278596
2.45571911911913   3.05171180412265   2.76480813324942   -8.31147016685497e-15   9.36225763689275
2.46574246246247   3.04055993255811   2.76480783764503   -8.43866215005467e-15   9.36225616357022
2.47576580580582   3.03067149962376   2.76480753883829   -8.44086362382811e-15   9.36225458318288
2.48578914914916   3.02198196972927   2.7648072355491   -8.13642945709375e-15   9.36225289535056
2.4958124924925   3.01441466984517   2.76480692649442   -8.26291285447151e-15   9.36225109896301
2.50583583583585   3.00788419379583   2.76480661037675   -8.39872641200274e-15   9.36224919217982
2.51585917917919   3.00229965157799   2.76480628587051   -8.18614126846132e-15   9.36224717240828
2.52588252252253   2.99756765363111   2.76480595160473   -8.08854782464663e-15   9.36224503624609
2.53590586586588   2.99359494780073   2.76480560613818   -8.07008770616934e-15   9.36224277936363
2.54592920920922   2.99029065513985   2.76480524792058   -8.14440622682983e-15   9.36224039627793
2.55595255255257   2.98756807782107   2.76480487522676   -8.4799225355713e-15   9.36223787992685
2.56597589589591   2.98534607678643   2.76480448603997   -9.02573028837154e-15   9.36223522086885
2.57599923923925   2.9835500372677   2.76480407783797   -9.32772706520865e-15   9.36223240577537
2.5860225825826   2.98211245632862   2.76480364719408   -9.68945649488573e-15   9.36222941457998
2.59604592592594   2.98097319786806   2.76480318902553   -1.00516513281705e-14   9.36222621507119
2.60606926926928   2.98007946717366   2.76480269516936   -1.00682968798871e-14   9.36222275261401
2.61609261261263   2.97938555945034   2.76480215167552   -1.01864626508342e-14   9.36221893058345
2.62611595595597   2.97885243519995   2.76480153365326   -1.04373668076892e-14   9.36221457308313
2.63613929929931   2.97844717026484   2.7648007954498   -1.06873340440273e-14   9.3622093538721
2.64616264264266   2.97814231984264   2.76479985192462   -1.06498219551444e-14   9.36220266082963
2.656185985986   2.97791522324524   2.76479854273696   -1.07001720634529e-14   9.36219333744926
2.66620932932934   2.97774725774188   2.76479656422838   -1.06180496305768e-14   9.36217918975139
2.67623267267269   2.97762302121769   2.76479333948887   -1.04592755767113e-14   9.3621560457115
2.68625601601603   2.97752937580965   2.76478777050265   -1.04897468695816e-14   9.36211596109851
2.69627935935937   2.9774542008784   2.76477776535437   -1.03141898826718e-14   9.36204379712696
2.70630270270272   2.97738455031056   2.76475933635775   -1.00541229809814e-14   9.36191069259963
2.71632604604606   2.97730362243402   2.76472487972514   -1.00357796099953e-14   9.3616616133809
2.7263493893894   2.97718540913234   2.76465989408018   -9.81628856704022e-15   9.36119160853152
2.73637273273275   2.97698486269779   2.76453672129234   -9.70912824683512e-15   9.36030053969976
2.74639607607609   2.97661946583693   2.76430260825082   -9.26431955967205e-15   9.35860680400238
2.75641941941943   2.97593438462883   2.76385693895961   -9.26150353275909e-15   9.35538303956071
2.76644276276278   2.97463638204948   2.76300782034669   -9.10137187730469e-15   9.34924374832055
2.77646610610612   2.97216854929419   2.76138932638333   -8.79771505197885e-15   9.33755311845868
2.78648944944946   2.96747373831025   2.75830384790018   -8.78987186445326e-15   9.31530878624203
2.79651279279281   2.95855154481775   2.7524221333261   -8.84299201255946e-15   9.27306080136034
2.80653613613615   2.94164262238042   2.74121393242607   -8.83098794371064e-15   9.19311507603238
2.81655947947949   2.90977742117403   2.71987261070038   -8.42385554115514e-15   9.0429054128295
2.82658282282284   2.85037522720641   2.67930554846212   -7.82601751683377e-15   8.76447989560344
2.83660616616618   2.74191164726153   2.60247228524213   -7.51283579841676e-15   8.26150819021785
2.84662950950952   2.55152263966763   2.45815302911176   -6.70895936468773e-15   7.39592258351035
2.85665285285287   2.24133703947466   2.19260067081213   -5.29155911062319e-15   6.03527428993478
2.86667619619621   1.80164263096463   1.73046844061725   -3.39968943697705e-15   4.22469883886067
2.87669953953955   1.31749763389233   1.04350276558841   -1.3674509692531e-15   2.43949572375747
2.8867228828829   0.969512650599634   0.369267083997228   -2.54643878915966e-16   1.37771272799603
2.89674622622624   0.832914570471183   0.0689201801466906   -4.02685632201126e-18   1.06099592377769
2.90676956956958   0.804611170952831   0.00948405018251655   -5.57111266215877e-21   1.00812684230493
2.91679291291293   0.80059740823898   0.00122773578163947   -5.9703274335801e-25   1.00104637109806
2.92681625625627   0.800076661567609   0.000157544627970685   -4.83884986442702e-30   1.00013417255892
2.93683959959962   0.800009826007283   2.01930807054876e-05   -2.82994097398308e-36   1.00001719575591
2.94686294294296   0.800001259249829   2.58783961636711e-06   -1.04817647419162e-43   1.00000220369119
2.9568862862863   0.800000161375817   3.31637708061676e-07   -3.26617380345058e-52   1.00000028240774
2.96690962962965   0.800000020680639   4.25000454957607e-08   -1.51964374066229e-61   1.00000003619112
2.97693297297299   0.800000002650265   5.44646461649096e-09   -6.28120167247018e-72   1.00000000463796
2.98695631631633   0.800000000339636   6.97974557619696e-10   -2.2316128740592e-83   1.00000000059436
2.99697965965968   0.800000000043525   8.94464302504846e-11   -6.38625945864906e-96   1.00000000007617
3.00700300300302   0.800000000005578   1.14624732505629e-11   -1.38427884182253e-109   1.00000000000976
3.01702634634636   0.800000000000715   1.46858596050157e-12   -2.04479525566521e-124   1.00000000000125
3.02704968968971   0.800000000000091   1.87813897686046e-13   -1.61946346876705e-140   1.00000000000016
3.03707303303305   0.800000000000012   2.37840163831319e-14   -2.82682016319431e-159   1.00000000000002
3.04709637637639   0.800000000000001   2.83764095683483e-15   -2.55789797119971e-177   1
3.05711971971974   0.8   2.52937348011772e-16   -1.63611756456598e-196   1
3.06714306306308   0.8   1.58085810071857e-17   -3.36100432816029e-217   1
3.07716640640642   0.8   0   0   1
3.08718974974977   0.8   0   0   1
3.09721309309311   0.8   0   0   1
3.10723643643645   0.8   0   0   1
3.1172597797798   0.8   0   0   1
3.12728312312314   0.8   0   0   1
3.13730646646648   0.8   0   0   1
3.14732980980983   0.8   0   0   1
3.15735315315317   0.8   0   0   1
3.16737649649651   0.8   0   0   1
3.17739983983986   0.8   0   0   1
3.1874231831832   0.8   0   0   1
3.19744652652654   0.8   0   0   1
3.20746986986989   0.8   0   0   1
3.21749321321323   0.8   0   0   1
3.22751655655657   0.8   0   0   1
3.23753989989992   0.8   0   0   1
3.24756324324326   0.8   0   0   1
3.2575865865866   0.8   0   0   1
3.26760992992995   0.8   0   0   1
3.27763327327329   0.8   0   0   1
3.28765661661664   0.8   0   0   1
3.29767995995998   0.8   0   0   1
3.30770330330332   0.8   0   0   1
3.31772664664667   0.8   0   0   1
3.32774998999001   0.8   0   0   1
3.33777333333335   0.8   0   0   1
3.3477966766767   0.8   0   0   1
3.35782002002004   0.8   0   0   1
3.36784336336338   0.8   0   0   1
3.37786670670673   0.8   0   0   1
3.38789005005007   0.8   0   0   1
3.39791339339341   0.8   0   0   1
3.40793673673676   0.8   0   0   1
3.4179600800801   0.8   0   0   1
3.42798342342344   0.8   0   0   1
3.43800676676679   0.8   0   0   1
3.44803011011013   0.8   0   0   1
3.45805345345347   0.8   0   0   1
3.46807679679682   0.8   0   0   1
3.47810014014016   0.8   0   0   1
3.4881234834835   0.8   0   0   1
3.49814682682685   0.8   0   0   1
3.50817017017019   0.8   0   0   1
3.51819351351353   0.8   0   0   1
3.52821685685688   0.8   0   0   1
3.53824020020022   0.8   0   0   1
3.54826354354356   0.8   0   0   1
3.55828688688691   0.8   0   0   1
3.56831023023025   0.8   0   0   1
3.57833357357359   0.8   0   0   1
3.58835691691694   0.8   0   0   1
3.59838026026028   0.8   0   0   1
3.60840360360362   0.8   0   0   1
3.61842694694697   0.8   0   0   1
3.62845029029031   0.8   0   0   1
3.63847363363366   0.8   0   0   1
3.648496976977   0.8   0   0   1
3.65852032032034   0.8   0   0   1
3.66854366366369   0.8   0   0   1
3.67856700700703   0.8   0   0   1
3.68859035035037   0.8   0   0   1
3.69861369369372   0.8   0   0   1
3.70863703703706   0.8   0   0   1
3.7186603803804   0.8   0   0   1
3.72868372372375   0.8   0   0   1
3.73870706706709   0.8   0   0   1
3.74873041041043   0.8   0   0   1
3.75875375375378   0.8   0   0   1
3.76877709709712   0.8   0   0   1
3.77880044044046   0.8   0   0   1
3.78882378378381   0.8   0   0   1
3.79884712712715   0.8   0   0   1
3.80887047047049   0.8   0   0   1
3.81889381381384   0.8   0   0   1
3.82891715715718   0.8   0   0   1
3.83894050050052   0.8   0   0   1
3.84896384384387   0.8   0   0   1
3.85898718718721   0.8   0   0   1
3.86901053053055   0.8   0   0   1
3.8790338738739   0.8   0   0   1
3.88905721721724   0.8   0   0   1
3.89908056056058   0.8   0   0   1
3.90910390390393   0.8   0   0   1
3.91912724724727   0.8   0   0   1
3.92915059059061   0.8   0   0   1
3.93917393393396   0.8   0   0   1
3.9491972772773   0.8   0   0   1
3.95922062062064   0.8   0   0   1
3.96924396396399   0.8   0   0   1
3.97926730730733   0.8   0   0   1
3.98929065065068   0.8   0   0   1
3.99931399399402   0.8   0   0   1
4.00933733733736   0.8   0   0   1
4.01936068068071   0.8   0   0   1
4.02938402402405   0.8   0   0   1
4.03940736736739   0.8   0   0   1
4.04943071071074   0.8   0   0   1
4.05945405405408   0.8   0   0   1
4.06947739739742   0.8   0   0   1
4.07950074074077   0.8   0   0   1
4.08952408408411   0.8   0   0   1
4.09954742742745   0.8   0   0   1
4.1095707707708   0.8   0   0   1
4.11959411411414   0.8   0   0   1
4.12961745745748   0.8   0   0   1
4.13964080080083   0.8   0   0   1
4.14966414414417   0.8   0   0   1
4.15968748748751   0.8   0   0   1
4.16971083083086   0.8   0   0   1
4.1797341741742   0.8   0   0   1
4.18975751751754   0.8   0   0   1
4.19978086086089   0.8   0   0   1
4.20980420420423   0.8   0   0   1
4.21982754754757   0.8   0   0   1
4.22985089089092   0.8   0   0   1
4.23987423423426   0.8   0   0   1
4.2498975775776   0.8   0   0   1
4.25992092092095   0.8   0   0   1
4.26994426426429   0.8   0   0   1
4.27996760760763   0.8   0   0   1
4.28999095095098   0.8   0   0   1
4.30001429429432   0.8   0   0   1
4.31003763763766   0.8   0   0   1
4.32006098098101   0.8   0   0   1
4.33008432432435   0.8   0   0   1
4.3401076676677   0.8   0   0   1
4.35013101101104   0.8   0   0   1
4.36015435435438   0.8   0   0   1
4.37017769769773   0.8   0   0   1
4.38020104104107   0.8   0   0   1
4.39022438438441   0.8   0   0   1
4.40024772772776   0.8   0   0   1
4.4102710710711   0.8   0   0   1
4.42029441441444   0.8   0   0   1
4.43031775775779   0.8   0   0   1
4.44034110110113   0.8   0   0   1
4.45036444444447   0.8   0   0   1
4.46038778778782   0.8   0   0   1
4.47041113113116   0.8   0   0   1
4.4804344744745   0.8   0   0   1
4.49045781781785   0.8   0   0   1
4.50048116116119   0.8   0   0   1
4.51050450450453   0.8   0   0   1
4.52052784784788   0.8   0   0   1
4.53055119119122   0.8   0   0   1
4.54057453453456   0.8   0   0   1
4.55059787787791   0.8   0   0   1
4.56062122122125   0.8   0   0   1
4.57064456456459   0.8   0   0   1
4.58066790790794   0.8   0   0   1
4.59069125125128   0.8   0   0   1
4.60071459459462   0.8   0   0   1
4.61073793793797   0.8   0   0   1
4.62076128128131   0.8   0   0   1
4.63078462462465   0.8   0   0   1
4.640807967968   0.8   0   0   1
4.65083131131134   0.8   0   0   1
4.66085465465468   0.8   0   0   1
4.67087799799803   0.8   0   0   1
4.68090134134137   0.8   0   0   1
4.69092468468472   0.8   0   0   1
4.70094802802806   0.8   0   0   1
4.7109713713714   0.8   0   0   1
4.72099471471475   0.8   0   0   1
4.73101805805809   0.8   0   0   1
4.74104140140143   0.8   0   0   1
4.75106474474478   0.8   0   0   1
4.76108808808812   0.8   0   0   1
4.77111143143146   0.8   0   0   1
4.78113477477481   0.8   0   0   1
4.79115811811815   0.8   0   0   1
4.80118146146149   0.8   0   0   1
4.81120480480484   0.8   0   0   1
4.82122814814818   0.8   0   0   1
4.83125149149152   0.8   0   0   1
4.84127483483487   0.8   0   0   1
4.85129817817821   0.8   0   0   1
4.86132152152155   0.8   0   0   1
4.8713448648649   0.8   0   0   1
4.88136820820824   0.8   0   0   1
4.89139155155158   0.8   0   0   1
4.90141489489493   0.8   0   0   1
4.91143823823827   0.8   0   0   1
4.92146158158161   0.8   0   0   1
4.93148492492496   0.8   0   0   1
4.9415082682683   0.8   0   0   1
4.95153161161164   0.8   0   0   1
4.96155495495499   0.8   0   0   1
4.97157829829833   0.8   0   0   1
4.98160164164167   0.8   0   0   1
4.99162498498502   0.8   0   0   1
5.00164832832836   0.8   0   0   1
5.0116716716717   0.8   0   0   1
5.02169501501505   0.8   0   0   1
5.03171835835839   0.8   0   0   1
5.04174170170173   0.8   0   0   1
5.05176504504508   0.8   0   0   1
5.06178838838842   0.8   0   0   1
5.07181173173177   0.8   0   0   1
5.08183507507511   0.8   0   0   1
5.09185841841845   0.8   0   0   1
5.1018817617618   0.8   0   0   1
5.11190510510514   0.8   0   0   1
5.12192844844848   0.8   0   0   1
5.13195179179183   0.8   0   0   1
5.14197513513517   0.8   0   0   1
5.15199847847851   0.8   0   0   1
5.16202182182186   0.8   0   0   1
5.1720451651652   0.8   0   0   1
5.18206850850854   0.8   0   0   1
5.19209185185189   0.8   0   0   1
5.20211519519523   0.8   0   0   1
5.21213853853857   0.8   0   0   1
5.22216188188192   0.8   0   0   1
5.23218522522526   0.8   0   0   1
5.2422085685686   0.8   0   0   1
5.25223191191195   0.8   0   0   1
5.26225525525529   0.8   0   0   1
5.27227859859863   0.8   0   0   1
5.28230194194198   0.8   0   0   1
5.29232528528532   0.8   0   0   1
5.30234862862866   0.8   0   0   1
5.31237197197201   0.8   0   0   1
5.32239531531535   0.8   0   0   1
5.33241865865869   0.8   0   0   1
5.34244200200204   0.8   0   0   1
5.35246534534538   0.8   0   0   1
5.36248868868872   0.8   0   0   1
5.37251203203207   0.8   0   0   1
5.38253537537541   0.8   0   0   1
5.39255871871875   0.8   0   0   1
5.4025820620621   0.8   0   0   1
5.41260540540544   0.8   0   0   1
5.42262874874879   0.8   0   0   1
5.43265209209213   0.8   0   0   1
5.44267543543547   0.8   0   0   1
5.45269877877882   0.8   0   0   1
5.46272212212216   0.8   0   0   1
5.4727454654655   0.8   0   0   1
5.48276880880885   0.8   0   0   1
5.49279215215219   0.8   0   0   1
5.50281549549553   0.8   0   0   1
5.51283883883888   0.8   0   0   1
5.52286218218222   0.8   0   0   1
5.53288552552556   0.8   0   0   1
5.54290886886891   0.8   0   0   1
5.55293221221225   0.8   0   0   1
5.56295555555559   0.8   0   0   1
5.57297889889894   0.8   0   0   1
5.58300224224228   0.8   0   0   1
5.59302558558562   0.8   0   0   1
5.60304892892897   0.8   0   0   1
5.61307227227231   0.8   0   0   1
5.62309561561565   0.8   0   0   1
5.633118958959   0.8   0   0   1
5.64314230230234   0.8   0   0   1
5.65316564564568   0.8   0   0   1
5.66318898898903   0.8   0   0   1
5.67321233233237   0.8   0   0   1
5.68323567567571   0.8   0   0   1
5.69325901901906   0.8   0   0   1
5.7032823623624   0.8   0   0   1
5.71330570570574   0.8   0   0   1
5.72332904904909   0.8   0   0   1
5.73335239239243   0.8   0   0   1
5.74337573573577   0.8   0   0   1
5.75339907907912   0.8   0   0   1
5.76342242242246   0.8   0   0   1
5.77344576576581   0.8   0   0   1
5.78346910910915   0.8   0   0   1
5.79349245245249   0.8   0   0   1
5.80351579579584   0.8   0   0   1
5.81353913913918   0.8   0   0   1
5.82356248248252   0.8   0   0   1
5.83358582582587   0.8   0   0   1
5.84360916916921   0.8   0   0   1
5.85363251251255   0.8   0   0   1
5.8636558558559   0.8   0   0   1
5.87367919919924   0.8   0   0   1
5.88370254254258   0.8   0   0   1
5.89372588588593   0.8   0   0   1
5.90374922922927   0.8   0   0   1
5.91377257257261   0.8   0   0   1
5.92379591591596   0.8   0   0   1
5.9338192592593   0.8   0   0   1
5.94384260260264   0.8   0   0   1
5.95386594594599   0.8   0   0   1
5.96388928928933   0.8   0   0   1
5.97391263263267   0.8   0   0   1
5.98393597597602   0.8   0   0   1
5.99395931931936   0.8   0   0   1
6.0039826626627   0.8   0   0   1
6.01400600600605   0.8   0   0   1
6.02402934934939   0.8   0   0   1
6.03405269269273   0.8   0   0   1
6.04407603603608   0.8   0   0   1
6.05409937937942   0.8   0   0   1
6.06412272272276   0.8   0   0   1
6.07414606606611   0.8   0   0   1
6.08416940940945   0.8   0   0   1
6.09419275275279   0.8   0   0   1
6.10421609609614   0.8   0   0   1
6.11423943943948   0.8   0   0   1
6.12426278278283   0.8   0   0   1
6.13428612612617   0.8   0   0   1
6.14430946946951   0.8   0   0   1
6.15433281281286   0.8   0   0   1
6.1643561561562   0.8   0   0   1
6.17437949949954   0.8   0   0   1
6.18440284284289   0.8   0   0   1
6.19442618618623   0.8   0   0   1
6.20444952952957   0.8   0   0   1
6.21447287287292   0.8   0   0   1
6.22449621621626   0.8   0   0   1
6.2345195595596   0.8   0   0   1
6.24454290290295   0.8   0   0   1
6.25456624624629   0.8   0   0   1
6.26458958958963   0.8   0   0   1
6.27461293293298   0.8   0   0   1
6.28463627627632   0.8   0   0   1
6.29465961961966   0.8   0   0   1
6.30468296296301   0.8   0   0   1
6.31470630630635   0.8   0   0   1
6.32472964964969   0.8   0   0   1
6.33475299299304   0.8   0   0   1
6.34477633633638   0.8   0   0   1
6.35479967967972   0.8   0   0   1
6.36482302302307   0.8   0   0   1
6.37484636636641   0.8   0   0   1
6.38486970970975   0.8   0   0   1
6.3948930530531   0.8   0   0   1
6.40491639639644   0.8   0   0   1
6.41493973973978   0.8   0   0   1
6.42496308308313   0.8   0   0   1
6.43498642642647   0.8   0   0   1
6.44500976976981   0.8   0   0   1
6.45503311311316   0.8   0   0   1
6.4650564564565   0.8   0   0   1
6.47507979979985   0.8   0   0   1
6.48510314314319   0.8   0   0   1
6.49512648648653   0.8   0   0   1
6.50514982982988   0.8   0   0   1
6.51517317317322   0.8   0   0   1
6.52519651651656   0.8   0   0   1
6.53521985985991   0.8   0   0   1
6.54524320320325   0.8   0   0   1
6.55526654654659   0.8   0   0   1
6.56528988988994   0.8   0   0   1
6.57531323323328   0.8   0   0   1
6.58533657657662   0.8   0   0   1
6.59535991991997   0.8   0   0   1
6.60538326326331   0.8   0   0   1
6.61540660660665   0.8   0   0   1
6.62542994995   0.8   0   0   1
6.63545329329334   0.8   0   0   1
6.64547663663668   0.8   0   0   1
6.65549997998003   0.8   0   0   1
6.66552332332337   0.8   0   0   1
6.67554666666671   0.8   0   0   1
6.68557001001006   0.8   0   0   1
6.6955933533534   0.8   0   0   1
6.70561669669674   0.8   0   0   1
6.71564004004009   0.8   0   0   1
6.72566338338343   0.8   0   0   1
6.73568672672677   0.8   0   0   1
6.74571007007012   0.8   0   0   1
6.75573341341346   0.8   0   0   1
6.7657567567568   0.8   0   0   1
6.77578010010015   0.8   0   0   1
6.78580344344349   0.8   0   0   1
6.79582678678683   0.8   0   0   1
6.80585013013018   0.8   0   0   1
6.81587347347352   0.8   0   0   1
6.82589681681686   0.8   0   0   1
6.83592016016021   0.8   0   0   1
6.84594350350355   0.8   0   0   1
6.8559668468469   0.8   0   0   1
6.86599019019024   0.8   0   0   1
6.87601353353358   0.8   0   0   1
6.88603687687693   0.8   0   0   1
6.89606022022027   0.8   0   0   1
6.90608356356361   0.8   0   0   1
6.91610690690696   0.8   0   0   1
6.9261302502503   0.8   0   0   1
6.93615359359364   0.8   0   0   1
6.94617693693699   0.8   0   0   1
6.95620028028033   0.8   0   0   1
6.96622362362367   0.8   0   0   1
6.97624696696702   0.8   0   0   1
6.98627031031036   0.8   0   0   1
6.9962936536537   0.8   0   0   1
7.00631699699705   0.8   0   0   1
7.01634034034039   0.8   0   0   1
7.02636368368373   0.8   0   0   1
7.03638702702708   0.8   0   0   1
7.04641037037042   0.8   0   0   1
7.05643371371376   0.8   0   0   1
7.06645705705711   0.8   0   0   1
7.07648040040045   0.8   0   0   1
7.08650374374379   0.8   0   0   1
7.09652708708714   0.8   0   0   1
7.10655043043048   0.8   0   0   1
7.11657377377382   0.8   0   0   1
7.12659711711717   0.8   0   0   1
7.13662046046051   0.8   0   0   1
7.14664380380385   0.8   0   0   1
7.1566671471472   0.8   0   0   1
7.16669049049054   0.8   0   0   1
7.17671383383388   0.8   0   0   1
7.18673717717723   0.8   0   0   1
7.19676052052057   0.8   0   0   1
7.20678386386392   0.8   0   0   1
7.21680720720726   0.8   0   0   1
7.2268305505506   0.8   0   0   1
7.23685389389395   0.8   0   0   1
7.24687723723729   0.8   0   0   1
7.25690058058063   0.8   0   0   1
7.26692392392398   0.8   0   0   1
7.27694726726732   0.8   0   0   1
7.28697061061066   0.8   0   0   1
7.29699395395401   0.8   0   0   1
7.30701729729735   0.8   0   0   1
7.31704064064069   0.8   0   0   1
7.32706398398404   0.8   0   0   1
7.33708732732738   0.8   0   0   1
7.34711067067072   0.8   0   0   1
7.35713401401407   0.8   0   0   1
7.36715735735741   0.8   0   0   1
7.37718070070075   0.8   0   0   1
7.3872040440441   0.8   0   0   1
7.39722738738744   0.8   0   0   1
7.40725073073078   0.8   0   0   1
7.41727407407413   0.8   0   0   1
7.42729741741747   0.8   0   0   1
7.43732076076081   0.8   0   0   1
7.44734410410416   0.8   0   0   1
7.4573674474475   0.8   0   0   1
7.46739079079084   0.8   0   0   1
7.47741413413419   0.8   0   0   1
7.48743747747753   0.8   0   0   1
7.49746082082087   0.8   0   0   1
7.50748416416422   0.8   0   0   1
7.51750750750756   0.8   0   0   1
7.5275308508509   0.8   0   0   1
7.53755419419425   0.8   0   0   1
7.54757753753759   0.8   0   0   1
7.55760088088094   0.8   0   0   1
7.56762422422428   0.8   0   0   1
7.57764756756762   0.8   0   0   1
7.58767091091097   0.8   0   0   1
7.59769425425431   0.8   0   0   1
7.60771759759765   0.8   0   0   1
7.617740940941   0.8   0   0   1
7.62776428428434   0.8   0   0   1
7.63778762762768   0.8   0   0   1
7.64781097097103   0.8   0   0   1
7.65783431431437   0.8   0   0   1
7.66785765765771   0.8   0   0   1
7.67788100100106   0.8   0   0   1
7.6879043443444   0.8   0   0   1
7.69792768768774   0.8   0   0   1
7.70795103103109   0.8   0   0   1
7.71797437437443   0.8   0   0   1
7.72799771771777   0.8   0   0   1
7.73802106106112   0.8   0   0   1
7.74804440440446   0.8   0   0   1
7.7580677477478   0.8   0   0   1
7.76809109109115   0.8   0   0   1
7.77811443443449   0.8   0   0   1
7.78813777777783   0.8   0   0   1
7.79816112112118   0.8   0   0   1
7.80818446446452   0.8   0   0   1
7.81820780780786   0.8   0   0   1
7.82823115115121   0.8   0   0   1
7.83825449449455   0.8   0   0   1
7.84827783783789   0.8   0   0   1
7.85830118118124   0.8   0   0   1
7.86832452452458   0.8   0   0   1
7.87834786786792   0.8   0   0   1
7.88837121121127   0.8   0   0   1
7.89839455455461   0.8   0   0   1
7.90841789789796   0.8   0   0   1
7.9184412412413   0.8   0   0   1
7.92846458458464   0.8   0   0   1
7.93848792792799   0.8   0   0   1
7.94851127127133   0.8   0   0   1
7.95853461461467   0.8   0   0   1
7.96855795795802   0.8   0   0   1
7.97858130130136   0.8   0   0   1
7.9886046446447   0.8   0   0   1
7.99862798798805   0.8   0   0   1
8.00865133133139   0.8   0   0   1
8.01867467467473   0.8   0   0   1
8.02869801801808   0.8   0   0   1
8.03872136136142   0.8   0   0   1
8.04874470470476   0.8   0   0   1
8.05876804804811   0.8   0   0   1
8.06879139139145   0.8   0   0   1
8.07881473473479   0.8   0   0   1
8.08883807807814   0.8   0   0   1
8.09886142142148   0.8   0   0   1
8.10888476476482   0.8   0   0   1
8.11890810810817   0.8   0   0   1
8.12893145145151   0.8   0   0   1
8.13895479479485   0.8   0   0   1
8.1489781381382   0.8   0   0   1
8.15900148148154   0.8   0   0   1
8.16902482482488   0.8   0   0   1
8.17904816816823   0.8   0   0   1
8.18907151151157   0.8   0   0   1
8.19909485485491   0.8   0   0   1
8.20911819819826   0.8   0   0   1
8.2191415415416   0.8   0   0   1
8.22916488488494   0.8   0   0   1
8.23918822822829   0.8   0   0   1
8.24921157157163   0.8   0   0   1
8.25923491491498   0.8   0   0   1
8.26925825825832   0.8   0   0   1
8.27928160160166   0.8   0   0   1
8.28930494494501   0.8   0   0   1
8.29932828828835   0.8   0   0   1
8.30935163163169   0.8   0   0   1
8.31937497497504   0.8   0   0   1
8.32939831831838   0.8   0   0   1
8.33942166166172   0.8   0   0   1
8.34944500500507   0.8   0   0   1
8.35946834834841   0.8   0   0   1
8.36949169169175   0.8   0   0   1
8.3795150350351   0.8   0   0   1
8.38953837837844   0.8   0   0   1
8.39956172172178   0.8   0   0   1
8.40958506506513   0.8   0   0   1
8.41960840840847   0.8   0   0   1
8.42963175175181   0.8   0   0   1
8.43965509509516   0.8   0   0   1
8.4496784384385   0.8   0   0   1
8.45970178178184   0.8   0   0   1
8.46972512512519   0.8   0   0   1
8.47974846846853   0.8   0   0   1
8.48977181181187   0.8   0   0   1
8.49979515515522   0.8   0   0   1
8.50981849849856   0.8   0   0   1
8.5198418418419   0.8   0   0   1
8.52986518518525   0.8   0   0   1
8.53988852852859   0.8   0   0   1
8.54991187187193   0.8   0   0   1
8.55993521521528   0.8   0   0   1
8.56995855855862   0.8   0   0   1
8.57998190190196   0.8   0   0   1
8.59000524524531   0.8   0   0   1
8.60002858858865   0.8   0   0   1
8.610051931932   0.8   0   0   1
8.62007527527534   0.8   0   0   1
8.63009861861868   0.8   0   0   1
8.64012196196203   0.8   0   0   1
8.65014530530537   0.8   0   0   1
8.66016864864871   0.8   0   0   1
8.67019199199206   0.8   0   0   1
8.6802153353354   0.8   0   0   1
8.69023867867874   0.8   0   0   1
8.70026202202209   0.8   0   0   1
8.71028536536543   0.8   0   0   1
8.72030870870877   0.8   0   0   1
8.73033205205212   0.8   0   0   1
8.74035539539546   0.8   0   0   1
8.7503787387388   0.8   0   0   1
8.76040208208215   0.8   0   0   1
8.77042542542549   0.8   0   0   1
8.78044876876883   0.8   0   0   1
8.79047211211218   0.8   0   0   1
8.80049545545552   0.8   0   0   1
8.81051879879886   0.8   0   0   1
8.82054214214221   0.8   0   0   1
8.83056548548555   0.8   0   0   1
8.84058882882889   0.8   0   0   1
8.85061217217224   0.8   0   0   1
8.86063551551558   0.8   0   0   1
8.87065885885892   0.8   0   0   1
8.88068220220227   0.8   0   0   1
8.89070554554561   0.8   0   0   1
8.90072888888895   0.8   0   0   1
8.9107522322323   0.8   0   0   1
8.92077557557564   0.8   0   0   1
8.93079891891898   0.8   0   0   1
8.94082226226233   0.8   0   0   1
8.95084560560567   0.8   0   0   1
8.96086894894901   0.8   0   0   1
8.97089229229236   0.8   0   0   1
8.9809156356357   0.8   0   0   1
8.99093897897905   0.8   0   0   1
9.00096232232239   0.8   0   0   1
9.01098566566573   0.8   0   0   1
9.02100900900908   0.8   0   0   1
9.03103235235242   0.8   0   0   1
9.04105569569576   0.8   0   0   1
9.05107903903911   0.8   0   0   1
9.06110238238245   0.8   0   0   1
9.07112572572579   0.8   0   0   1
9.08114906906914   0.8   0   0   1
9.09117241241248   0.8   0   0   1
9.10119575575582   0.8   0   0   1
9.11121909909917   0.8   0   0   1
9.12124244244251   0.8   0   0   1
9.13126578578585   0.8   0   0   1
9.1412891291292   0.8   0   0   1
9.15131247247254   0.8   0   0   1
9.16133581581588   0.8   0   0   1
9.17135915915923   0.8   0   0   1
9.18138250250257   0.8   0   0   1
9.19140584584591   0.8   0   0   1
9.20142918918926   0.8   0   0   1
9.2114525325326   0.8   0   0   1
9.22147587587594   0.8   0   0   1
9.23149921921929   0.8   0   0   1
9.24152256256263   0.8   0   0   1
9.25154590590597   0.8   0   0   1
9.26156924924932   0.8   0   0   1
9.27159259259266   0.8   0   0   1
9.281615935936   0.8   0   0   1
9.29163927927935   0.8   0   0   1
9.30166262262269   0.8   0   0   1
9.31168596596603   0.8   0   0   1
9.32170930930938   0.8   0   0   1
9.33173265265272   0.8   0   0   1
9.34175599599607   0.8   0   0   1
9.35177933933941   0.8   0   0   1
9.36180268268275   0.8   0   0   1
9.3718260260261   0.8   0   0   1
9.38184936936944   0.8   0   0   1
9.39187271271278   0.8   0   0   1
9.40189605605613   0.8   0   0   1
9.41191939939947   0.8   0   0   1
9.42194274274281   0.8   0   0   1
9.43196608608616   0.8   0   0   1
9.4419894294295   0.8   0   0   1
9.45201277277284   0.8   0   0   1
9.46203611611619   0.8   0   0   1
9.47205945945953   0.8   0   0   1
9.48208280280287   0.8   0   0   1
9.49210614614622   0.8   0   0   1
9.50212948948956   0.8   0   0   1
9.5121528328329   0.8   0   0   1
9.52217617617625   0.8   0   0   1
9.53219951951959   0.8   0   0   1
9.54222286286293   0.8   0   0   1
9.55224620620628   0.8   0   0   1
9.56226954954962   0.8   0   0   1
9.57229289289296   0.8   0   0   1
9.58231623623631   0.8   0   0   1
9.59233957957965   0.8   0   0   1
9.60236292292299   0.8   0   0   1
9.61238626626634   0.8   0   0   1
9.62240960960968   0.8   0   0   1
9.63243295295302   0.8   0   0   1
9.64245629629637   0.8   0   0   1
9.65247963963971   0.8   0   0   1
9.66250298298305   0.8   0   0   1
9.6725263263264   0.8   0   0   1
9.68254966966974   0.8   0   0   1
9.69257301301309   0.8   0   0   1
9.70259635635643   0.8   0   0   1
9.71261969969977   0.8   0   0   1
9.72264304304312   0.8   0   0   1
9.73266638638646   0.8   0   0   1
9.7426897297298   0.8   0   0   1
9.75271307307315   0.8   0   0   1
9.76273641641649   0.8   0   0   1
9.77275975975983   0.8   0   0   1
9.78278310310318   0.8   0   0   1
9.79280644644652   0.8   0   0   1
9.80282978978986   0.8   0   0   1
9.81285313313321   0.8   0   0   1
9.82287647647655   0.8   0   0   1
9.83289981981989   0.8   0   0   1
9.84292316316324   0.8   0   0   1
9.85294650650658   0.8   0   0   1
9.86296984984992   0.8   0   0   1
9.87299319319327   0.8   0   0   1
9.88301653653661   0.8   0   0   1
9.89303987987995   0.8   0   0   1
9.9030632232233   0.8   0   0   1
9.91308656656664   0.8   0   0   1
9.92310990990998   0.8   0   0   1
9.93313325325333   0.8   0   0   1
9.94315659659667   0.8   0   0   1
9.95317993994001   0.8   0   0   1
9.96320328328336   0.8   0   0   1
9.9732266266267   0.8   0   0   1
9.98324996997004   0.8   0   0   1
9.99327331331339   0.8   0   0   1
10.0032966566567   0.8   0   0   1
10.0133200000001   0.8   0   0   1
