variables = x,rho,u,v,p
0   3.8571   2.6293   0   10.3333
0.0100233433433433   3.8571   2.6293   0   10.3333
0.0200466866866867   3.8571   2.6293   0   10.3333
0.03007003003003   3.8571   2.6293   0   10.3333
0.0400933733733734   3.8571   2.6293   0   10.3333
0.0501167167167167   3.8571   2.6293   0   10.3333
0.0601400600600601   3.8571   2.6293   0   10.3333
0.0701634034034034   3.8571   2.6293   0   10.3333
0.0801867467467468   3.8571   2.6293   0   10.3333
0.0902100900900901   3.8571   2.6293   0   10.3333
0.100233433433433   3.8571   2.6293   0   10.3333
0.110256776776777   3.8571   2.6293   0   10.3333
0.12028012012012   3.8571   2.6293   0   10.3333
0.130303463463463   3.8571   2.6293   0   10.3333
0.140326806806807   3.8571   2.6293   0   10.3333
0.15035015015015   3.8571   2.6293   0   10.3333
0.160373493493494   3.8571   2.6293   0   10.3333
0.170396836836837   3.8571   2.6293   0   10.3333
0.18042018018018   3.8571   2.6293   0   10.3333
0.190443523523524   3.8571   2.6293   0   10.3333
0.200466866866867   3.8571   2.6293   0   10.3333
0.21049021021021   3.8571   2.6293   0   10.3333
0.220513553553554   3.8571   2.6293   0   10.3333
0.230536896896897   3.8571   2.6293   0   10.3333
0.24056024024024   3.8571   2.6293   0   10.3333
0.250583583583584   3.8571   2.6293   0   10.3333
0.260606926926927   3.8571   2.6293   0   10.3333
0.27063027027027   3.8571   2.6293   0   10.3333
0.280653613613614   3.8571   2.6293   0   10.3333
0.290676956956957   3.8571   2.6293   0   10.3333
0.3007003003003   3.8571   2.6293   0   10.3333
0.310723643643644   3.8571   2.6293   0   10.3333
0.320746986986987   3.8571   2.6293   0   10.3333
0.330770330330331   3.8571   2.6293   0   10.3333
0.340793673673674   3.8571   2.6293   0   10.3333
0.350817017017017   3.8571   2.6293   0   10.3333
0.360840360360361   3.8571   2.6293   0   10.3333
0.370863703703704   3.8571   2.6293   0   10.3333
0.380887047047047   3.8571   2.6293   0   10.3333
0.390910390390391   3.8571   2.6293   0   10.3333
0.400933733733734   3.8571   2.6293   0   10.3333
0.410957077077078   3.8571   2.6293   0   10.3333
0.420980420420421   3.8571   2.6293   0   10.3333
0.431003763763764   3.8571   2.6293   0   10.3333
0.441027107107108   3.8571   2.6293   0   10.3333
0.451050450450451   3.8571   2.6293   0   10.3333
0.461073793793794   3.8571   2.6293   0   10.3333
0.471097137137138   3.8571   2.6293   0   10.3333
0.481120480480481   3.8571   2.6293   0   10.3333
0.491143823823825   3.8571   2.6293   0   10.3333
0.501167167167168   3.8571   2.6293   0   10.3333
0.511190510510511   3.8571   2.6293   0   10.3333
0.521213853853855   3.8571   2.6293   0   10.3333
0.531237197197198   3.8571   2.6293   0   10.3333
0.541260540540541   3.8571   2.6293   0   10.3333
0.551283883883884   3.8571   2.6293   0   10.3333
0.561307227227228   3.8571   2.6293   0   10.3333
0.571330570570571   3.8571   2.6293   0   10.3333
0.581353913913914   3.8571   2.6293   0   10.3333
0.591377257257258   3.8571   2.6293   0   10.3333
0.601400600600601   3.8571   2.6293   0   10.3333
0.611423943943944   3.8571   2.6293   0   10.3333
0.621447287287288   3.8571   2.6293   0   10.3333
0.631470630630631   3.8571   2.6293   8.49011168675853e-18   10.3333
0.641493973973974   3.85709999999998   2.62930000000001   -1.84216852761011e-17   10.3332999999999
0.651517317317318   3.85709999999995   2.62930000000003   -1.1886175882498e-16   10.3332999999997
0.661540660660661   3.85709999999983   2.62930000000011   -1.37687183528432e-16   10.3332999999992
0.671564004004004   3.85709999999951   2.62930000000032   4.91118780201889e-17   10.3332999999976
0.681587347347348   3.85709999999859   2.62930000000092   2.41229496052576e-16   10.3332999999931
0.691610690690691   3.85709999999602   2.62930000000257   3.95842792134067e-16   10.3332999999805
0.701634034034034   3.85709999998899   2.62930000000706   4.61807174361587e-16   10.3332999999464
0.711657377377378   3.85709999997022   2.629300000019   3.63141407838755e-16   10.3332999998558
0.721680720720721   3.85709999992108   2.62930000005009   1.53636496366893e-16   10.3332999996201
0.731704064064064   3.85709999979518   2.62930000012932   -4.76312023911039e-16   10.3332999990195
0.741727407407408   3.85709999947949   2.62930000032692   -1.17856097753391e-15   10.3332999975221
0.751750750750751   3.85709999870498   2.62930000080912   -1.2072610751232e-15   10.3332999938697
0.761774094094094   3.85709999684591   2.62930000196026   -1.28998711276796e-15   10.3332999851539
0.771797437437437   3.85709999248103   2.62930000464814   -1.10602126245399e-15   10.3332999648107
0.781820780780781   3.85709998245827   2.6293000107859   -9.87832064572664e-16   10.3332999183759
0.791844124124124   3.85709995995399   2.62930002448993   -1.15908208979102e-15   10.3332998147408
0.801867467467467   3.85709991055335   2.62930005440258   -1.14024182103267e-15   10.3332995886213
0.811890810810811   3.85709980455066   2.62930011822257   -4.02802418886328e-16   10.3332991063805
0.821914154154154   3.85709958224712   2.62930025129349   -4.37677506570743e-16   10.3332981012687
0.831937497497497   3.85709912668217   2.62930052241524   1.02310303833134e-17   10.3332960542622
0.841960840840841   3.85709821454725   2.62930106208936   -3.19645485224169e-17   10.3332919813037
0.851984184184184   3.85709643050818   2.62930211143257   -1.18044993415015e-17   10.3332840650564
0.862007527527527   3.85709302235374   2.62930410419906   -2.148563607813e-16   10.333269037737
0.872030870870871   3.85708666408958   2.62930779979149   -5.29947416947348e-16   10.3332411808657
0.882054214214214   3.85707508167838   2.62931449152268   -5.60540879979312e-16   10.3331907600755
0.892077557557557   3.85705448298854   2.62932632085285   -4.50962615921002e-16   10.33310166501
0.902100900900901   3.85701872257576   2.62934673319219   -3.20795172198531e-16   10.3329479884837
0.912124244244244   3.85695812800014   2.62938111148408   -1.2354445156467e-16   10.3326892754368
0.922147587587587   3.85685792414784   2.62943761666317   4.68861388470074e-17   10.3322642272686
0.932170930930931   3.85669622321612   2.62952824536273   6.2479383118649e-16   10.331582790063
0.942194274274274   3.85644160756588   2.62967008181322   6.44279852238453e-16   10.3305168097703
0.952217617617617   3.85605042369604   2.62988667196358   1.01110131937531e-15   10.3288898098388
0.96224096096096   3.85546402387706   2.63020938687492   1.49672721783437e-15   10.3264669119778
0.972264304304304   3.85460632265456   2.63067857832936   1.91862860346502e-15   10.3229464114469
0.982287647647647   3.85338215217513   2.63134427681798   1.96839314489221e-15   10.3179549245231
0.99231099099099   3.85167696837222   2.63226615834596   2.04036423948245e-15   10.3110482105964
1.00233433433433   3.84935844424671   2.63351252818266   2.42923420675094e-15   10.301719604774
1.01235767767768   3.8462803625297   2.63515814575688   2.79696684660933e-15   10.2894174021874
1.02238102102102   3.84228898615626   2.63728084165953   2.63859342039691e-15   10.273571531393
1.03240436436436   3.83723176842478   2.63995703693929   2.70829431924343e-15   10.2536285752963
1.04242770770771   3.83096791895708   2.64325643708251   2.56712299105043e-15   10.2290928737766
1.05245105105105   3.82338003359767   2.64723630555772   2.82824510709625e-15   10.1995703408001
1.06247439439439   3.81438578756988   2.65193579871183   2.71169395264231e-15   10.1648109785054
1.07249773773774   3.80394861893744   2.65737085412773   2.5155677824392e-15   10.1247459905119
1.08252108108108   3.79208639671792   2.66353007490272   2.59887244060039e-15   10.0795158635688
1.09254442442442   3.77887724502314   2.67037196338688   2.68111855637596e-15   10.0294866517517
1.10256776776777   3.76446193115162   2.67782375635385   2.87673443995378e-15   9.97525274291348
1.11259111111111   3.74904246951549   2.68578202226056   2.79740649985751e-15   9.91762540140287
1.12261445445445   3.73287680858372   2.69411511135485   2.39017125468447e-15   9.85760722594583
1.1326377977978   3.71626964658801   2.70266749611517   2.14451277282086e-15   9.79635331150487
1.14266114114114   3.69955958599108   2.71126598257615   2.0802877244514e-15   9.73512044797113
1.15268448448449   3.68310303123353   2.71972768236739   2.25634563319782e-15   9.67520629349646
1.16270782782783   3.66725550662939   2.72786948167156   2.24731478082208e-15   9.61788129894085
1.17273117117117   3.6523514444438   2.73551851423499   2.25289033113362e-15   9.56431731490655
1.18275451451452   3.63868393620906   2.74252286176591   1.91153706843792e-15   9.51551817950965
1.19277785785786   3.62648635041584   2.74876143101492   2.22198000961992e-15   9.47225881657863
1.2028012012012   3.6159179326697   2.75415179436008   2.57810058544559e-15   9.43503992380184
1.21282454454455   3.60705534481491   2.75865483808007   2.52558364087921e-15   9.4040646275516
1.22284788788789   3.59989146192308   2.76227540392018   2.98796925742325e-15   9.37924120739157
1.23287123123123   3.59434167175948   2.76505870746336   3.08700900447715e-15   9.36021233963722
1.24289457457458   3.59025662278777   2.76708303815806   2.87755023016172e-15   9.34640704586262
1.25291791791792   3.58743917035473   2.76844989121058   2.42199133782406e-15   9.33710779174113
1.26294126126126   3.58566249701682   2.76927306418339   2.08460073856604e-15   9.33152302455593
1.27296460460461   3.58468622560549   2.76966827462605   1.62524340693495e-15   9.32885541797422
1.28298794794795   3.58426781067088   2.76974454703389   1.52173406738269e-15   9.32835805656735
1.29301129129129   3.58416743619017   2.76959810499686   1.59394016373593e-15   9.32937400091151
1.30303463463464   3.58414584444288   2.76930895174561   1.40351979889619e-15   9.33135814825945
1.31305797797798   3.58395576911259   2.76893986717603   1.51913868319935e-15   9.3338831966616
1.32308132132132   3.58332880329206   2.76853726656465   1.7449260688752e-15   9.33663334822997
1.33310466466467   3.58196051179975   2.76813326417861   1.90691417296425e-15   9.33939006888316
1.34312800800801   3.57949732059046   2.7677483261592   1.52234701988373e-15   9.34201397422296
1.35315135135135   3.57552907995683   2.76739402430337   1.32384060703343e-15   9.34442608913781
1.3631746946947   3.56959106257612   2.76707556102581   1.44720970611044e-15   9.34659068532342
1.37319803803804   3.56117838041301   2.76679388579332   1.25533834965034e-15   9.34850090309649
1.38322138138138   3.54977430987865   2.76654734232236   1.26368616948698e-15   9.35016756563457
1.39324472472473   3.53489186658197   2.7663328665206   1.57065563267357e-15   9.35161104892262
1.40326806806807   3.51612542249794   2.76614680029267   1.61323266836358e-15   9.35285576399863
1.41329141141141   3.49320664563622   2.76598540376523   1.24805854221949e-15   9.35392668825677
1.42331475475476   3.4660571126529   2.76584514738082   1.10018949133964e-15   9.35484738802305
1.4333380980981   3.434829129112   2.76572285385464   7.10522974010238e-16   9.35563904954747
1.44336144144144   3.39992695440696   2.76561574433967   5.78082437503293e-16   9.35632013715097
1.45338478478479   3.36200283949088   2.765521427211   2.12960170995505e-16   9.35690639682013
1.46340812812813   3.32192576361809   2.76543785353747   -1.7023376114492e-16   9.35741100390903
1.47343147147147   3.28072490050395   2.7653632507568   -2.40936479681497e-16   9.35784470475281
1.48345481481482   3.23951385975514   2.76529603406705   -7.20806951031386e-16   9.35821581552348
1.49347815815816   3.19940483092682   2.76523468079417   -9.25257161296892e-16   9.358529904039
1.50350150150151   3.16142328112656   2.76517753141507   -9.46072180692727e-16   9.35878886336391
1.51352484484485   3.12643352372971   2.76512244286219   -8.15963340495111e-16   9.35898883188687
1.52354818818819   3.09508336621291   2.76506614836477   -8.13234763349469e-16   9.35911590784517
1.53357153153154   3.0677725691835   2.76500304182595   -7.38297033103269e-16   9.35913762368317
1.54359487487488   3.0446456009195   2.76492284398115   -5.89479811829079e-16   9.35898626029845
1.55361821821822   3.0256047234495   2.76480610940667   -4.40857567136293e-16   9.35852648242145
1.56364156156157   3.0103351062971   2.76461558365366   -6.22757621133561e-16   9.35749293057718
1.57366490490491   2.99832922204594   2.76427961176832   -4.13961740267037e-16   9.35537042507555
1.58368824824825   2.98889220419492   2.76366036113646   -8.7403933815616e-16   9.35116493444549
1.5937115915916   2.98110087608806   2.76249308795582   -9.83245983605394e-16   9.34296755736157
1.60373493493494   2.97367265339354   2.76027027591825   -1.37044500659381e-15   9.32712904685349
1.61375827827828   2.96466967580347   2.75602100048812   -1.77922653059619e-15   9.29671075702277
1.62378162162163   2.95090885132178   2.74789169170964   -1.9303322269845e-15   9.23862391724402
1.63380496496497   2.92686331272594   2.73235240298093   -1.85002162018782e-15   9.128508976764
1.64382830830831   2.88275025766308   2.70270487363091   -1.76706031144942e-15   8.92214625860326
1.65385165165166   2.80157319943332   2.64632341744468   -1.58488421581926e-15   8.54307487076444
1.663874994995   2.65578161207465   2.53975820969691   -1.44601401076197e-15   7.87174972778325
1.67389833833834   2.40778862898389   2.34106307465071   -1.42188274009267e-15   6.76066140170466
1.68392168168169   2.02747799725604   1.98314787723076   -1.13301118234864e-15   5.13764450652024
1.69394502502503   1.54564244630551   1.39730678377169   -8.15709532386775e-16   3.24842119627771
1.70396836836837   1.10975035889236   0.662385183044844   -3.83503723683967e-16   1.77330318824322
1.71399171171172   0.876828999362697   0.164773879088771   -1.72808747666612e-17   1.15293371416134
1.72401505505506   0.812096210215674   0.0249729570055652   -8.02816077568621e-20   1.021593666489
1.7340383983984   0.801596413907438   0.00328133766116935   -2.72334528052903e-23   1.00280030428094
1.74406174174175   0.800205057433887   0.000421440492268051   -6.64646204671841e-28   1.00035895680467
1.75408508508509   0.800026253716035   5.39575503882892e-05   -1.1789975166429e-33   1.00004594574105
1.76410842842843   0.800003359638151   6.90488109565558e-06   -1.47350353719544e-40   1.00000587939522
1.77413177177178   0.800000429861791   8.83476674112506e-07   -1.16423367255866e-48   1.0000007522586
1.78415511511512   0.800000054994079   1.13027708205593e-07   -4.50004013221402e-58   1.00000009623964
1.79417845845846   0.800000007034817   1.44585502141503e-08   -3.10665183126538e-68   1.00000001231093
1.80420180180181   0.800000000899779   1.84931596411057e-09   -1.60201278297918e-79   1.00000000157461
1.81422514514515   0.80000000011507   2.36504568990975e-10   -6.48210396263772e-92   1.00000000020137
1.82424848848849   0.800000000014714   3.02412246477601e-11   -2.03241723143788e-105   1.00000000002575
1.83427183183184   0.800000000001881   3.86599807835519e-12   -7.62285093712838e-120   1.00000000000329
1.84429517517518   0.80000000000024   4.93943015059677e-13   -2.21942038946204e-135   1.00000000000042
1.85431851851853   0.800000000000031   6.28795532289949e-14   -4.91369492332158e-152   1.00000000000005
1.86434186186187   0.800000000000004   7.86686095182346e-15   -8.93378350626287e-170   1.00000000000001
1.87436520520521   0.8   8.78489167952054e-16   -1.52106079390412e-188   1
1.88438854854856   0.8   7.12285378597621e-17   -1.42058584788058e-208   1
1.8944118918919   0.8   0   0   1
1.90443523523524   0.8   0   0   1
1.91445857857859   0.8   0   0   1
1.92448192192193   0.8   0   0   1
1.93450526526527   0.8   0   0   1
1.94452860860862   0.8   0   0   1
1.95455195195196   0.8   0   0   1
1.9645752952953   0.8   0   0   1
1.97459863863865   0.8   0   0   1
1.98462198198199   0.8   0   0   1
1.99464532532533   0.8   0   0   1
2.00466866866868   0.8   0   0   1
2.01469201201202   0.8   0   0   1
2.02471535535536   0.8   0   0   1
2.03473869869871   0.8   0   0   1
2.04476204204205   0.8   0   0   1
2.05478538538539   0.8   0   0   1
2.06480872872874   0.8   0   0   1
2.07483207207208   0.8   0   0   1
2.08485541541542   0.8   0   0   1
2.09487875875877   0.8   0   0   1
2.10490210210211   0.8   0   0   1
2.11492544544545   0.8   0   0   1
2.1249487887888   0.8   0   0   1
2.13497213213214   0.8   0   0   1
2.14499547547548   0.8   0   0   1
2.15501881881883   0.8   0   0   1
2.16504216216217   0.8   0   0   1
2.17506550550551   0.8   0   0   1
2.18508884884886   0.8   0   0   1
2.1951121921922   0.8   0   0   1
2.20513553553555   0.8   0   0   1
2.21515887887889   0.8   0   0   1
2.22518222222223   0.8   0   0   1
2.23520556556558   0.8   0   0   1
2.24522890890892   0.8   0   0   1
2.25525225225226   0.8   0   0   1
2.26527559559561   0.8   0   0   1
2.27529893893895   0.8   0   0   1
2.28532228228229   0.8   0   0   1
2.29534562562564   0.8   0   0   1
2.30536896896898   0.8   0   0   1
2.31539231231232   0.8   0   0   1
2.32541565565567   0.8   0   0   1
2.33543899899901   0.8   0   0   1
2.34546234234235   0.8   0   0   1
2.3554856856857   0.8   0   0   1
2.36550902902904   0.8   0   0   1
2.37553237237238   0.8   0   0   1
2.38555571571573   0.8   0   0   1
2.39557905905907   0.8   0   0   1
2.40560240240241   0.8   0   0   1
2.41562574574576   0.8   0   0   1
2.4256490890891   0.8   0   0   1
2.43567243243244   0.8   0   0   1
2.44569577577579   0.8   0   0   1
2.45571911911913   0.8   0   0   1
2.46574246246247   0.8   0   0   1
2.47576580580582   0.8   0   0   1
2.48578914914916   0.8   0   0   1
2.4958124924925   0.8   0   0   1
2.50583583583585   0.8   0   0   1
2.51585917917919   0.8   0   0   1
2.52588252252253   0.8   0   0   1
2.53590586586588   0.8   0   0   1
2.54592920920922   0.8   0   0   1
2.55595255255257   0.8   0   0   1
2.56597589589591   0.8   0   0   1
2.57599923923925   0.8   0   0   1
2.5860225825826   0.8   0   0   1
2.59604592592594   0.8   0   0   1
2.60606926926928   0.8   0   0   1
2.61609261261263   0.8   0   0   1
2.62611595595597   0.8   0   0   1
2.63613929929931   0.8   0   0   1
2.64616264264266   0.8   0   0   1
2.656185985986   0.8   0   0   1
2.66620932932934   0.8   0   0   1
2.67623267267269   0.8   0   0   1
2.68625601601603   0.8   0   0   1
2.69627935935937   0.8   0   0   1
2.70630270270272   0.8   0   0   1
2.71632604604606   0.8   0   0   1
2.7263493893894   0.8   0   0   1
2.73637273273275   0.8   0   0   1
2.74639607607609   0.8   0   0   1
2.75641941941943   0.8   0   0   1
2.76644276276278   0.8   0   0   1
2.77646610610612   0.8   0   0   1
2.78648944944946   0.8   0   0   1
2.79651279279281   0.8   0   0   1
2.80653613613615   0.8   0   0   1
2.81655947947949   0.8   0   0   1
2.82658282282284   0.8   0   0   1
2.83660616616618   0.8   0   0   1
2.84662950950952   0.8   0   0   1
2.85665285285287   0.8   0   0   1
2.86667619619621   0.8   0   0   1
2.87669953953955   0.8   0   0   1
2.8867228828829   0.8   0   0   1
2.89674622622624   0.8   0   0   1
2.90676956956958   0.8   0   0   1
2.91679291291293   0.8   0   0   1
2.92681625625627   0.8   0   0   1
2.93683959959962   0.8   0   0   1
2.94686294294296   0.8   0   0   1
2.9568862862863   0.8   0   0   1
2.96690962962965   0.8   0   0   1
2.97693297297299   0.8   0   0   1
2.98695631631633   0.8   0   0   1
2.99697965965968   0.8   0   0   1
3.00700300300302   0.8   0   0   1
3.01702634634636   0.8   0   0   1
3.02704968968971   0.8   0   0   1
3.03707303303305   0.8   0   0   1
3.04709637637639   0.8   0   0   1
3.05711971971974   0.8   0   0   1
3.06714306306308   0.8   0   0   1
3.07716640640642   0.8   0   0   1
3.08718974974977   0.8   0   0   1
3.09721309309311   0.8   0   0   1
3.10723643643645   0.8   0   0   1
3.1172597797798   0.8   0   0   1
3.12728312312314   0.8   0   0   1
3.13730646646648   0.8   0   0   1
3.14732980980983   0.8   0   0   1
3.15735315315317   0.8   0   0   1
3.16737649649651   0.8   0   0   1
3.17739983983986   0.8   0   0   1
3.1874231831832   0.8   0   0   1
3.19744652652654   0.8   0   0   1
3.20746986986989   0.8   0   0   1
3.21749321321323   0.8   0   0   1
3.22751655655657   0.8   0   0   1
3.23753989989992   0.8   0   0   1
3.24756324324326   0.8   0   0   1
3.2575865865866   0.8   0   0   1
3.26760992992995   0.8   0   0   1
3.27763327327329   0.8   0   0   1
3.28765661661664   0.8   0   0   1
3.29767995995998   0.8   0   0   1
3.30770330330332   0.8   0   0   1
3.31772664664667   0.8   0   0   1
3.32774998999001   0.8   0   0   1
3.33777333333335   0.8   0   0   1
3.3477966766767   0.8   0   0   1
3.35782002002004   0.8   0   0   1
3.36784336336338   0.8   0   0   1
3.37786670670673   0.8   0   0   1
3.38789005005007   0.8   0   0   1
3.39791339339341   0.8   0   0   1
3.40793673673676   0.8   0   0   1
3.4179600800801   0.8   0   0   1
3.42798342342344   0.8   0   0   1
3.43800676676679   0.8   0   0   1
3.44803011011013   0.8   0   0   1
3.45805345345347   0.8   0   0   1
3.46807679679682   0.8   0   0   1
3.47810014014016   0.8   0   0   1
3.4881234834835   0.8   0   0   1
3.49814682682685   0.8   0   0   1
3.50817017017019   0.8   0   0   1
3.51819351351353   0.8   0   0   1
3.52821685685688   0.8   0   0   1
3.53824020020022   0.8   0   0   1
3.54826354354356   0.8   0   0   1
3.55828688688691   0.8   0   0   1
3.56831023023025   0.8   0   0   1
3.57833357357359   0.8   0   0   1
3.58835691691694   0.8   0   0   1
3.59838026026028   0.8   0   0   1
3.60840360360362   0.8   0   0   1
3.61842694694697   0.8   0   0   1
3.62845029029031   0.8   0   0   1
3.63847363363366   0.8   0   0   1
3.648496976977   0.8   0   0   1
3.65852032032034   0.8   0   0   1
3.66854366366369   0.8   0   0   1
3.67856700700703   0.8   0   0   1
3.68859035035037   0.8   0   0   1
3.69861369369372   0.8   0   0   1
3.70863703703706   0.8   0   0   1
3.7186603803804   0.8   0   0   1
3.72868372372375   0.8   0   0   1
3.73870706706709   0.8   0   0   1
3.74873041041043   0.8   0   0   1
3.75875375375378   0.8   0   0   1
3.76877709709712   0.8   0   0   1
3.77880044044046   0.8   0   0   1
3.78882378378381   0.8   0   0   1
3.79884712712715   0.8   0   0   1
3.80887047047049   0.8   0   0   1
3.81889381381384   0.8   0   0   1
3.82891715715718   0.8   0   0   1
3.83894050050052   0.8   0   0   1
3.84896384384387   0.8   0   0   1
3.85898718718721   0.8   0   0   1
3.86901053053055   0.8   0   0   1
3.8790338738739   0.8   0   0   1
3.88905721721724   0.8   0   0   1
3.89908056056058   0.8   0   0   1
3.90910390390393   0.8   0   0   1
3.91912724724727   0.8   0   0   1
3.92915059059061   0.8   0   0   1
3.93917393393396   0.8   0   0   1
3.9491972772773   0.8   0   0   1
3.95922062062064   0.8   0   0   1
3.96924396396399   0.8   0   0   1
3.97926730730733   0.8   0   0   1
3.98929065065068   0.8   0   0   1
3.99931399399402   0.8   0   0   1
4.00933733733736   0.8   0   0   1
4.01936068068071   0.8   0   0   1
4.02938402402405   0.8   0   0   1
4.03940736736739   0.8   0   0   1
4.04943071071074   0.8   0   0   1
4.05945405405408   0.8   0   0   1
4.06947739739742   0.8   0   0   1
4.07950074074077   0.8   0   0   1
4.08952408408411   0.8   0   0   1
4.09954742742745   0.8   0   0   1
4.1095707707708   0.8   0   0   1
4.11959411411414   0.8   0   0   1
4.12961745745748   0.8   0   0   1
4.13964080080083   0.8   0   0   1
4.14966414414417   0.8   0   0   1
4.15968748748751   0.8   0   0   1
4.16971083083086   0.8   0   0   1
4.1797341741742   0.8   0   0   1
4.18975751751754   0.8   0   0   1
4.19978086086089   0.8   0   0   1
4.20980420420423   0.8   0   0   1
4.21982754754757   0.8   0   0   1
4.22985089089092   0.8   0   0   1
4.23987423423426   0.8   0   0   1
4.2498975775776   0.8   0   0   1
4.25992092092095   0.8   0   0   1
4.26994426426429   0.8   0   0   1
4.27996760760763   0.8   0   0   1
4.28999095095098   0.8   0   0   1
4.30001429429432   0.8   0   0   1
4.31003763763766   0.8   0   0   1
4.32006098098101   0.8   0   0   1
4.33008432432435   0.8   0   0   1
4.3401076676677   0.8   0   0   1
4.35013101101104   0.8   0   0   1
4.36015435435438   0.8   0   0   1
4.37017769769773   0.8   0   0   1
4.38020104104107   0.8   0   0   1
4.39022438438441   0.8   0   0   1
4.40024772772776   0.8   0   0   1
4.4102710710711   0.8   0   0   1
4.42029441441444   0.8   0   0   1
4.43031775775779   0.8   0   0   1
4.44034110110113   0.8   0   0   1
4.45036444444447   0.8   0   0   1
4.46038778778782   0.8   0   0   1
4.47041113113116   0.8   0   0   1
4.4804344744745   0.8   0   0   1
4.49045781781785   0.8   0   0   1
4.50048116116119   0.8   0   0   1
4.51050450450453   0.8   0   0   1
4.52052784784788   0.8   0   0   1
4.53055119119122   0.8   0   0   1
4.54057453453456   0.8   0   0   1
4.55059787787791   0.8   0   0   1
4.56062122122125   0.8   0   0   1
4.57064456456459   0.8   0   0   1
4.58066790790794   0.8   0   0   1
4.59069125125128   0.8   0   0   1
4.60071459459462   0.8   0   0   1
4.61073793793797   0.8   0   0   1
4.62076128128131   0.8   0   0   1
4.63078462462465   0.8   0   0   1
4.640807967968   0.8   0   0   1
4.65083131131134   0.8   0   0   1
4.66085465465468   0.8   0   0   1
4.67087799799803   0.8   0   0   1
4.68090134134137   0.8   0   0   1
4.69092468468472   0.8   0   0   1
4.70094802802806   0.8   0   0   1
4.7109713713714   0.8   0   0   1
4.72099471471475   0.8   0   0   1
4.73101805805809   0.8   0   0   1
4.74104140140143   0.8   0   0   1
4.75106474474478   0.8   0   0   1
4.76108808808812   0.8   0   0   1
4.77111143143146   0.8   0   0   1
4.78113477477481   0.8   0   0   1
4.79115811811815   0.8   0   0   1
4.80118146146149   0.8   0   0   1
4.81120480480484   0.8   0   0   1
4.82122814814818   0.8   0   0   1
4.83125149149152   0.8   0   0   1
4.84127483483487   0.8   0   0   1
4.85129817817821   0.8   0   0   1
4.86132152152155   0.8   0   0   1
4.8713448648649   0.8   0   0   1
4.88136820820824   0.8   0   0   1
4.89139155155158   0.8   0   0   1
4.90141489489493   0.8   0   0   1
4.91143823823827   0.8   0   0   1
4.92146158158161   0.8   0   0   1
4.93148492492496   0.8   0   0   1
4.9415082682683   0.8   0   0   1
4.95153161161164   0.8   0   0   1
4.96155495495499   0.8   0   0   1
4.97157829829833   0.8   0   0   1
4.98160164164167   0.8   0   0   1
4.99162498498502   0.8   0   0   1
5.00164832832836   0.8   0   0   1
5.0116716716717   0.8   0   0   1
5.02169501501505   0.8   0   0   1
5.03171835835839   0.8   0   0   1
5.04174170170173   0.8   0   0   1
5.05176504504508   0.8   0   0   1
5.06178838838842   0.8   0   0   1
5.07181173173177   0.8   0   0   1
5.08183507507511   0.8   0   0   1
5.09185841841845   0.8   0   0   1
5.1018817617618   0.8   0   0   1
5.11190510510514   0.8   0   0   1
5.12192844844848   0.8   0   0   1
5.13195179179183   0.8   0   0   1
5.14197513513517   0.8   0   0   1
5.15199847847851   0.8   0   0   1
5.16202182182186   0.8   0   0   1
5.1720451651652   0.8   0   0   1
5.18206850850854   0.8   0   0   1
5.19209185185189   0.8   0   0   1
5.20211519519523   0.8   0   0   1
5.21213853853857   0.8   0   0   1
5.22216188188192   0.8   0   0   1
5.23218522522526   0.8   0   0   1
5.2422085685686   0.8   0   0   1
5.25223191191195   0.8   0   0   1
5.26225525525529   0.8   0   0   1
5.27227859859863   0.8   0   0   1
5.28230194194198   0.8   0   0   1
5.29232528528532   0.8   0   0   1
5.30234862862866   0.8   0   0   1
5.31237197197201   0.8   0   0   1
5.32239531531535   0.8   0   0   1
5.33241865865869   0.8   0   0   1
5.34244200200204   0.8   0   0   1
5.35246534534538   0.8   0   0   1
5.36248868868872   0.8   0   0   1
5.37251203203207   0.8   0   0   1
5.38253537537541   0.8   0   0   1
5.39255871871875   0.8   0   0   1
5.4025820620621   0.8   0   0   1
5.41260540540544   0.8   0   0   1
5.42262874874879   0.8   0   0   1
5.43265209209213   0.8   0   0   1
5.44267543543547   0.8   0   0   1
5.45269877877882   0.8   0   0   1
5.46272212212216   0.8   0   0   1
5.4727454654655   0.8   0   0   1
5.48276880880885   0.8   0   0   1
5.49279215215219   0.8   0   0   1
5.50281549549553   0.8   0   0   1
5.51283883883888   0.8   0   0   1
5.52286218218222   0.8   0   0   1
5.53288552552556   0.8   0   0   1
5.54290886886891   0.8   0   0   1
5.55293221221225   0.8   0   0   1
5.56295555555559   0.8   0   0   1
5.57297889889894   0.8   0   0   1
5.58300224224228   0.8   0   0   1
5.59302558558562   0.8   0   0   1
5.60304892892897   0.8   0   0   1
5.61307227227231   0.8   0   0   1
5.62309561561565   0.8   0   0   1
5.633118958959   0.8   0   0   1
5.64314230230234   0.8   0   0   1
5.65316564564568   0.8   0   0   1
5.66318898898903   0.8   0   0   1
5.67321233233237   0.8   0   0   1
5.68323567567571   0.8   0   0   1
5.69325901901906   0.8   0   0   1
5.7032823623624   0.8   0   0   1
5.71330570570574   0.8   0   0   1
5.72332904904909   0.8   0   0   1
5.73335239239243   0.8   0   0   1
5.74337573573577   0.8   0   0   1
5.75339907907912   0.8   0   0   1
5.76342242242246   0.8   0   0   1
5.77344576576581   0.8   0   0   1
5.78346910910915   0.8   0   0   1
5.79349245245249   0.8   0   0   1
5.80351579579584   0.8   0   0   1
5.81353913913918   0.8   0   0   1
5.82356248248252   0.8   0   0   1
5.83358582582587   0.8   0   0   1
5.84360916916921   0.8   0   0   1
5.85363251251255   0.8   0   0   1
5.8636558558559   0.8   0   0   1
5.87367919919924   0.8   0   0   1
5.88370254254258   0.8   0   0   1
5.89372588588593   0.8   0   0   1
5.90374922922927   0.8   0   0   1
5.91377257257261   0.8   0   0   1
5.92379591591596   0.8   0   0   1
5.9338192592593   0.8   0   0   1
5.94384260260264   0.8   0   0   1
5.95386594594599   0.8   0   0   1
5.96388928928933   0.8   0   0   1
5.97391263263267   0.8   0   0   1
5.98393597597602   0.8   0   0   1
5.99395931931936   0.8   0   0   1
6.0039826626627   0.8   0   0   1
6.01400600600605   0.8   0   0   1
6.02402934934939   0.8   0   0   1
6.03405269269273   0.8   0   0   1
6.04407603603608   0.8   0   0   1
6.05409937937942   0.8   0   0   1
6.06412272272276   0.8   0   0   1
6.07414606606611   0.8   0   0   1
6.08416940940945   0.8   0   0   1
6.09419275275279   0.8   0   0   1
6.10421609609614   0.8   0   0   1
6.11423943943948   0.8   0   0   1
6.12426278278283   0.8   0   0   1
6.13428612612617   0.8   0   0   1
6.14430946946951   0.8   0   0   1
6.15433281281286   0.8   0   0   1
6.1643561561562   0.8   0   0   1
6.17437949949954   0.8   0   0   1
6.18440284284289   0.8   0   0   1
6.19442618618623   0.8   0   0   1
6.20444952952957   0.8   0   0   1
6.21447287287292   0.8   0   0   1
6.22449621621626   0.8   0   0   1
6.2345195595596   0.8   0   0   1
6.24454290290295   0.8   0   0   1
6.25456624624629   0.8   0   0   1
6.26458958958963   0.8   0   0   1
6.27461293293298   0.8   0   0   1
6.28463627627632   0.8   0   0   1
6.29465961961966   0.8   0   0   1
6.30468296296301   0.8   0   0   1
6.31470630630635   0.8   0   0   1
6.32472964964969   0.8   0   0   1
6.33475299299304   0.8   0   0   1
6.34477633633638   0.8   0   0   1
6.35479967967972   0.8   0   0   1
6.36482302302307   0.8   0   0   1
6.37484636636641   0.8   0   0   1
6.38486970970975   0.8   0   0   1
6.3948930530531   0.8   0   0   1
6.40491639639644   0.8   0   0   1
6.41493973973978   0.8   0   0   1
6.42496308308313   0.8   0   0   1
6.43498642642647   0.8   0   0   1
6.44500976976981   0.8   0   0   1
6.45503311311316   0.8   0   0   1
6.4650564564565   0.8   0   0   1
6.47507979979985   0.8   0   0   1
6.48510314314319   0.8   0   0   1
6.49512648648653   0.8   0   0   1
6.50514982982988   0.8   0   0   1
6.51517317317322   0.8   0   0   1
6.52519651651656   0.8   0   0   1
6.53521985985991   0.8   0   0   1
6.54524320320325   0.8   0   0   1
6.55526654654659   0.8   0   0   1
6.56528988988994   0.8   0   0   1
6.57531323323328   0.8   0   0   1
6.58533657657662   0.8   0   0   1
6.59535991991997   0.8   0   0   1
6.60538326326331   0.8   0   0   1
6.61540660660665   0.8   0   0   1
6.62542994995   0.8   0   0   1
6.63545329329334   0.8   0   0   1
6.64547663663668   0.8   0   0   1
6.65549997998003   0.8   0   0   1
6.66552332332337   0.8   0   0   1
6.67554666666671   0.8   0   0   1
6.68557001001006   0.8   0   0   1
6.6955933533534   0.8   0   0   1
6.70561669669674   0.8   0   0   1
6.71564004004009   0.8   0   0   1
6.72566338338343   0.8   0   0   1
6.73568672672677   0.8   0   0   1
6.74571007007012   0.8   0   0   1
6.75573341341346   0.8   0   0   1
6.7657567567568   0.8   0   0   1
6.77578010010015   0.8   0   0   1
6.78580344344349   0.8   0   0   1
6.79582678678683   0.8   0   0   1
6.80585013013018   0.8   0   0   1
6.81587347347352   0.8   0   0   1
6.82589681681686   0.8   0   0   1
6.83592016016021   0.8   0   0   1
6.84594350350355   0.8   0   0   1
6.8559668468469   0.8   0   0   1
6.86599019019024   0.8   0   0   1
6.87601353353358   0.8   0   0   1
6.88603687687693   0.8   0   0   1
6.89606022022027   0.8   0   0   1
6.90608356356361   0.8   0   0   1
6.91610690690696   0.8   0   0   1
6.9261302502503   0.8   0   0   1
6.93615359359364   0.8   0   0   1
6.94617693693699   0.8   0   0   1
6.95620028028033   0.8   0   0   1
6.96622362362367   0.8   0   0   1
6.97624696696702   0.8   0   0   1
6.98627031031036   0.8   0   0   1
6.9962936536537   0.8   0   0   1
7.00631699699705   0.8   0   0   1
7.01634034034039   0.8   0   0   1
7.02636368368373   0.8   0   0   1
7.03638702702708   0.8   0   0   1
7.04641037037042   0.8   0   0   1
7.05643371371376   0.8   0   0   1
7.06645705705711   0.8   0   0   1
7.07648040040045   0.8   0   0   1
7.08650374374379   0.8   0   0   1
7.09652708708714   0.8   0   0   1
7.10655043043048   0.8   0   0   1
7.11657377377382   0.8   0   0   1
7.12659711711717   0.8   0   0   1
7.13662046046051   0.8   0   0   1
7.14664380380385   0.8   0   0   1
7.1566671471472   0.8   0   0   1
7.16669049049054   0.8   0   0   1
7.17671383383388   0.8   0   0   1
7.18673717717723   0.8   0   0   1
7.19676052052057   0.8   0   0   1
7.20678386386392   0.8   0   0   1
7.21680720720726   0.8   0   0   1
7.2268305505506   0.8   0   0   1
7.23685389389395   0.8   0   0   1
7.24687723723729   0.8   0   0   1
7.25690058058063   0.8   0   0   1
7.26692392392398   0.8   0   0   1
7.27694726726732   0.8   0   0   1
7.28697061061066   0.8   0   0   1
7.29699395395401   0.8   0   0   1
7.30701729729735   0.8   0   0   1
7.31704064064069   0.8   0   0   1
7.32706398398404   0.8   0   0   1
7.33708732732738   0.8   0   0   1
7.34711067067072   0.8   0   0   1
7.35713401401407   0.8   0   0   1
7.36715735735741   0.8   0   0   1
7.37718070070075   0.8   0   0   1
7.3872040440441   0.8   0   0   1
7.39722738738744   0.8   0   0   1
7.40725073073078   0.8   0   0   1
7.41727407407413   0.8   0   0   1
7.42729741741747   0.8   0   0   1
7.43732076076081   0.8   0   0   1
7.44734410410416   0.8   0   0   1
7.4573674474475   0.8   0   0   1
7.46739079079084   0.8   0   0   1
7.47741413413419   0.8   0   0   1
7.48743747747753   0.8   0   0   1
7.49746082082087   0.8   0   0   1
7.50748416416422   0.8   0   0   1
7.51750750750756   0.8   0   0   1
7.5275308508509   0.8   0   0   1
7.53755419419425   0.8   0   0   1
7.54757753753759   0.8   0   0   1
7.55760088088094   0.8   0   0   1
7.56762422422428   0.8   0   0   1
7.57764756756762   0.8   0   0   1
7.58767091091097   0.8   0   0   1
7.59769425425431   0.8   0   0   1
7.60771759759765   0.8   0   0   1
7.617740940941   0.8   0   0   1
7.62776428428434   0.8   0   0   1
7.63778762762768   0.8   0   0   1
7.64781097097103   0.8   0   0   1
7.65783431431437   0.8   0   0   1
7.66785765765771   0.8   0   0   1
7.67788100100106   0.8   0   0   1
7.6879043443444   0.8   0   0   1
7.69792768768774   0.8   0   0   1
7.70795103103109   0.8   0   0   1
7.71797437437443   0.8   0   0   1
7.72799771771777   0.8   0   0   1
7.73802106106112   0.8   0   0   1
7.74804440440446   0.8   0   0   1
7.7580677477478   0.8   0   0   1
7.76809109109115   0.8   0   0   1
7.77811443443449   0.8   0   0   1
7.78813777777783   0.8   0   0   1
7.79816112112118   0.8   0   0   1
7.80818446446452   0.8   0   0   1
7.81820780780786   0.8   0   0   1
7.82823115115121   0.8   0   0   1
7.83825449449455   0.8   0   0   1
7.84827783783789   0.8   0   0   1
7.85830118118124   0.8   0   0   1
7.86832452452458   0.8   0   0   1
7.87834786786792   0.8   0   0   1
7.88837121121127   0.8   0   0   1
7.89839455455461   0.8   0   0   1
7.90841789789796   0.8   0   0   1
7.9184412412413   0.8   0   0   1
7.92846458458464   0.8   0   0   1
7.93848792792799   0.8   0   0   1
7.94851127127133   0.8   0   0   1
7.95853461461467   0.8   0   0   1
7.96855795795802   0.8   0   0   1
7.97858130130136   0.8   0   0   1
7.9886046446447   0.8   0   0   1
7.99862798798805   0.8   0   0   1
8.00865133133139   0.8   0   0   1
8.01867467467473   0.8   0   0   1
8.02869801801808   0.8   0   0   1
8.03872136136142   0.8   0   0   1
8.04874470470476   0.8   0   0   1
8.05876804804811   0.8   0   0   1
8.06879139139145   0.8   0   0   1
8.07881473473479   0.8   0   0   1
8.08883807807814   0.8   0   0   1
8.09886142142148   0.8   0   0   1
8.10888476476482   0.8   0   0   1
8.11890810810817   0.8   0   0   1
8.12893145145151   0.8   0   0   1
8.13895479479485   0.8   0   0   1
8.1489781381382   0.8   0   0   1
8.15900148148154   0.8   0   0   1
8.16902482482488   0.8   0   0   1
8.17904816816823   0.8   0   0   1
8.18907151151157   0.8   0   0   1
8.19909485485491   0.8   0   0   1
8.20911819819826   0.8   0   0   1
8.2191415415416   0.8   0   0   1
8.22916488488494   0.8   0   0   1
8.23918822822829   0.8   0   0   1
8.24921157157163   0.8   0   0   1
8.25923491491498   0.8   0   0   1
8.26925825825832   0.8   0   0   1
8.27928160160166   0.8   0   0   1
8.28930494494501   0.8   0   0   1
8.29932828828835   0.8   0   0   1
8.30935163163169   0.8   0   0   1
8.31937497497504   0.8   0   0   1
8.32939831831838   0.8   0   0   1
8.33942166166172   0.8   0   0   1
8.34944500500507   0.8   0   0   1
8.35946834834841   0.8   0   0   1
8.36949169169175   0.8   0   0   1
8.3795150350351   0.8   0   0   1
8.38953837837844   0.8   0   0   1
8.39956172172178   0.8   0   0   1
8.40958506506513   0.8   0   0   1
8.41960840840847   0.8   0   0   1
8.42963175175181   0.8   0   0   1
8.43965509509516   0.8   0   0   1
8.4496784384385   0.8   0   0   1
8.45970178178184   0.8   0   0   1
8.46972512512519   0.8   0   0   1
8.47974846846853   0.8   0   0   1
8.48977181181187   0.8   0   0   1
8.49979515515522   0.8   0   0   1
8.50981849849856   0.8   0   0   1
8.5198418418419   0.8   0   0   1
8.52986518518525   0.8   0   0   1
8.53988852852859   0.8   0   0   1
8.54991187187193   0.8   0   0   1
8.55993521521528   0.8   0   0   1
8.56995855855862   0.8   0   0   1
8.57998190190196   0.8   0   0   1
8.59000524524531   0.8   0   0   1
8.60002858858865   0.8   0   0   1
8.610051931932   0.8   0   0   1
8.62007527527534   0.8   0   0   1
8.63009861861868   0.8   0   0   1
8.64012196196203   0.8   0   0   1
8.65014530530537   0.8   0   0   1
8.66016864864871   0.8   0   0   1
8.67019199199206   0.8   0   0   1
8.6802153353354   0.8   0   0   1
8.69023867867874   0.8   0   0   1
8.70026202202209   0.8   0   0   1
8.71028536536543   0.8   0   0   1
8.72030870870877   0.8   0   0   1
8.73033205205212   0.8   0   0   1
8.74035539539546   0.8   0   0   1
8.7503787387388   0.8   0   0   1
8.76040208208215   0.8   0   0   1
8.77042542542549   0.8   0   0   1
8.78044876876883   0.8   0   0   1
8.79047211211218   0.8   0   0   1
8.80049545545552   0.8   0   0   1
8.81051879879886   0.8   0   0   1
8.82054214214221   0.8   0   0   1
8.83056548548555   0.8   0   0   1
8.84058882882889   0.8   0   0   1
8.85061217217224   0.8   0   0   1
8.86063551551558   0.8   0   0   1
8.87065885885892   0.8   0   0   1
8.88068220220227   0.8   0   0   1
8.89070554554561   0.8   0   0   1
8.90072888888895   0.8   0   0   1
8.9107522322323   0.8   0   0   1
8.92077557557564   0.8   0   0   1
8.93079891891898   0.8   0   0   1
8.94082226226233   0.8   0   0   1
8.95084560560567   0.8   0   0   1
8.96086894894901   0.8   0   0   1
8.97089229229236   0.8   0   0   1
8.9809156356357   0.8   0   0   1
8.99093897897905   0.8   0   0   1
9.00096232232239   0.8   0   0   1
9.01098566566573   0.8   0   0   1
9.02100900900908   0.8   0   0   1
9.03103235235242   0.8   0   0   1
9.04105569569576   0.8   0   0   1
9.05107903903911   0.8   0   0   1
9.06110238238245   0.8   0   0   1
9.07112572572579   0.8   0   0   1
9.08114906906914   0.8   0   0   1
9.09117241241248   0.8   0   0   1
9.10119575575582   0.8   0   0   1
9.11121909909917   0.8   0   0   1
9.12124244244251   0.8   0   0   1
9.13126578578585   0.8   0   0   1
9.1412891291292   0.8   0   0   1
9.15131247247254   0.8   0   0   1
9.16133581581588   0.8   0   0   1
9.17135915915923   0.8   0   0   1
9.18138250250257   0.8   0   0   1
9.19140584584591   0.8   0   0   1
9.20142918918926   0.8   0   0   1
9.2114525325326   0.8   0   0   1
9.22147587587594   0.8   0   0   1
9.23149921921929   0.8   0   0   1
9.24152256256263   0.8   0   0   1
9.25154590590597   0.8   0   0   1
9.26156924924932   0.8   0   0   1
9.27159259259266   0.8   0   0   1
9.281615935936   0.8   0   0   1
9.29163927927935   0.8   0   0   1
9.30166262262269   0.8   0   0   1
9.31168596596603   0.8   0   0   1
9.32170930930938   0.8   0   0   1
9.33173265265272   0.8   0   0   1
9.34175599599607   0.8   0   0   1
9.35177933933941   0.8   0   0   1
9.36180268268275   0.8   0   0   1
9.3718260260261   0.8   0   0   1
9.38184936936944   0.8   0   0   1
9.39187271271278   0.8   0   0   1
9.40189605605613   0.8   0   0   1
9.41191939939947   0.8   0   0   1
9.42194274274281   0.8   0   0   1
9.43196608608616   0.8   0   0   1
9.4419894294295   0.8   0   0   1
9.45201277277284   0.8   0   0   1
9.46203611611619   0.8   0   0   1
9.47205945945953   0.8   0   0   1
9.48208280280287   0.8   0   0   1
9.49210614614622   0.8   0   0   1
9.50212948948956   0.8   0   0   1
9.5121528328329   0.8   0   0   1
9.52217617617625   0.8   0   0   1
9.53219951951959   0.8   0   0   1
9.54222286286293   0.8   0   0   1
9.55224620620628   0.8   0   0   1
9.56226954954962   0.8   0   0   1
9.57229289289296   0.8   0   0   1
9.58231623623631   0.8   0   0   1
9.59233957957965   0.8   0   0   1
9.60236292292299   0.8   0   0   1
9.61238626626634   0.8   0   0   1
9.62240960960968   0.8   0   0   1
9.63243295295302   0.8   0   0   1
9.64245629629637   0.8   0   0   1
9.65247963963971   0.8   0   0   1
9.66250298298305   0.8   0   0   1
9.6725263263264   0.8   0   0   1
9.68254966966974   0.8   0   0   1
9.69257301301309   0.8   0   0   1
9.70259635635643   0.8   0   0   1
9.71261969969977   0.8   0   0   1
9.72264304304312   0.8   0   0   1
9.73266638638646   0.8   0   0   1
9.7426897297298   0.8   0   0   1
9.75271307307315   0.8   0   0   1
9.76273641641649   0.8   0   0   1
9.77275975975983   0.8   0   0   1
9.78278310310318   0.8   0   0   1
9.79280644644652   0.8   0   0   1
9.80282978978986   0.8   0   0   1
9.81285313313321   0.8   0   0   1
9.82287647647655   0.8   0   0   1
9.83289981981989   0.8   0   0   1
9.84292316316324   0.8   0   0   1
9.85294650650658   0.8   0   0   1
9.86296984984992   0.8   0   0   1
9.87299319319327   0.8   0   0   1
9.88301653653661   0.8   0   0   1
9.89303987987995   0.8   0   0   1
9.9030632232233   0.8   0   0   1
9.91308656656664   0.8   0   0   1
9.92310990990998   0.8   0   0   1
9.93313325325333   0.8   0   0   1
9.94315659659667   0.8   0   0   1
9.95317993994001   0.8   0   0   1
9.96320328328336   0.8   0   0   1
9.9732266266267   0.8   0   0   1
9.98324996997004   0.8   0   0   1
9.99327331331339   0.8   0   0   1
10.0032966566567   0.8   0   0   1
10.0133200000001   0.8   0   0   1
