variables = x,rho,u,v,p
0   3.8571   2.6293   0   10.3333
0.0100233433433433   3.8571   2.6293   0   10.3333
0.0200466866866867   3.8571   2.6293   0   10.3333
0.03007003003003   3.8571   2.6293   0   10.3333
0.0400933733733734   3.8571   2.6293   0   10.3333
0.0501167167167167   3.8571   2.6293   0   10.3333
0.0601400600600601   3.8571   2.6293   0   10.3333
0.0701634034034034   3.8571   2.6293   0   10.3333
0.0801867467467468   3.8571   2.6293   0   10.3333
0.0902100900900901   3.8571   2.6293   0   10.3333
0.100233433433433   3.8571   2.6293   0   10.3333
0.110256776776777   3.8571   2.6293   0   10.3333
0.12028012012012   3.8571   2.6293   0   10.3333
0.130303463463463   3.8571   2.6293   0   10.3333
0.140326806806807   3.8571   2.6293   0   10.3333
0.15035015015015   3.8571   2.6293   0   10.3333
0.160373493493494   3.8571   2.6293   0   10.3333
0.170396836836837   3.8571   2.6293   0   10.3333
0.18042018018018   3.8571   2.6293   0   10.3333
0.190443523523524   3.8571   2.6293   0   10.3333
0.200466866866867   3.8571   2.6293   0   10.3333
0.21049021021021   3.8571   2.6293   0   10.3333
0.220513553553554   3.8571   2.6293   0   10.3333
0.230536896896897   3.8571   2.6293   0   10.3333
0.24056024024024   3.8571   2.6293   0   10.3333
0.250583583583584   3.8571   2.6293   0   10.3333
0.260606926926927   3.8571   2.6293   0   10.3333
0.27063027027027   3.8571   2.6293   0   10.3333
0.280653613613614   3.8571   2.6293   0   10.3333
0.290676956956957   3.8571   2.6293   0   10.3333
0.3007003003003   3.8571   2.6293   0   10.3333
0.310723643643644   3.8571   2.6293   0   10.3333
0.320746986986987   3.8571   2.6293   0   10.3333
0.330770330330331   3.8571   2.6293   0   10.3333
0.340793673673674   3.8571   2.6293   0   10.3333
0.350817017017017   3.8571   2.6293   0   10.3333
0.360840360360361   3.8571   2.6293   0   10.3333
0.370863703703704   3.8571   2.6293   0   10.3333
0.380887047047047   3.8571   2.6293   0   10.3333
0.390910390390391   3.8571   2.6293   0   10.3333
0.400933733733734   3.8571   2.6293   0   10.3333
0.410957077077078   3.8571   2.6293   0   10.3333
0.420980420420421   3.8571   2.6293   0   10.3333
0.431003763763764   3.8571   2.6293   0   10.3333
0.441027107107108   3.8571   2.6293   0   10.3333
0.451050450450451   3.8571   2.6293   0   10.3333
0.461073793793794   3.8571   2.6293   0   10.3333
0.471097137137138   3.8571   2.6293   0   10.3333
0.481120480480481   3.8571   2.6293   0   10.3333
0.491143823823825   3.8571   2.6293   0   10.3333
0.501167167167168   3.8571   2.6293   0   10.3333
0.511190510510511   3.8571   2.6293   0   10.3333
0.521213853853855   3.8571   2.6293   0   10.3333
0.531237197197198   3.8571   2.6293   0   10.3333
0.541260540540541   3.8571   2.6293   -9.2474611574473e-17   10.3333
0.551283883883884   3.85709999999998   2.62930000000001   9.47082820089306e-19   10.3332999999999
0.561307227227228   3.85709999999994   2.62930000000004   3.42261721979388e-16   10.3332999999997
0.571330570570571   3.85709999999985   2.62930000000009   4.6759814738561e-16   10.3332999999993
0.581353913913914   3.85709999999969   2.62930000000017   4.51431058905985e-16   10.3332999999987
0.591377257257258   3.85709999999941   2.62930000000034   3.12726843769676e-16   10.3332999999974
0.601400600600601   3.85709999999889   2.62930000000064   1.27878440570662e-16   10.3332999999952
0.611423943943944   3.85709999999797   2.62930000000117   -5.17093481568653e-17   10.3332999999912
0.621447287287288   3.85709999999636   2.6293000000021   -1.05315301781141e-16   10.3332999999842
0.631470630630631   3.85709999999351   2.62930000000373   -1.35118425986545e-16   10.3332999999718
0.641493973973974   3.85709999998852   2.6293000000066   6.51608408244307e-17   10.3332999999503
0.651517317317318   3.85709999997985   2.62930000001155   -1.06234761847415e-16   10.3332999999129
0.661540660660661   3.85709999996491   2.62930000002009   7.25668324647088e-17   10.3332999998487
0.671564004004004   3.85709999993933   2.62930000003469   3.62622013861268e-16   10.3332999997388
0.681587347347348   3.85709999989583   2.62930000005946   2.84076830591309e-16   10.3332999995523
0.691610690690691   3.85709999982242   2.62930000010118   -6.15509730307653e-17   10.3332999992382
0.701634034034034   3.85709999969942   2.62930000017097   -3.09267423685561e-16   10.333299998713
0.711657377377378   3.85709999949483   2.62930000028683   -8.70214741194678e-16   10.3332999978411
0.721680720720721   3.857099999157   2.62930000047781   -1.40484793545908e-15   10.3332999964041
0.731704064064064   3.85709999860323   2.62930000079029   -2.10554978429816e-15   10.3332999940531
0.741727407407408   3.8570999977021   2.62930000129785   -2.29355499627983e-15   10.3332999902349
0.751750750750751   3.85709999624645   2.62930000211625   -2.43141666510552e-15   10.333299984079
0.761774094094094   3.85709999391225   2.62930000342621   -2.42763238595123e-15   10.3332999742269
0.771797437437437   3.85709999019663   2.62930000550762   -2.6782845175979e-15   10.3332999585746
0.781820780780781   3.85709998432546   2.62930000879055   -2.77459067210206e-15   10.3332999338898
0.791844124124124   3.85709997511628   2.62930001393059   -2.68664538442948e-15   10.3332998952458
0.801867467467467   3.85709996077747   2.62930002191911   -2.75245356758853e-15   10.3332998351933
0.811890810810811   3.85709993861598   2.62930003424334   -2.81872956504543e-15   10.3332997425586
0.821914154154154   3.85709990461634   2.62930005311641   -2.60752509104574e-15   10.3332996007164
0.831937497497497   3.8570998528395   2.62930008180513   -2.41106271439193e-15   10.3332993851292
0.841960840840841   3.85709977457236   2.6293001250926   -1.89491764892163e-15   10.333299059875
0.851984184184184   3.85709965713612   2.62930018992494   -1.50421278461481e-15   10.3332985727934
0.862007527527527   3.8570994822319   2.62930028630708   -1.0501673729029e-15   10.3332978487647
0.872030870870871   3.85709922366653   2.62930042853121   -8.37861812596794e-16   10.3332967804929
0.882054214214214   3.85709884425644   2.62930063684516   -5.9387519195812e-16   10.3332952159904
0.892077557557557   3.85709829165452   2.62930093969568   -8.18776805942424e-16   10.3332929417535
0.902100900900901   3.8570974927821   2.62930137671418   -7.30388321443497e-16   10.3332896603719
0.912124244244244   3.85709634647608   2.6293020026494   -9.27344448468831e-16   10.3332849610421
0.922147587587587   3.85709471388142   2.6293028924929   -1.26325967495077e-15   10.3332782811442
0.932170930930931   3.85709240603233   2.62930414808672   -1.53829942599655e-15   10.3332688567154
0.942194274274274   3.85708916797698   2.6293059065472   -1.75858616424437e-15   10.3332556593222
0.952217617617617   3.85708465871391   2.62930835088162   -1.81822989393769e-15   10.3332373165149
0.96224096096096   3.85707842613217   2.62931172321045   -2.02240098350622e-15   10.3332120127792
0.972264304304304   3.85706987609082   2.62931634103329   -2.03355917094866e-15   10.3331773677141
0.982287647647647   3.8570582347479   2.62932261698463   -1.82956141633179e-15   10.3331302881075
0.99231099099099   3.85704250326999   2.62933108250887   -1.64291784498559e-15   10.3330667907147
1.00233433433433   3.8570214041345   2.62934241583481   -1.40275571786368e-15   10.3329817929141
1.01235767767768   3.85699331839562   2.62935747454087   -7.76628300945917e-16   10.3328688690995
1.02238102102102   3.85695621353661   2.629377332864   -3.55257620360921e-16   10.3327199717046
1.03240436436436   3.85690756188849   2.62940332371419   5.909742533359e-16   10.3325251172121
1.04242770770771   3.85684425006828   2.62943708510624   1.38184269342639e-15   10.332272039386
1.05245105105105   3.85676248047968   2.62948061041335   2.10276661425061e-15   10.3319458142976
1.06247439439439   3.85665766661883   2.62953630148692   2.80242555066909e-15   10.3315284644406
1.07249773773774   3.85652432471815   2.62960702328516   3.47720022686765e-15   10.3309985522843
1.08252108108108   3.85635596511018   2.62969615822818   4.21344017090916e-15   10.3303307768398
1.09254442442442   3.85614498755441   2.62980765807354   4.45865201179196e-15   10.329495590048
1.10256776776777   3.85588258558258   2.62994609071538   4.74687602172264e-15   10.3284588527796
1.11259111111111   3.85555866561204   2.63011667898939   5.19472685806935e-15   10.3271815527065
1.12261445445445   3.85516178707337   2.63032532835253   5.59103679422393e-15   10.3256196079534
1.1326377977978   3.8546791300206   2.63057864023999   5.74129049469422e-15   10.3237237809775
1.14266114114114   3.85409649656892   2.63088390801375   5.61113517323823e-15   10.3214397262924
1.15268448448449   3.85339835198214   2.63124909273175   5.40312441007694e-15   10.3187081932703
1.16270782782783   3.8525679102815   2.63168277649176   5.60128283237617e-15   10.3154654012244
1.17273117117117   3.85158726787296   2.6321940918335   5.95141563392916e-15   10.3116435983562
1.18275451451452   3.85043758693401   2.6327926265873   5.89590717653295e-15   10.3071718091207
1.19277785785786   3.84909932824287   2.63348830459381   5.97577842684258e-15   10.3019767664787
1.2028012012012   3.84755253088978   2.63429124382351   6.01388206000769e-15   10.2959840168168
1.21282454454455   3.84577713402335   2.63521159452439   6.49250637660098e-15   10.2891191766093
1.22284788788789   3.84375333361417   2.63625936104293   6.90363917543484e-15   10.2813093117722
1.23287123123123   3.84146196531905   2.63744421182259   7.55805605276011e-15   10.2724844037213
1.24289457457458   3.83888490304604   2.63877528272076   8.2055371112756e-15   10.2625788609338
1.25291791791792   3.8360054618619   2.64026097915409   8.54715404058111e-15   10.2515330316952
1.26294126126126   3.83280879351954   2.64190878265888   8.88679579784884e-15   10.2392946729518
1.27296460460461   3.82928226313112   2.64372506723861   9.18022622046843e-15   10.2258203317785
1.28298794794795   3.82541579634125   2.64571493039128   9.62112630311415e-15   10.2110765997703
1.29301129129129   3.82120218768502   2.64788204300999   9.72829078168271e-15   10.1950412063215
1.30303463463464   3.81663736253263   2.6502285214935   9.64195692269805e-15   10.1777039237957
1.31305797797798   3.81172058698465   2.65275482446051   9.31798279854835e-15   10.1590672654534
1.32308132132132   3.8064546221402   2.65545967550377   8.95288485956318e-15   10.1391469651047
1.33310466466467   3.80084582116821   2.65834001251558   8.648506544679e-15   10.1179722352348
1.34312800800801   3.79490416943939   2.66139096332223   8.2742589340173e-15   10.0955858073248
1.35315135135135   3.78864326952037   2.66460584672494   7.70967707756532e-15   10.0720437638806
1.3631746946947   3.78208027401969   2.66797619758498   7.50766197036128e-15   10.0474151760434
1.37319803803804   3.77523577007084   2.67149181432357   7.85593783752362e-15   10.0217815634661
1.38322138138138   3.76813361963521   2.67514082712613   7.89180837036309e-15   9.99523619441849
1.39324472472473   3.76080075983581   2.67890978522927   7.50716142700049e-15   9.96788324394946
1.40326806806807   3.75326696724114   2.68278376189612   7.02826237055848e-15   9.93983682661325
1.41329141141141   3.7455645894815   2.68674647601432   6.97299617267751e-15   9.91121991803758
1.42331475475476   3.73772824688371   2.69078042963536   7.16968467903866e-15   9.88216317682514
1.4333380980981   3.72979450605258   2.69486706116504   7.27334796448054e-15   9.85280367529318
1.44336144144144   3.72180152661007   2.69898691426034   7.51521551949548e-15   9.82328354475611
1.45338478478479   3.71378868172948   2.70311982273585   7.34426847982793e-15   9.79374853881428
1.46340812812813   3.70579615277203   2.70724511188088   7.38305466966461e-15   9.7643465167848
1.47343147147147   3.69786449833682   2.71134181648988   7.43661256726846e-15   9.735225849316
1.48345481481482   3.69003419845006   2.71538891557305   7.84370845754132e-15   9.70653374962423
1.49347815815816   3.68234517549897   2.71936558311324   8.2744975845499e-15   9.6784145368575
1.50350150150151   3.67483629488391   2.72325145335717   8.94139964495782e-15   9.6510078428871
1.51352484484485   3.6675448502016   2.72702689798706   9.27205171587114e-15   9.62444678027133
1.52354818818819   3.66050604001491   2.7306733111521   9.64751010488759e-15   9.5988560969612
1.53357153153154   3.65375244578458   2.73417339682425   9.86452977179259e-15   9.57435035205801
1.54359487487488   3.64731352314769   2.73751145138956   9.80273602208787e-15   9.55103215590476
1.55361821821822   3.64121512118054   2.74067363293922   9.32801861511439e-15   9.52899052611533
1.56364156156157   3.63547904628833   2.74364820755466   9.10094579642741e-15   9.50829941778682
1.57366490490491   3.63012268860856   2.74642576216913   8.90778202410592e-15   9.48901649000338
1.58368824824825   3.62515872899897   2.7489993735071   8.64232106432378e-15   9.47118217079113
1.5937115915916   3.62059494356118   2.7513647232883   8.49237722125317e-15   9.45481907809404
1.60373493493494   3.61643412008327   2.75352015141276   8.31902911621169e-15   9.4399318446526
1.61375827827828   3.6126740967663   2.75546664120578   8.44973699119113e-15   9.42650737992302
1.62378162162163   3.60930792829386   2.75720773389343   8.32900505788903e-15   9.41451558301124
1.63380496496497   3.6063241780438   2.75874937309124   8.02365878229795e-15   9.40391049824681
1.64382830830831   3.60370732851081   2.76009968393501   7.95740222125464e-15   9.39463188123507
1.65385165165166   3.60143829538932   2.76126869521863   7.95503681585996e-15   9.38660712008797
1.663874994995   3.5994950248727   2.7622680161785   8.29660942963362e-15   9.37975343621146
1.67389833833834   3.59785314912122   2.76311048206089   8.95715291288137e-15   9.37398027349198
1.68392168168169   3.59648667197679   2.76380978409068   9.73502834055901e-15   9.36919177547761
1.69394502502503   3.59536865611326   2.76438009980341   1.00576605825676e-14   9.36528924801948
1.70396836836837   3.59447188394498   2.76483573890859   1.04894957002505e-14   9.36217350988268
1.71399171171172   3.59376946759879   2.76519081804338   1.10066913979482e-14   9.35974704534431
1.72401505505506   3.59323538772791   2.76545897517385   1.15712888233699e-14   9.35791588942931
1.7340383983984   3.59284494642564   2.76565313129146   1.15635367468405e-14   9.35659119642255
1.74406174174175   3.59257512544222   2.76578530374277   1.15778410069836e-14   9.35569046368911
1.75408508508509   3.59240484678936   2.76586647231425   1.12425199048927e-14   9.35513840375599
1.76410842842843   3.59231513817557   2.76590649631584   1.10270897364156e-14   9.35486747645137
1.77413177177178   3.59228921020416   2.76591407854444   1.0688656827648e-14   9.35481810847221
1.78415511511512   3.59231245566895   2.76589677026435   1.06977449034594e-14   9.35493863934868
1.79417845845846   3.59237238351897   2.76586101024309   1.06939001952053e-14   9.35518504015574
1.80420180180181   3.59245850116446   2.76581219039654   1.06636155249204e-14   9.35552045466607
1.81422514514515   3.59256215888998   2.76575474064568   1.06219411798308e-14   9.35591461243095
1.82424848848849   3.59267636940813   2.76569222606215   1.07690063874741e-14   9.35634316020899
1.83427183183184   3.59279561424631   2.76562745015983   1.10443441256005e-14   9.35678695301684
1.84429517517518   3.59291564692417   2.76556255915866   1.14667959129106e-14   9.35723133963407
1.85431851851853   3.59303330095215   2.76549914309762   1.17972915118241e-14   9.35766547036232
1.86434186186187   3.59314630872956   2.76543833071986   1.1734737729744e-14   9.35808164780866
1.87436520520521   3.59325313557579   2.76538087602876   1.1550198068927e-14   9.35847473488597
1.88438854854856   3.59335283148123   2.76532723527353   1.15209582673202e-14   9.35884162840635
1.8944118918919   3.59344490177047   2.76527763384297   1.15070970188994e-14   9.35918080176568
1.90443523523524   3.5935291967517   2.7652321231165   1.16929756985875e-14   9.35949191634387
1.91445857857859   3.59360581958187   2.7651906277466   1.14472004912463e-14   9.35977549835579
1.92448192192193   3.59367505098539   2.76515298413882   1.13143354421324e-14   9.36003267590021
1.93450526526527   3.59373728909514   2.76511897107275   1.15817318266023e-14   9.36026496974822
1.94452860860862   3.59379300249788   2.76508833349021   1.19857091057975e-14   9.36047413084815
1.95455195195196   3.59384269452489   2.76506080048655   1.19683755178164e-14   9.36066201745996
1.9645752952953   3.59388687689244   2.7650360984972   1.13442584872243e-14   9.36083050513238
1.97459863863865   3.59392605093307   2.76501396059201   1.03906287374766e-14   9.36098142328135
1.98462198198199   3.59396069483739   2.76499413268891   1.01224377796328e-14   9.36111651281967
1.99464532532533   3.59399125552338   2.76497637738808   9.56494940711078e-15   9.36123740004278
2.00466866866868   3.59401814394801   2.7649604760167   8.9111064626267e-15   9.3613455827364
2.01469201201202   3.59404173285865   2.76494622936878   8.52032441404778e-15   9.36144242519392
2.02471535535536   3.5940623561409   2.76493345752828   7.86798825946991e-15   9.36152915948944
2.03473869869871   3.59408030904588   2.76492199907957   7.36255324533561e-15   9.36160689093018
2.04476204204205   3.59409584866952   2.76491170993679   6.6920489647177e-15   9.36167660610445
2.05478538538539   3.59410919410426   2.76490246196444   6.20985501440434e-15   9.36173918234974
2.06480872872874   3.5941205256865   2.76489414151282   5.77913161474802e-15   9.36179539779609
2.07483207207208   3.59412998271756   2.76488664795408   5.67866554682526e-15   9.36184594139958
2.08485541541542   3.59413765893865   2.76487989227536   5.19270423371374e-15   9.36189142258156
2.09487875875877   3.59414359488828   2.76487379576326   4.81144892249682e-15   9.36193238023885
2.10490210210211   3.59414776605978   2.7648682887984   4.8414829580275e-15   9.36196929099907
2.11492544544545   3.59415006550791   2.76486330976707   5.11316731618401e-15   9.3620025766725
2.1249487887888   3.59415027922485   2.76485880408977   5.17310975557318e-15   9.36203261090328
2.13497213213214   3.59414805222484   2.76485472336134   5.53039309806712e-15   9.36205972505571
2.14499547547548   3.59414284285166   2.76485102459465   5.98640739134617e-15   9.36208421339156
2.15501881881883   3.59413386237274   2.76484766955843   5.99127196581483e-15   9.36210633760284
2.16504216216217   3.59411999647515   2.76484462419916   5.86998241879098e-15   9.36212633076856
2.17506550550551   3.59409970486993   2.76484185813744   5.92689278451093e-15   9.362144400802
2.18508884884886   3.59407089489298   2.76483934422955   5.54175782176024e-15   9.36216073345154
2.1951121921922   3.59403076482619   2.76483705818585   4.97700643176449e-15   9.3621754949124
2.20513553553555   3.59397561272591   2.76483497823844   4.4259248998257e-15   9.3621888341013
2.21515887887889   3.59390060692072   2.76483308485142   4.11433175310996e-15   9.36220088463912
2.22518222222223   3.59379951511565   2.764831360468   3.90245661406717e-15   9.36221176658181
2.23520556556558   3.59366439029978   2.76482978928933   3.95575951849705e-15   9.36222158793395
2.24522890890892   3.59348521347426   2.76482835708072   4.03835345422311e-15   9.36223044597483
2.25525225225226   3.59324949564982   2.76482705100156   3.44744565310927e-15   9.36223842842243
2.26527559559561   3.59294184462623   2.76482585945572   3.1286932990612e-15   9.36224561445754
2.27529893893895   3.59254350573205   2.76482477195968   2.74002502660773e-15   9.36225207562649
2.28532228228229   3.59203188988561   2.76482377902605   2.54324876693384e-15   9.36225787663879
2.29534562562564   3.59138010688387   2.76482287206049   2.17023641847121e-15   9.36226307607323
2.30536896896898   3.59055652650776   2.76482204327036   1.80204737043347e-15   9.36226772700435
2.31539231231232   3.58952439455163   2.76482128558355   1.45349220501544e-15   9.36227187755928
2.32541565565567   3.58824153487736   2.76482059257625   1.19322519653438e-15   9.36227557141377
2.33543899899901   3.58666017164718   2.76481995840865   6.67753385277227e-16   9.36227884823463
2.34546234234235   3.58472690756538   2.7648193777675   3.24170256752444e-16   9.36228174407529
2.3554856856857   3.5823828938291   2.76481884581479   1.47714392893226e-16   9.3622842917297
2.36550902902904   3.57956422516736   2.76481835814194   5.13911420446616e-16   9.36228652104961
2.37553237237238   3.57620258854202   2.76481791072863   3.53169985093696e-16   9.36228845922909
2.38555571571573   3.57222618663092   2.76481749990601   5.19334024103068e-16   9.36229013106009
2.39557905905907   3.56756094712124   2.76481712232365   5.43362467580863e-16   9.36229155916185
2.40560240240241   3.56213201631798   2.76481677491987   1.04108880944529e-15   9.36229276418707
2.41562574574576   3.55586552104689   2.76481645489507   1.30777429127989e-15   9.362293765007
2.4256490890891   3.54869056694709   2.76481615968779   1.43512955416614e-15   9.36229457887757
2.43567243243244   3.54054142485044   2.76481588695309   1.44759233874815e-15   9.36229522158827
2.44569577577579   3.53135984103284   2.76481563454312   1.28188075108328e-15   9.3622957075955
2.45571911911913   3.52109739279689   2.76481540048957   9.09067674490453e-16   9.36229605014174
2.46574246246247   3.50971779922645   2.76481518298785   1.03357624222693e-15   9.36229626136184
2.47576580580582   3.49719908909654   2.76481498038269   1.29031152045365e-15   9.36229635237775
2.48578914914916   3.4835355247263   2.76481479115519   1.07164671755653e-15   9.36229633338266
2.4958124924925   3.4687391826826   2.76481461391096   7.10855073988895e-16   9.36229621371575
2.50583583583585   3.45284110001667   2.76481444736937   4.76230504851709e-16   9.36229600192843
2.51585917917919   3.43589190811325   2.76481429035373   -6.45132242814861e-17   9.36229570584315
2.52588252252253   3.41796189482416   2.76481414178224   -5.17915320809065e-16   9.3622953326055
2.53590586586588   3.39914045853046   2.76481400065976   -1.0476137715162e-15   9.36229488873067
2.54592920920922   3.37953494396223   2.76481386607019   -1.6185229852093e-15   9.3622943801449
2.55595255255257   3.35926887756032   2.76481373716942   -1.88047442888102e-15   9.36229381222267
2.56597589589591   3.33847964826222   2.76481361317883   -1.79046803156974e-15   9.36229318982047
2.57599923923925   3.317315706145   2.76481349337928   -2.22258117073069e-15   9.36229251730747
2.5860225825826   3.29593337472821   2.76481337710549   -2.43237985483049e-15   9.36229179859399
2.59604592592594   3.27449339147873   2.76481326374088   -2.53962483044322e-15   9.36229103715786
2.60606926926928   3.25315730400872   2.76481315271268   -2.2818647463786e-15   9.36229023606931
2.61609261261263   3.23208385583411   2.76481304348745   -2.11375856872562e-15   9.36228939801459
2.62611595595597   3.21142549502071   2.76481293556689   -1.85910097859013e-15   9.36228852531855
2.63613929929931   3.19132513169574   2.76481282848393   -1.87786117804962e-15   9.36228761996636
2.64616264264266   3.17191325679758   2.76481272179903   -1.70351881836495e-15   9.36228668362442
2.656185985986   3.15330551551899   2.76481261509683   -1.66773523661007e-15   9.36228571766047
2.66620932932934   3.13560080592517   2.76481250798292   -1.52945566103251e-15   9.36228472316295
2.67623267267269   3.11887994766816   2.76481240008087   -1.52901718463728e-15   9.36228370095945
2.68625601601603   3.10320493914074   2.76481229102941   -1.59951929848224e-15   9.36228265163422
2.69627935935937   3.08861879537116   2.76481218047977   -1.87426910995273e-15   9.36228157554458
2.70630270270272   3.07514593488273   2.76481206809321   -2.27044838756543e-15   9.36228047283609
2.71632604604606   3.06279306284684   2.76481195353861   -2.59348343511369e-15   9.36227934345631
2.7263493893894   3.0515504810734   2.76481183649018   -3.45050125285899e-15   9.36227818716724
2.73637273273275   3.04139374331417   2.76481171662533   -4.44218149976557e-15   9.36227700355592
2.74639607607609   3.0322855672646   2.76481159362247   -5.43081761682089e-15   9.36227579204343
2.75641941941943   3.02417791247168   2.76481146715902   -6.5546399104135e-15   9.36227455189216
2.76644276276278   3.01701413572928   2.76481133690933   -7.54889205495762e-15   9.36227328221108
2.77646610610612   3.01073114186755   2.76481120254264   -8.46973956809134e-15   9.36227198195914
2.78648944944946   3.00526145734549   2.76481106372108   -9.51142544275461e-15   9.36227064994675
2.79651279279281   3.00053516585746   2.76481092009761   -1.0411213169244e-14   9.36226928483518
2.80653613613615   2.996481658356   2.76481077131381   -1.10111849348738e-14   9.36226788513389
2.81655947947949   2.99303116359639   2.76481061699771   -1.18142962860738e-14   9.36226644919537
2.82658282282284   2.9901160387289   2.76481045676126   -1.21463380121542e-14   9.3622649752074
2.83660616616618   2.98767181193758   2.76481029019755   -1.27428701564159e-14   9.36226346118171
2.84662950950952   2.98563798013056   2.76481011687743   -1.32650574116437e-14   9.36226190493728
2.85665285285287   2.98395857387574   2.7648099363451   -1.35784135904848e-14   9.36226030407557
2.86667619619621   2.98258250895192   2.7648097481118   -1.35836355721074e-14   9.36225865594152
2.87669953953955   2.98146374900463   2.76480955164615   -1.35398661823511e-14   9.36225695755905
2.8867228828829   2.98056130693799   2.76480934635788   -1.37334113351773e-14   9.3622552055196
2.89674622622624   2.97983911401871   2.76480913156962   -1.37325171607493e-14   9.36225339578253
2.90676956956958   2.97926578546549   2.76480890646556   -1.37118311385028e-14   9.36225152330911
2.91679291291293   2.97881430983686   2.76480866999653   -1.33689082601074e-14   9.36224958138061
2.92681625625627   2.97846168711693   2.76480842070215   -1.30515108153532e-14   9.36224756031556
2.93683959959962   2.9781885373212   2.76480815637471   -1.22817817270187e-14   9.36224544504243
2.94686294294296   2.97797869796076   2.76480787342181   -1.15317747819799e-14   9.36224321049099
2.9568862862863   2.97781882500906   2.76480756565439   -1.11378338086452e-14   9.3622408128244
2.96690962962965   2.97769800822516   2.76480722197895   -1.09861955814486e-14   9.36223817273915
2.97693297297299   2.97760740778836   2.76480682199991   -1.09556721749913e-14   9.36223514363633
2.98695631631633   2.97753991498535   2.76480632763563   -1.08461880681277e-14   9.36223145093597
2.99697965965968   2.97748983463174   2.76480566713081   -1.0754922271833e-14   9.36222657634852
3.00700300300302   2.97745257989724   2.76480470456503   -1.07375764826591e-14   9.36221953715331
3.01702634634636   2.97742435907238   2.76480318169535   -1.06872661180464e-14   9.36220846520471
3.02704968968971   2.97740181441373   2.76480060702643   -1.04020993313724e-14   9.3621898039249
3.03707303303305   2.97738153762662   2.76479604421739   -1.03731182560908e-14   9.36215677662604
3.04709637637639   2.97735931973442   2.76478770847558   -9.9915036068663e-15   9.36209646496379
3.05711971971974   2.97732886638118   2.7647721966908   -9.65408318786096e-15   9.36198423646558
3.06714306306308   2.97727946843694   2.76474301894744   -9.67791260809261e-15   9.36177311630203
3.07716640640642   2.97719165820208   2.76468779747344   -9.81239159035032e-15   9.36137351835753
3.08718974974977   2.97702900588506   2.76458292391954   -9.62361235489987e-15   9.36061459799591
3.09721309309311   2.97672254426125   2.76438336907115   -9.58528545331436e-15   9.35917058910831
3.10723643643645   2.97614114290678   2.76400324816714   -9.83310335090338e-15   9.35642049670989
3.1172597797798   2.97503516036543   2.76327876088339   -1.00061363721301e-14   9.35118120184501
3.12728312312314   2.97292944238758   2.76189754105484   -1.01002131986879e-14   9.34120104615303
3.13730646646648   2.96892087762019   2.75926404224783   -1.02665889103566e-14   9.32220357908209
3.14732980980983   2.9612981855311   2.75424331245357   -1.02313940080782e-14   9.28609869515844
3.15735315315317   2.94683807763267   2.74467428390068   -1.0027556631661e-14   9.21769695085044
3.16737649649651   2.91953933616627   2.72644904814227   -9.77189532554689e-15   9.08889287546359
3.17739983983986   2.86847860208005   2.69178630319221   -9.96581738841205e-15   8.84914398156986
3.1874231831832   2.77464862056592   2.6260584840129   -1.00693675437586e-14   8.41260408467548
3.19744652652654   2.60793817820932   2.50226017032999   -9.63072814919191e-15   7.65009953082818
3.20746986986989   2.33005220608441   2.27286713343398   -8.56901916730503e-15   6.41791790866284
3.21749321321323   1.91908831420518   1.86585237319006   -6.71648291090355e-15   4.69333296797011
3.22751655655657   1.43090460147837   1.22678892184131   -3.57639155633127e-15   2.83280513667107
3.23753989989992   1.03415177665467   0.507640141262326   -1.12506949784095e-15   1.55312243760034
3.24756324324326   0.851329950711369   0.108729595721175   -9.76840301350465e-17   1.09817387874907
3.2575865865866   0.807566768083942   0.0155818013215905   -3.15673878869154e-17   1.01340160108495
3.26760992992995   0.800987771250822   0.00203002640651062   -4.3010957281283e-23   1.00173109317397
3.27763327327329   0.800126866383407   0.000260719145695261   -5.65344670774758e-28   1.00022205677564
3.28765661661664   0.800016262722619   3.34209550812106e-05   -9.0811265936401e-34   1.00002846043073
3.29767995995998   0.800002084169544   4.28310354283749e-06   -1.21224278983708e-40   1.00000364730764
3.30770330330332   0.800000267090962   5.48889229905029e-07   -1.36403088779922e-48   1.00000046740936
3.31772664664667   0.800000034228166   7.03410971146966e-08   -1.28808472537665e-57   1.00000005989929
3.32774998999001   0.800000004386396   9.0143280500996e-09   -1.02048417094548e-67   1.00000000767619
3.33777333333335   0.800000000562124   1.15520060747875e-09   -6.56092488384713e-79   1.00000000098371
3.3477966766767   0.800000000072037   1.48040121336425e-10   -3.15280141941351e-91   1.00000000012606
3.35782002002004   0.800000000009231   1.89709218244072e-11   -9.8174137234307e-105   1.00000000001615
3.36784336336338   0.800000000001183   2.43061801350904e-12   -1.61564827261747e-119   1.00000000000207
3.37786670670673   0.800000000000151   3.11085275660779e-13   -1.1580817933185e-135   1.00000000000026
3.38789005005007   0.800000000000019   3.96632342617882e-14   -5.08538984748795e-152   1.00000000000003
3.39791339339341   0.800000000000002   4.94011982493375e-15   -2.00138539871094e-169   1
3.40793673673676   0.8   5.29580838771617e-16   -6.50187468259571e-188   1
3.4179600800801   0.8   3.95209566070078e-17   -1.25472413167163e-207   1
3.42798342342344   0.8   0   0   1
3.43800676676679   0.8   0   0   1
3.44803011011013   0.8   0   0   1
3.45805345345347   0.8   0   0   1
3.46807679679682   0.8   0   0   1
3.47810014014016   0.8   0   0   1
3.4881234834835   0.8   0   0   1
3.49814682682685   0.8   0   0   1
3.50817017017019   0.8   0   0   1
3.51819351351353   0.8   0   0   1
3.52821685685688   0.8   0   0   1
3.53824020020022   0.8   0   0   1
3.54826354354356   0.8   0   0   1
3.55828688688691   0.8   0   0   1
3.56831023023025   0.8   0   0   1
3.57833357357359   0.8   0   0   1
3.58835691691694   0.8   0   0   1
3.59838026026028   0.8   0   0   1
3.60840360360362   0.8   0   0   1
3.61842694694697   0.8   0   0   1
3.62845029029031   0.8   0   0   1
3.63847363363366   0.8   0   0   1
3.648496976977   0.8   0   0   1
3.65852032032034   0.8   0   0   1
3.66854366366369   0.8   0   0   1
3.67856700700703   0.8   0   0   1
3.68859035035037   0.8   0   0   1
3.69861369369372   0.8   0   0   1
3.70863703703706   0.8   0   0   1
3.7186603803804   0.8   0   0   1
3.72868372372375   0.8   0   0   1
3.73870706706709   0.8   0   0   1
3.74873041041043   0.8   0   0   1
3.75875375375378   0.8   0   0   1
3.76877709709712   0.8   0   0   1
3.77880044044046   0.8   0   0   1
3.78882378378381   0.8   0   0   1
3.79884712712715   0.8   0   0   1
3.80887047047049   0.8   0   0   1
3.81889381381384   0.8   0   0   1
3.82891715715718   0.8   0   0   1
3.83894050050052   0.8   0   0   1
3.84896384384387   0.8   0   0   1
3.85898718718721   0.8   0   0   1
3.86901053053055   0.8   0   0   1
3.8790338738739   0.8   0   0   1
3.88905721721724   0.8   0   0   1
3.89908056056058   0.8   0   0   1
3.90910390390393   0.8   0   0   1
3.91912724724727   0.8   0   0   1
3.92915059059061   0.8   0   0   1
3.93917393393396   0.8   0   0   1
3.9491972772773   0.8   0   0   1
3.95922062062064   0.8   0   0   1
3.96924396396399   0.8   0   0   1
3.97926730730733   0.8   0   0   1
3.98929065065068   0.8   0   0   1
3.99931399399402   0.8   0   0   1
4.00933733733736   0.8   0   0   1
4.01936068068071   0.8   0   0   1
4.02938402402405   0.8   0   0   1
4.03940736736739   0.8   0   0   1
4.04943071071074   0.8   0   0   1
4.05945405405408   0.8   0   0   1
4.06947739739742   0.8   0   0   1
4.07950074074077   0.8   0   0   1
4.08952408408411   0.8   0   0   1
4.09954742742745   0.8   0   0   1
4.1095707707708   0.8   0   0   1
4.11959411411414   0.8   0   0   1
4.12961745745748   0.8   0   0   1
4.13964080080083   0.8   0   0   1
4.14966414414417   0.8   0   0   1
4.15968748748751   0.8   0   0   1
4.16971083083086   0.8   0   0   1
4.1797341741742   0.8   0   0   1
4.18975751751754   0.8   0   0   1
4.19978086086089   0.8   0   0   1
4.20980420420423   0.8   0   0   1
4.21982754754757   0.8   0   0   1
4.22985089089092   0.8   0   0   1
4.23987423423426   0.8   0   0   1
4.2498975775776   0.8   0   0   1
4.25992092092095   0.8   0   0   1
4.26994426426429   0.8   0   0   1
4.27996760760763   0.8   0   0   1
4.28999095095098   0.8   0   0   1
4.30001429429432   0.8   0   0   1
4.31003763763766   0.8   0   0   1
4.32006098098101   0.8   0   0   1
4.33008432432435   0.8   0   0   1
4.3401076676677   0.8   0   0   1
4.35013101101104   0.8   0   0   1
4.36015435435438   0.8   0   0   1
4.37017769769773   0.8   0   0   1
4.38020104104107   0.8   0   0   1
4.39022438438441   0.8   0   0   1
4.40024772772776   0.8   0   0   1
4.4102710710711   0.8   0   0   1
4.42029441441444   0.8   0   0   1
4.43031775775779   0.8   0   0   1
4.44034110110113   0.8   0   0   1
4.45036444444447   0.8   0   0   1
4.46038778778782   0.8   0   0   1
4.47041113113116   0.8   0   0   1
4.4804344744745   0.8   0   0   1
4.49045781781785   0.8   0   0   1
4.50048116116119   0.8   0   0   1
4.51050450450453   0.8   0   0   1
4.52052784784788   0.8   0   0   1
4.53055119119122   0.8   0   0   1
4.54057453453456   0.8   0   0   1
4.55059787787791   0.8   0   0   1
4.56062122122125   0.8   0   0   1
4.57064456456459   0.8   0   0   1
4.58066790790794   0.8   0   0   1
4.59069125125128   0.8   0   0   1
4.60071459459462   0.8   0   0   1
4.61073793793797   0.8   0   0   1
4.62076128128131   0.8   0   0   1
4.63078462462465   0.8   0   0   1
4.640807967968   0.8   0   0   1
4.65083131131134   0.8   0   0   1
4.66085465465468   0.8   0   0   1
4.67087799799803   0.8   0   0   1
4.68090134134137   0.8   0   0   1
4.69092468468472   0.8   0   0   1
4.70094802802806   0.8   0   0   1
4.7109713713714   0.8   0   0   1
4.72099471471475   0.8   0   0   1
4.73101805805809   0.8   0   0   1
4.74104140140143   0.8   0   0   1
4.75106474474478   0.8   0   0   1
4.76108808808812   0.8   0   0   1
4.77111143143146   0.8   0   0   1
4.78113477477481   0.8   0   0   1
4.79115811811815   0.8   0   0   1
4.80118146146149   0.8   0   0   1
4.81120480480484   0.8   0   0   1
4.82122814814818   0.8   0   0   1
4.83125149149152   0.8   0   0   1
4.84127483483487   0.8   0   0   1
4.85129817817821   0.8   0   0   1
4.86132152152155   0.8   0   0   1
4.8713448648649   0.8   0   0   1
4.88136820820824   0.8   0   0   1
4.89139155155158   0.8   0   0   1
4.90141489489493   0.8   0   0   1
4.91143823823827   0.8   0   0   1
4.92146158158161   0.8   0   0   1
4.93148492492496   0.8   0   0   1
4.9415082682683   0.8   0   0   1
4.95153161161164   0.8   0   0   1
4.96155495495499   0.8   0   0   1
4.97157829829833   0.8   0   0   1
4.98160164164167   0.8   0   0   1
4.99162498498502   0.8   0   0   1
5.00164832832836   0.8   0   0   1
5.0116716716717   0.8   0   0   1
5.02169501501505   0.8   0   0   1
5.03171835835839   0.8   0   0   1
5.04174170170173   0.8   0   0   1
5.05176504504508   0.8   0   0   1
5.06178838838842   0.8   0   0   1
5.07181173173177   0.8   0   0   1
5.08183507507511   0.8   0   0   1
5.09185841841845   0.8   0   0   1
5.1018817617618   0.8   0   0   1
5.11190510510514   0.8   0   0   1
5.12192844844848   0.8   0   0   1
5.13195179179183   0.8   0   0   1
5.14197513513517   0.8   0   0   1
5.15199847847851   0.8   0   0   1
5.16202182182186   0.8   0   0   1
5.1720451651652   0.8   0   0   1
5.18206850850854   0.8   0   0   1
5.19209185185189   0.8   0   0   1
5.20211519519523   0.8   0   0   1
5.21213853853857   0.8   0   0   1
5.22216188188192   0.8   0   0   1
5.23218522522526   0.8   0   0   1
5.2422085685686   0.8   0   0   1
5.25223191191195   0.8   0   0   1
5.26225525525529   0.8   0   0   1
5.27227859859863   0.8   0   0   1
5.28230194194198   0.8   0   0   1
5.29232528528532   0.8   0   0   1
5.30234862862866   0.8   0   0   1
5.31237197197201   0.8   0   0   1
5.32239531531535   0.8   0   0   1
5.33241865865869   0.8   0   0   1
5.34244200200204   0.8   0   0   1
5.35246534534538   0.8   0   0   1
5.36248868868872   0.8   0   0   1
5.37251203203207   0.8   0   0   1
5.38253537537541   0.8   0   0   1
5.39255871871875   0.8   0   0   1
5.4025820620621   0.8   0   0   1
5.41260540540544   0.8   0   0   1
5.42262874874879   0.8   0   0   1
5.43265209209213   0.8   0   0   1
5.44267543543547   0.8   0   0   1
5.45269877877882   0.8   0   0   1
5.46272212212216   0.8   0   0   1
5.4727454654655   0.8   0   0   1
5.48276880880885   0.8   0   0   1
5.49279215215219   0.8   0   0   1
5.50281549549553   0.8   0   0   1
5.51283883883888   0.8   0   0   1
5.52286218218222   0.8   0   0   1
5.53288552552556   0.8   0   0   1
5.54290886886891   0.8   0   0   1
5.55293221221225   0.8   0   0   1
5.56295555555559   0.8   0   0   1
5.57297889889894   0.8   0   0   1
5.58300224224228   0.8   0   0   1
5.59302558558562   0.8   0   0   1
5.60304892892897   0.8   0   0   1
5.61307227227231   0.8   0   0   1
5.62309561561565   0.8   0   0   1
5.633118958959   0.8   0   0   1
5.64314230230234   0.8   0   0   1
5.65316564564568   0.8   0   0   1
5.66318898898903   0.8   0   0   1
5.67321233233237   0.8   0   0   1
5.68323567567571   0.8   0   0   1
5.69325901901906   0.8   0   0   1
5.7032823623624   0.8   0   0   1
5.71330570570574   0.8   0   0   1
5.72332904904909   0.8   0   0   1
5.73335239239243   0.8   0   0   1
5.74337573573577   0.8   0   0   1
5.75339907907912   0.8   0   0   1
5.76342242242246   0.8   0   0   1
5.77344576576581   0.8   0   0   1
5.78346910910915   0.8   0   0   1
5.79349245245249   0.8   0   0   1
5.80351579579584   0.8   0   0   1
5.81353913913918   0.8   0   0   1
5.82356248248252   0.8   0   0   1
5.83358582582587   0.8   0   0   1
5.84360916916921   0.8   0   0   1
5.85363251251255   0.8   0   0   1
5.8636558558559   0.8   0   0   1
5.87367919919924   0.8   0   0   1
5.88370254254258   0.8   0   0   1
5.89372588588593   0.8   0   0   1
5.90374922922927   0.8   0   0   1
5.91377257257261   0.8   0   0   1
5.92379591591596   0.8   0   0   1
5.9338192592593   0.8   0   0   1
5.94384260260264   0.8   0   0   1
5.95386594594599   0.8   0   0   1
5.96388928928933   0.8   0   0   1
5.97391263263267   0.8   0   0   1
5.98393597597602   0.8   0   0   1
5.99395931931936   0.8   0   0   1
6.0039826626627   0.8   0   0   1
6.01400600600605   0.8   0   0   1
6.02402934934939   0.8   0   0   1
6.03405269269273   0.8   0   0   1
6.04407603603608   0.8   0   0   1
6.05409937937942   0.8   0   0   1
6.06412272272276   0.8   0   0   1
6.07414606606611   0.8   0   0   1
6.08416940940945   0.8   0   0   1
6.09419275275279   0.8   0   0   1
6.10421609609614   0.8   0   0   1
6.11423943943948   0.8   0   0   1
6.12426278278283   0.8   0   0   1
6.13428612612617   0.8   0   0   1
6.14430946946951   0.8   0   0   1
6.15433281281286   0.8   0   0   1
6.1643561561562   0.8   0   0   1
6.17437949949954   0.8   0   0   1
6.18440284284289   0.8   0   0   1
6.19442618618623   0.8   0   0   1
6.20444952952957   0.8   0   0   1
6.21447287287292   0.8   0   0   1
6.22449621621626   0.8   0   0   1
6.2345195595596   0.8   0   0   1
6.24454290290295   0.8   0   0   1
6.25456624624629   0.8   0   0   1
6.26458958958963   0.8   0   0   1
6.27461293293298   0.8   0   0   1
6.28463627627632   0.8   0   0   1
6.29465961961966   0.8   0   0   1
6.30468296296301   0.8   0   0   1
6.31470630630635   0.8   0   0   1
6.32472964964969   0.8   0   0   1
6.33475299299304   0.8   0   0   1
6.34477633633638   0.8   0   0   1
6.35479967967972   0.8   0   0   1
6.36482302302307   0.8   0   0   1
6.37484636636641   0.8   0   0   1
6.38486970970975   0.8   0   0   1
6.3948930530531   0.8   0   0   1
6.40491639639644   0.8   0   0   1
6.41493973973978   0.8   0   0   1
6.42496308308313   0.8   0   0   1
6.43498642642647   0.8   0   0   1
6.44500976976981   0.8   0   0   1
6.45503311311316   0.8   0   0   1
6.4650564564565   0.8   0   0   1
6.47507979979985   0.8   0   0   1
6.48510314314319   0.8   0   0   1
6.49512648648653   0.8   0   0   1
6.50514982982988   0.8   0   0   1
6.51517317317322   0.8   0   0   1
6.52519651651656   0.8   0   0   1
6.53521985985991   0.8   0   0   1
6.54524320320325   0.8   0   0   1
6.55526654654659   0.8   0   0   1
6.56528988988994   0.8   0   0   1
6.57531323323328   0.8   0   0   1
6.58533657657662   0.8   0   0   1
6.59535991991997   0.8   0   0   1
6.60538326326331   0.8   0   0   1
6.61540660660665   0.8   0   0   1
6.62542994995   0.8   0   0   1
6.63545329329334   0.8   0   0   1
6.64547663663668   0.8   0   0   1
6.65549997998003   0.8   0   0   1
6.66552332332337   0.8   0   0   1
6.67554666666671   0.8   0   0   1
6.68557001001006   0.8   0   0   1
6.6955933533534   0.8   0   0   1
6.70561669669674   0.8   0   0   1
6.71564004004009   0.8   0   0   1
6.72566338338343   0.8   0   0   1
6.73568672672677   0.8   0   0   1
6.74571007007012   0.8   0   0   1
6.75573341341346   0.8   0   0   1
6.7657567567568   0.8   0   0   1
6.77578010010015   0.8   0   0   1
6.78580344344349   0.8   0   0   1
6.79582678678683   0.8   0   0   1
6.80585013013018   0.8   0   0   1
6.81587347347352   0.8   0   0   1
6.82589681681686   0.8   0   0   1
6.83592016016021   0.8   0   0   1
6.84594350350355   0.8   0   0   1
6.8559668468469   0.8   0   0   1
6.86599019019024   0.8   0   0   1
6.87601353353358   0.8   0   0   1
6.88603687687693   0.8   0   0   1
6.89606022022027   0.8   0   0   1
6.90608356356361   0.8   0   0   1
6.91610690690696   0.8   0   0   1
6.9261302502503   0.8   0   0   1
6.93615359359364   0.8   0   0   1
6.94617693693699   0.8   0   0   1
6.95620028028033   0.8   0   0   1
6.96622362362367   0.8   0   0   1
6.97624696696702   0.8   0   0   1
6.98627031031036   0.8   0   0   1
6.9962936536537   0.8   0   0   1
7.00631699699705   0.8   0   0   1
7.01634034034039   0.8   0   0   1
7.02636368368373   0.8   0   0   1
7.03638702702708   0.8   0   0   1
7.04641037037042   0.8   0   0   1
7.05643371371376   0.8   0   0   1
7.06645705705711   0.8   0   0   1
7.07648040040045   0.8   0   0   1
7.08650374374379   0.8   0   0   1
7.09652708708714   0.8   0   0   1
7.10655043043048   0.8   0   0   1
7.11657377377382   0.8   0   0   1
7.12659711711717   0.8   0   0   1
7.13662046046051   0.8   0   0   1
7.14664380380385   0.8   0   0   1
7.1566671471472   0.8   0   0   1
7.16669049049054   0.8   0   0   1
7.17671383383388   0.8   0   0   1
7.18673717717723   0.8   0   0   1
7.19676052052057   0.8   0   0   1
7.20678386386392   0.8   0   0   1
7.21680720720726   0.8   0   0   1
7.2268305505506   0.8   0   0   1
7.23685389389395   0.8   0   0   1
7.24687723723729   0.8   0   0   1
7.25690058058063   0.8   0   0   1
7.26692392392398   0.8   0   0   1
7.27694726726732   0.8   0   0   1
7.28697061061066   0.8   0   0   1
7.29699395395401   0.8   0   0   1
7.30701729729735   0.8   0   0   1
7.31704064064069   0.8   0   0   1
7.32706398398404   0.8   0   0   1
7.33708732732738   0.8   0   0   1
7.34711067067072   0.8   0   0   1
7.35713401401407   0.8   0   0   1
7.36715735735741   0.8   0   0   1
7.37718070070075   0.8   0   0   1
7.3872040440441   0.8   0   0   1
7.39722738738744   0.8   0   0   1
7.40725073073078   0.8   0   0   1
7.41727407407413   0.8   0   0   1
7.42729741741747   0.8   0   0   1
7.43732076076081   0.8   0   0   1
7.44734410410416   0.8   0   0   1
7.4573674474475   0.8   0   0   1
7.46739079079084   0.8   0   0   1
7.47741413413419   0.8   0   0   1
7.48743747747753   0.8   0   0   1
7.49746082082087   0.8   0   0   1
7.50748416416422   0.8   0   0   1
7.51750750750756   0.8   0   0   1
7.5275308508509   0.8   0   0   1
7.53755419419425   0.8   0   0   1
7.54757753753759   0.8   0   0   1
7.55760088088094   0.8   0   0   1
7.56762422422428   0.8   0   0   1
7.57764756756762   0.8   0   0   1
7.58767091091097   0.8   0   0   1
7.59769425425431   0.8   0   0   1
7.60771759759765   0.8   0   0   1
7.617740940941   0.8   0   0   1
7.62776428428434   0.8   0   0   1
7.63778762762768   0.8   0   0   1
7.64781097097103   0.8   0   0   1
7.65783431431437   0.8   0   0   1
7.66785765765771   0.8   0   0   1
7.67788100100106   0.8   0   0   1
7.6879043443444   0.8   0   0   1
7.69792768768774   0.8   0   0   1
7.70795103103109   0.8   0   0   1
7.71797437437443   0.8   0   0   1
7.72799771771777   0.8   0   0   1
7.73802106106112   0.8   0   0   1
7.74804440440446   0.8   0   0   1
7.7580677477478   0.8   0   0   1
7.76809109109115   0.8   0   0   1
7.77811443443449   0.8   0   0   1
7.78813777777783   0.8   0   0   1
7.79816112112118   0.8   0   0   1
7.80818446446452   0.8   0   0   1
7.81820780780786   0.8   0   0   1
7.82823115115121   0.8   0   0   1
7.83825449449455   0.8   0   0   1
7.84827783783789   0.8   0   0   1
7.85830118118124   0.8   0   0   1
7.86832452452458   0.8   0   0   1
7.87834786786792   0.8   0   0   1
7.88837121121127   0.8   0   0   1
7.89839455455461   0.8   0   0   1
7.90841789789796   0.8   0   0   1
7.9184412412413   0.8   0   0   1
7.92846458458464   0.8   0   0   1
7.93848792792799   0.8   0   0   1
7.94851127127133   0.8   0   0   1
7.95853461461467   0.8   0   0   1
7.96855795795802   0.8   0   0   1
7.97858130130136   0.8   0   0   1
7.9886046446447   0.8   0   0   1
7.99862798798805   0.8   0   0   1
8.00865133133139   0.8   0   0   1
8.01867467467473   0.8   0   0   1
8.02869801801808   0.8   0   0   1
8.03872136136142   0.8   0   0   1
8.04874470470476   0.8   0   0   1
8.05876804804811   0.8   0   0   1
8.06879139139145   0.8   0   0   1
8.07881473473479   0.8   0   0   1
8.08883807807814   0.8   0   0   1
8.09886142142148   0.8   0   0   1
8.10888476476482   0.8   0   0   1
8.11890810810817   0.8   0   0   1
8.12893145145151   0.8   0   0   1
8.13895479479485   0.8   0   0   1
8.1489781381382   0.8   0   0   1
8.15900148148154   0.8   0   0   1
8.16902482482488   0.8   0   0   1
8.17904816816823   0.8   0   0   1
8.18907151151157   0.8   0   0   1
8.19909485485491   0.8   0   0   1
8.20911819819826   0.8   0   0   1
8.2191415415416   0.8   0   0   1
8.22916488488494   0.8   0   0   1
8.23918822822829   0.8   0   0   1
8.24921157157163   0.8   0   0   1
8.25923491491498   0.8   0   0   1
8.26925825825832   0.8   0   0   1
8.27928160160166   0.8   0   0   1
8.28930494494501   0.8   0   0   1
8.29932828828835   0.8   0   0   1
8.30935163163169   0.8   0   0   1
8.31937497497504   0.8   0   0   1
8.32939831831838   0.8   0   0   1
8.33942166166172   0.8   0   0   1
8.34944500500507   0.8   0   0   1
8.35946834834841   0.8   0   0   1
8.36949169169175   0.8   0   0   1
8.3795150350351   0.8   0   0   1
8.38953837837844   0.8   0   0   1
8.39956172172178   0.8   0   0   1
8.40958506506513   0.8   0   0   1
8.41960840840847   0.8   0   0   1
8.42963175175181   0.8   0   0   1
8.43965509509516   0.8   0   0   1
8.4496784384385   0.8   0   0   1
8.45970178178184   0.8   0   0   1
8.46972512512519   0.8   0   0   1
8.47974846846853   0.8   0   0   1
8.48977181181187   0.8   0   0   1
8.49979515515522   0.8   0   0   1
8.50981849849856   0.8   0   0   1
8.5198418418419   0.8   0   0   1
8.52986518518525   0.8   0   0   1
8.53988852852859   0.8   0   0   1
8.54991187187193   0.8   0   0   1
8.55993521521528   0.8   0   0   1
8.56995855855862   0.8   0   0   1
8.57998190190196   0.8   0   0   1
8.59000524524531   0.8   0   0   1
8.60002858858865   0.8   0   0   1
8.610051931932   0.8   0   0   1
8.62007527527534   0.8   0   0   1
8.63009861861868   0.8   0   0   1
8.64012196196203   0.8   0   0   1
8.65014530530537   0.8   0   0   1
8.66016864864871   0.8   0   0   1
8.67019199199206   0.8   0   0   1
8.6802153353354   0.8   0   0   1
8.69023867867874   0.8   0   0   1
8.70026202202209   0.8   0   0   1
8.71028536536543   0.8   0   0   1
8.72030870870877   0.8   0   0   1
8.73033205205212   0.8   0   0   1
8.74035539539546   0.8   0   0   1
8.7503787387388   0.8   0   0   1
8.76040208208215   0.8   0   0   1
8.77042542542549   0.8   0   0   1
8.78044876876883   0.8   0   0   1
8.79047211211218   0.8   0   0   1
8.80049545545552   0.8   0   0   1
8.81051879879886   0.8   0   0   1
8.82054214214221   0.8   0   0   1
8.83056548548555   0.8   0   0   1
8.84058882882889   0.8   0   0   1
8.85061217217224   0.8   0   0   1
8.86063551551558   0.8   0   0   1
8.87065885885892   0.8   0   0   1
8.88068220220227   0.8   0   0   1
8.89070554554561   0.8   0   0   1
8.90072888888895   0.8   0   0   1
8.9107522322323   0.8   0   0   1
8.92077557557564   0.8   0   0   1
8.93079891891898   0.8   0   0   1
8.94082226226233   0.8   0   0   1
8.95084560560567   0.8   0   0   1
8.96086894894901   0.8   0   0   1
8.97089229229236   0.8   0   0   1
8.9809156356357   0.8   0   0   1
8.99093897897905   0.8   0   0   1
9.00096232232239   0.8   0   0   1
9.01098566566573   0.8   0   0   1
9.02100900900908   0.8   0   0   1
9.03103235235242   0.8   0   0   1
9.04105569569576   0.8   0   0   1
9.05107903903911   0.8   0   0   1
9.06110238238245   0.8   0   0   1
9.07112572572579   0.8   0   0   1
9.08114906906914   0.8   0   0   1
9.09117241241248   0.8   0   0   1
9.10119575575582   0.8   0   0   1
9.11121909909917   0.8   0   0   1
9.12124244244251   0.8   0   0   1
9.13126578578585   0.8   0   0   1
9.1412891291292   0.8   0   0   1
9.15131247247254   0.8   0   0   1
9.16133581581588   0.8   0   0   1
9.17135915915923   0.8   0   0   1
9.18138250250257   0.8   0   0   1
9.19140584584591   0.8   0   0   1
9.20142918918926   0.8   0   0   1
9.2114525325326   0.8   0   0   1
9.22147587587594   0.8   0   0   1
9.23149921921929   0.8   0   0   1
9.24152256256263   0.8   0   0   1
9.25154590590597   0.8   0   0   1
9.26156924924932   0.8   0   0   1
9.27159259259266   0.8   0   0   1
9.281615935936   0.8   0   0   1
9.29163927927935   0.8   0   0   1
9.30166262262269   0.8   0   0   1
9.31168596596603   0.8   0   0   1
9.32170930930938   0.8   0   0   1
9.33173265265272   0.8   0   0   1
9.34175599599607   0.8   0   0   1
9.35177933933941   0.8   0   0   1
9.36180268268275   0.8   0   0   1
9.3718260260261   0.8   0   0   1
9.38184936936944   0.8   0   0   1
9.39187271271278   0.8   0   0   1
9.40189605605613   0.8   0   0   1
9.41191939939947   0.8   0   0   1
9.42194274274281   0.8   0   0   1
9.43196608608616   0.8   0   0   1
9.4419894294295   0.8   0   0   1
9.45201277277284   0.8   0   0   1
9.46203611611619   0.8   0   0   1
9.47205945945953   0.8   0   0   1
9.48208280280287   0.8   0   0   1
9.49210614614622   0.8   0   0   1
9.50212948948956   0.8   0   0   1
9.5121528328329   0.8   0   0   1
9.52217617617625   0.8   0   0   1
9.53219951951959   0.8   0   0   1
9.54222286286293   0.8   0   0   1
9.55224620620628   0.8   0   0   1
9.56226954954962   0.8   0   0   1
9.57229289289296   0.8   0   0   1
9.58231623623631   0.8   0   0   1
9.59233957957965   0.8   0   0   1
9.60236292292299   0.8   0   0   1
9.61238626626634   0.8   0   0   1
9.62240960960968   0.8   0   0   1
9.63243295295302   0.8   0   0   1
9.64245629629637   0.8   0   0   1
9.65247963963971   0.8   0   0   1
9.66250298298305   0.8   0   0   1
9.6725263263264   0.8   0   0   1
9.68254966966974   0.8   0   0   1
9.69257301301309   0.8   0   0   1
9.70259635635643   0.8   0   0   1
9.71261969969977   0.8   0   0   1
9.72264304304312   0.8   0   0   1
9.73266638638646   0.8   0   0   1
9.7426897297298   0.8   0   0   1
9.75271307307315   0.8   0   0   1
9.76273641641649   0.8   0   0   1
9.77275975975983   0.8   0   0   1
9.78278310310318   0.8   0   0   1
9.79280644644652   0.8   0   0   1
9.80282978978986   0.8   0   0   1
9.81285313313321   0.8   0   0   1
9.82287647647655   0.8   0   0   1
9.83289981981989   0.8   0   0   1
9.84292316316324   0.8   0   0   1
9.85294650650658   0.8   0   0   1
9.86296984984992   0.8   0   0   1
9.87299319319327   0.8   0   0   1
9.88301653653661   0.8   0   0   1
9.89303987987995   0.8   0   0   1
9.9030632232233   0.8   0   0   1
9.91308656656664   0.8   0   0   1
9.92310990990998   0.8   0   0   1
9.93313325325333   0.8   0   0   1
9.94315659659667   0.8   0   0   1
9.95317993994001   0.8   0   0   1
9.96320328328336   0.8   0   0   1
9.9732266266267   0.8   0   0   1
9.98324996997004   0.8   0   0   1
9.99327331331339   0.8   0   0   1
10.0032966566567   0.8   0   0   1
10.0133200000001   0.8   0   0   1
