variables = x,rho,u,v,p
0   3.8571   2.6293   0   10.3333
0.0100233433433433   3.8571   2.6293   0   10.3333
0.0200466866866867   3.8571   2.6293   0   10.3333
0.03007003003003   3.8571   2.6293   0   10.3333
0.0400933733733734   3.8571   2.6293   0   10.3333
0.0501167167167167   3.8571   2.6293   0   10.3333
0.0601400600600601   3.8571   2.6293   0   10.3333
0.0701634034034034   3.8571   2.6293   0   10.3333
0.0801867467467468   3.8571   2.6293   0   10.3333
0.0902100900900901   3.8571   2.6293   0   10.3333
0.100233433433433   3.8571   2.6293   0   10.3333
0.110256776776777   3.8571   2.6293   0   10.3333
0.12028012012012   3.8571   2.6293   0   10.3333
0.130303463463463   3.8571   2.6293   0   10.3333
0.140326806806807   3.8571   2.6293   0   10.3333
0.15035015015015   3.8571   2.6293   0   10.3333
0.160373493493494   3.8571   2.6293   0   10.3333
0.170396836836837   3.8571   2.6293   0   10.3333
0.18042018018018   3.8571   2.6293   0   10.3333
0.190443523523524   3.8571   2.6293   0   10.3333
0.200466866866867   3.8571   2.6293   0   10.3333
0.21049021021021   3.8571   2.6293   0   10.3333
0.220513553553554   3.8571   2.6293   0   10.3333
0.230536896896897   3.8571   2.6293   0   10.3333
0.24056024024024   3.8571   2.6293   0   10.3333
0.250583583583584   3.8571   2.6293   0   10.3333
0.260606926926927   3.8571   2.6293   0   10.3333
0.27063027027027   3.8571   2.6293   0   10.3333
0.280653613613614   3.8571   2.6293   0   10.3333
0.290676956956957   3.8571   2.6293   0   10.3333
0.3007003003003   3.8571   2.6293   0   10.3333
0.310723643643644   3.8571   2.6293   0   10.3333
0.320746986986987   3.8571   2.6293   0   10.3333
0.330770330330331   3.8571   2.6293   0   10.3333
0.340793673673674   3.8571   2.6293   0   10.3333
0.350817017017017   3.8571   2.6293   0   10.3333
0.360840360360361   3.8571   2.6293   0   10.3333
0.370863703703704   3.8571   2.6293   0   10.3333
0.380887047047047   3.8571   2.6293   0   10.3333
0.390910390390391   3.8571   2.6293   0   10.3333
0.400933733733734   3.8571   2.6293   0   10.3333
0.410957077077078   3.8571   2.6293   0   10.3333
0.420980420420421   3.8571   2.6293   0   10.3333
0.431003763763764   3.8571   2.6293   0   10.3333
0.441027107107108   3.8571   2.6293   0   10.3333
0.451050450450451   3.8571   2.6293   0   10.3333
0.461073793793794   3.8571   2.6293   0   10.3333
0.471097137137138   3.8571   2.6293   0   10.3333
0.481120480480481   3.8571   2.6293   0   10.3333
0.491143823823825   3.8571   2.6293   0   10.3333
0.501167167167168   3.8571   2.6293   0   10.3333
0.511190510510511   3.8571   2.6293   0   10.3333
0.521213853853855   3.8571   2.6293   0   10.3333
0.531237197197198   3.8571   2.6293   0   10.3333
0.541260540540541   3.8571   2.6293   -2.08794209313488e-16   10.3333
0.551283883883884   3.85709999999998   2.62930000000001   -3.51372789224597e-17   10.3332999999999
0.561307227227228   3.85709999999994   2.62930000000003   1.85192572131441e-16   10.3332999999997
0.571330570570571   3.85709999999987   2.62930000000008   -1.25578011202114e-17   10.3332999999994
0.581353913913914   3.85709999999973   2.62930000000016   4.77507487730493e-17   10.3332999999988
0.591377257257258   3.85709999999947   2.62930000000031   -1.84196310856572e-16   10.3332999999976
0.601400600600601   3.85709999999898   2.6293000000006   -6.25439270717169e-16   10.3332999999955
0.611423943943944   3.85709999999807   2.62930000000113   -7.82107806126049e-16   10.3332999999915
0.621447287287288   3.85709999999639   2.6293000000021   -9.85701477219539e-16   10.3332999999841
0.631470630630631   3.85709999999332   2.62930000000388   -1.02711481823894e-15   10.3332999999707
0.641493973973974   3.85709999998774   2.62930000000711   -1.25972829431256e-15   10.3332999999464
0.651517317317318   3.85709999997769   2.62930000001292   -1.48982240099205e-15   10.3332999999026
0.661540660660661   3.85709999995973   2.62930000002327   -1.73181773811629e-15   10.3332999998246
0.671564004004004   3.85709999992791   2.62930000004158   -1.63885664655488e-15   10.3332999996867
0.681587347347348   3.85709999987199   2.62930000007368   -1.5695212461773e-15   10.3332999994449
0.691610690690691   3.85709999977451   2.62930000012952   -1.59714616323143e-15   10.3332999990244
0.701634034034034   3.85709999960601   2.62930000022585   -1.69608273125031e-15   10.333299998299
0.711657377377378   3.85709999931712   2.62930000039067   -1.84239408050966e-15   10.3332999970581
0.721680720720721   3.85709999882592   2.62930000067033   -1.83188879944608e-15   10.3332999949528
0.731704064064064   3.85709999799762   2.62930000114093   -2.00917722658607e-15   10.3332999914106
0.741727407407408   3.85709999661247   2.62930000192629   -2.16902335055585e-15   10.3332999855
0.751750750750751   3.8570999943153   2.62930000322606   -1.97047438426921e-15   10.3332999757194
0.761774094094094   3.85709999053724   2.62930000535931   -1.71522913624705e-15   10.333299959669
0.771797437437437   3.8570999843753   2.6293000088314   -1.62577194169212e-15   10.333299933549
0.781820780780781   3.85709997440898   2.62930001443549   -1.57239055808471e-15   10.3332998913959
0.791844124124124   3.85709995842393   2.62930002340528   -1.30976064390753e-15   10.3332998239357
0.801867467467467   3.85709993299953   2.6293000376422   -8.33308113665457e-16   10.3332997168767
0.811890810810811   3.85709989289993   2.62930006005015   -5.00814995419339e-16   10.3332995483961
0.821914154154154   3.85709983018421   2.6293000950233   6.90686333502942e-17   10.3332992854758
0.831937497497497   3.8570997329195   2.6293001491497   3.88529149549641e-16   10.3332988786204
0.841960840840841   3.85709958334021   2.6293002322152   7.84997032799092e-16   10.3332982543207
0.851984184184184   3.85709935524289   2.62930035862021   9.33912991781141e-16   10.3332973044194
0.862007527527527   3.85709901034022   2.62930054935738   1.15868274266155e-15   10.3332958712705
0.872030870870871   3.85709849321489   2.62930083474091   9.74234559259366e-16   10.3332937272605
0.882054214214214   3.85709772441527   2.62930125813072   9.15676172764004e-16   10.333290546871
0.892077557557557   3.8570965911179   2.62930188095434   1.06595891539589e-15   10.3332858690128
0.902100900900901   3.85709493464903   2.62930278939861   1.04643172805246e-15   10.3332790468448
0.912124244244244   3.85709253401097   2.62930410321729   7.21360127254359e-16   10.3332691817391
0.922147587587587   3.85708908440498   2.62930598717841   3.96278761073565e-16   10.3332550374722
0.932170930930931   3.85708416959042   2.6293086657503   6.27871918980191e-16   10.3332349301621
0.942194274274274   3.85707722678275   2.62931244169071   1.15840853871127e-15   10.3332065889863
0.952217617617617   3.85706750268962   2.62931771925002   1.68924911843892e-15   10.33316698237
0.96224096096096   3.85705399923678   2.62932503271451   2.10681328872955e-15   10.333112104232
0.972264304304304   3.85703540757232   2.62933508098564   2.16257048909301e-15   10.3330367151059
0.982287647647647   3.8570100290883   2.62934876880001   2.31589133429475e-15   10.332934033657
0.99231099099099   3.85697568249637   2.62936725502662   2.50709242445338e-15   10.3327953753836
1.00233433433433   3.85692959646799   2.62939200821887   2.61623329542246e-15   10.3326097372647
1.01235767767768   3.85686828802584   2.62942486923585   2.50980386141757e-15   10.3323633298566
1.02238102102102   3.85678742776507   2.62946812027754   2.52922552222101e-15   10.3320390619034
1.03240436436436   3.85668169408888   2.62952455910359   2.50421831791701e-15   10.3316159868879
1.04242770770771   3.85654461994009   2.62959757654055   2.34472545408847e-15   10.3310687259854
1.05245105105105   3.85636843694838   2.62969123465707   2.09334804038588e-15   10.3303668874038
1.06247439439439   3.85614392341339   2.62981034224301   1.96953595184272e-15   10.3294745077526
1.07249773773774   3.85586026399874   2.62996052352442   2.01011007870303e-15   10.328349546462
1.08252108108108   3.85550493028731   2.63014827545134   2.33197267243709e-15   10.3269434688406
1.09254442442442   3.85506359229378   2.63038100848459   2.79050684385379e-15   10.3252009565345
1.10256776776777   3.85452007149118   2.63066706565759   3.43668697308502e-15   10.3230597853511
1.11259111111111   3.85385634574349   2.63101571486413   3.72668850090795e-15   10.320450909115
1.12261445445445   3.85305261563627   2.63143710987136   4.20167092312482e-15   10.317298784058
1.1326377977978   3.85208744000653   2.63194221649496   4.97447726674313e-15   10.3135219610389
1.14266114114114   3.85093794600353   2.63254270168304   5.64259186256505e-15   10.3090339627639
1.15268448448449   3.84958011585512   2.63325078487787   6.03781783170045e-15   10.3037444505398
1.16270782782783   3.84798914884164   2.63407905286352   6.23778835912261e-15   10.2975606706727
1.17273117117117   3.84613989303237   2.63504024123431   6.48536543619137e-15   10.2903891554003
1.18275451451452   3.84400733741021   2.63614698748557   6.43559682530024e-15   10.2821376383661
1.19277785785786   3.84156715141004   2.63741156238303   6.51652829829437e-15   10.2727171313235
1.2028012012012   3.83879625592358   2.63884558757206   6.16758349711128e-15   10.2620440981073
1.21282454454455   3.83567340772727   2.64045974823503   6.58259764047804e-15   10.2500426548548
1.22284788788789   3.83217977824094   2.64226350992972   6.41101426847714e-15   10.2366467225684
1.23287123123123   3.8282995075963   2.64426484852969   6.42972728394133e-15   10.221802059594
1.24289457457458   3.82402021615279   2.64647000147581   6.40867102012628e-15   10.2054681072162
1.25291791791792   3.8193334577109   2.64888324741902   6.37242079374707e-15   10.1876195907549
1.26294126126126   3.81423510152588   2.65150671990509   6.53860686620942e-15   10.1682478303907
1.27296460460461   3.80872563354909   2.65434025915861   6.9844933474266e-15   10.1473617293704
1.28298794794795   3.80281037082796   2.65738130440687   7.49406949235402e-15   10.1249884211063
1.29301129129129   3.79649958639521   2.66062482767461   7.61323400580619e-15   10.1011735698968
1.30303463463464   3.78980854502665   2.664063308686   8.25281753322812e-15   10.0759813316384
1.31305797797798   3.78275745275134   2.66768674950823   8.70478913174065e-15   10.0494939902801
1.32308132132132   3.77537132483699   2.6714827269052   9.16787252353026e-15   10.0218112924702
1.33310466466467   3.76767977809503   2.67543648004874   9.44366033755808e-15   9.99304950672984
1.34312800800801   3.75971675377485   2.67953103123505   9.78600354967812e-15   9.96334023468576
1.35315135135135   3.75152017712641   2.68374733752469   9.62025083539802e-15   9.93282900076383
1.3631746946947   3.74313155903746   2.68806447169117   9.7058990296871e-15   9.90167364382382
1.37319803803804   3.73459554417031   2.69245983143488   9.7639856632439e-15   9.87004253017973
1.38322138138138   3.72595940892989   2.69690937639298   9.38419950605506e-15   9.83811260305093
1.39324472472473   3.71727251160617   2.70138789294145   9.03451095901313e-15   9.80606727952103
1.40326806806807   3.70858569636412   2.70586928703113   8.47887937743777e-15   9.77409420332757
1.41329141141141   3.69995065260938   2.71032690522005   8.00963051327356e-15   9.74238286099458
1.42331475475476   3.69141923181671   2.71473388356484   7.73294611753977e-15   9.71112207057102
1.4333380980981   3.68304272530587   2.71906352304639   7.43033977939777e-15   9.68049735699998
1.44336144144144   3.6748711087542   2.72328968869539   6.74341744310675e-15   9.65068823612121
1.45338478478479   3.66695226242791   2.72738722756964   6.60854446335689e-15   9.6218654403838
1.46340812812813   3.65933118006022   2.73133239829877   6.05691335239832e-15   9.59418813299984
1.47343147147147   3.65204918374237   2.7351033022125   6.1055359964061e-15   9.56780117252833
1.48345481481482   3.6451431667232   2.73868030334133   6.11452099147669e-15   9.542832505297
1.49347815815816   3.63864489011045   2.74204642213458   6.03400124388244e-15   9.51939077678026
1.50350150150151   3.63258036252172   2.74518768593744   5.61747249442418e-15   9.49756326290286
1.51352484484485   3.62696933311123   2.7480934184755   5.66318307059871e-15   9.47741422602657
1.52354818818819   3.621824927531   2.750756451138   5.74048219746912e-15   9.45898379615416
1.53357153153154   3.61715345287304   2.75317324094994   6.1057337088879e-15   9.44228746433055
1.54359487487488   3.61295439134863   2.75534388383798   6.10019670766056e-15   9.4273162519763
1.55361821821822   3.60922059360509   2.75727201697796   6.64442703013424e-15   9.4140375878199
1.56364156156157   3.60593867173864   2.7589646102996   6.91904665592469e-15   9.40239688536868
1.57366490490491   3.60308958015493   2.7604316540606   7.23604906139748e-15   9.39231977180756
1.58368824824825   3.60064936060832   2.7616857561056   7.94386689648077e-15   9.38371487796876
1.5937115915916   3.59859001725509   2.76274166827886   8.54989466872172e-15   9.37647706293685
1.60373493493494   3.59688047951949   2.76361576582484   8.92233758798344e-15   9.37049091990017
1.61375827827828   3.59548760585942   2.76432550602237   9.09078428224059e-15   9.3656343949639
1.62378162162163   3.59437718058811   2.76488889253762   9.33813067086383e-15   9.36178234926727
1.63380496496497   3.59351485875331   2.76532397010081   9.74075433987117e-15   9.35880990669468
1.64382830830831   3.59286702024166   2.76564837041859   1.00080466637604e-14   9.35659545295473
1.65385165165166   3.59240150295007   2.76587892522256   1.01996970246093e-14   9.35502318380608
1.663874994995   3.59208819501967   2.7660313566287   1.02374679861344e-14   9.35398513699501
1.67389833833834   3.59189947667214   2.76612004915355   1.02138831317939e-14   9.35338268014922
1.68392168168169   3.59181051212638   2.76615790234722   1.05983930164537e-14   9.35312746193621
1.69394502502503   3.59179940061028   2.76615625847343   1.02267874105362e-14   9.35314186350064
1.70396836836837   3.59184720209296   2.76612489625212   1.03212957840239e-14   9.35335900978567
1.71399171171172   3.59193785780504   2.76607207947655   1.05109577596547e-14   9.35372241508431
1.72401505505506   3.59205802790695   2.76600464828324   1.081790025238e-14   9.35418534423668
1.7340383983984   3.59219686902869   2.76592814084353   1.1024371301509e-14   9.35470997117346
1.74406174174175   3.59234577319669   2.76584693404747   1.12852157127257e-14   9.35526641134656
1.75408508508509   3.59249808730823   2.7657643931274   1.14731372064554e-14   9.35583169553503
1.76410842842843   3.59264882924247   2.76568302188433   1.16926129818629e-14   9.35638874111405
1.77413177177178   3.59279441330121   2.76560460702931   1.20502670454183e-14   9.35692536451452
1.78415511511512   3.59293239427703   2.76553035196625   1.27497656245191e-14   9.35743336641159
1.79417845845846   3.59306123629446   2.76546099700218   1.2991321453532e-14   9.35790770999448
1.80420180180181   3.5931801098215   2.76539692439693   1.32802762354145e-14   9.35834580302368
1.81422514514515   3.59328871799108   2.76533824782041   1.33640340198557e-14   9.35874688654657
1.82424848848849   3.59338715162674   2.76528488666402   1.34149923757706e-14   9.35911152717456
1.83427183183184   3.59347577111251   2.76523662627125   1.30997275061416e-14   9.35944120562162
1.84429517517518   3.59355511242717   2.76519316554037   1.30523357863407e-14   9.35973799155852
1.85431851851853   3.59362581420522   2.76515415355149   1.29511169423909e-14   9.36000429348364
1.86434186186187   3.59368856250884   2.7651192169201   1.22832064295729e-14   9.36024267197003
1.87436520520521   3.59374405001697   2.76508797952153   1.15395971925828e-14   9.36045570504543
1.88438854854856   3.59379294648293   2.76506007610003   1.07374870111495e-14   9.36064589535429
1.8944118918919   3.59383587751619   2.76503516110365   1.00056961837951e-14   9.36081560993529
1.90443523523524   3.59387340894861   2.76501291389337   9.30030018615523e-15   9.3609670447607
1.91445857857859   3.59390603420619   2.7649930412822   8.76780885641464e-15   9.36110220750697
1.92448192192193   3.59393416218634   2.76497527817701   7.57443223478385e-15   9.36122291327509
1.93450526526527   3.59395810311081   2.76495938693128   6.96407774499977e-15   9.36133078910419
1.94452860860862   3.59397804966627   2.7649451558748   6.00307386140457e-15   9.36142728409612
1.95455195195196   3.59399405044784   2.76493239736666   4.91316455283134e-15   9.36151368278419
1.9645752952953   3.59400597228604   2.76492094562127   3.73864623577875e-15   9.3615911200425
1.97459863863865   3.59401344747674   2.76491065448022   2.47790583224564e-15   9.36166059635548
1.98462198198199   3.59401580127445   2.76490139524417   1.55476653851045e-15   9.36172299266919
1.99464532532533   3.59401195429922   2.76489305463503   7.36525608387197e-16   9.36177908434557
2.00466866866868   3.59400029381446   2.76488553292696   2.70284541910526e-16   9.36182955395777
2.01469201201202   3.59397850725335   2.76487874226249   5.19228778578422e-17   9.36187500281573
2.02471535535536   3.59394337102577   2.76487260515532   -2.27185654114622e-16   9.36191596121226
2.03473869869871   3.59389048767245   2.76486705317202   -6.19969486861781e-16   9.36195289744379
2.04476204204205   3.59381396501642   2.76486202577935   -2.82091778989033e-16   9.36198622569658
2.05478538538539   3.5937060322702   2.76485746934145   -1.26390131613349e-16   9.36201631290719
2.06480872872874   3.59355659026574   2.7648533362501   -2.94846836542419e-16   9.36204348471149
2.07483207207208   3.59335269623045   2.76484958417183   -2.40228205027327e-16   9.36206803059385
2.08485541541542   3.59307798793884   2.76484617539675   -2.68809004349483e-16   9.36209020834109
2.09487875875877   3.59271205764712   2.76484307627504   1.06266658765164e-16   9.36211024789546
2.10490210210211   3.59222979288714   2.76484025672909   5.48096049846787e-16   9.36212835469137
2.11492544544545   3.59160070874257   2.76483768983042   8.97688824538271e-16   9.36214471254887
2.1249487887888   3.59078830429289   2.76483535143217   1.53318406515279e-15   9.36215948618774
2.13497213213214   3.58974948397052   2.76483321984919   1.84166610072495e-15   9.36217282341674
2.14499547547548   3.58843409196691   2.764831275579   1.85763572095531e-15   9.36218485704439
2.15501881881883   3.58678461375684   2.76482950105782   1.87040875101857e-15   9.36219570655107
2.16504216216217   3.5847361024262   2.76482788044681   1.65747768699481e-15   9.36220547955568
2.17506550550551   3.58221638792368   2.76482639944438   1.35900202060685e-15   9.36221427310537
2.18508884884886   3.57914662382535   2.76482504512104   1.2974560885557e-15   9.36222217481222
2.1951121921922   3.57544221809756   2.7648238057739   1.22153056453119e-15   9.36222926385717
2.20513553553555   3.57101418133335   2.76482267079811   8.35653457352151e-16   9.36223561187834
2.21515887887889   3.56577090805047   2.76482163057322   3.53761878179819e-16   9.36224128375827
2.22518222222223   3.55962038433356   2.76482067636258   -3.50005196979863e-17   9.36224633832236
2.23520556556558   3.55247278930311   2.76481980022406   -1.18891669117162e-16   9.36225082895908
2.24522890890892   3.54424342997659   2.76481899493085   4.73685621760861e-16   9.36225480417076
2.25525225225226   3.53485592083245   2.76481825390098   1.08704465039195e-15   9.36225830806299
2.26527559559561   3.52424549286471   2.76481757113468   1.92480028213236e-15   9.36226138077904
2.27529893893895   3.5123622943381   2.76481694115838   2.63583865558914e-15   9.36226405888525
2.28532228228229   3.49917452898789   2.76481635897485   2.95321079597528e-15   9.3622663757126
2.29534562562564   3.48467126897646   2.76481582001842   3.29522023653034e-15   9.36226836165913
2.30536896896898   3.46886478099023   2.76481532011493   3.52204483898957e-15   9.36227004445736
2.31539231231232   3.45179221527998   2.76481485544563   3.75545095002902e-15   9.36227144941038
2.32541565565567   3.43351652929941   2.7648144225146   4.08243805142801e-15   9.36227259960046
2.33543899899901   3.41412654913583   2.7648140181193   4.12822735488341e-15   9.36227351607308
2.34546234234235   3.39373611158547   2.76481363932378   3.89464366433508e-15   9.36227421799954
2.3554856856857   3.37248227519924   2.76481328343427   3.59949259747587e-15   9.36227472282094
2.36550902902904   3.35052263703036   2.76481294797687   3.30597215558612e-15   9.36227504637603
2.37553237237238   3.32803183991738   2.76481263067704   3.18892684956362e-15   9.36227520301513
2.38555571571573   3.30519739961117   2.76481232944075   3.06777090670676e-15   9.3622752057025
2.39557905905907   3.28221501876873   2.76481204233708   2.97931307698909e-15   9.36227506610863
2.40560240240241   3.25928358312058   2.76481176758215   2.6957916384228e-15   9.36227479469432
2.41562574574576   3.23660005199067   2.76481150352415   2.14141620615608e-15   9.36227440078791
2.4256490890891   3.2143544596872   2.76481124862954   1.30381512060702e-15   9.36227389265647
2.43567243243244   3.19272523591345   2.76481100147016   3.13502169294178e-16   9.36227327757226
2.44569577577579   3.17187503304291   2.76481076071126   -7.75244863257152e-16   9.36227256187482
2.45571911911913   3.15194721749973   2.76481052510032   -1.57882675917626e-15   9.36227175102921
2.46574246246247   3.13306314392643   2.76481029345661   -2.47384260677713e-15   9.36227084968075
2.47576580580582   3.11532028713835   2.76481006466146   -3.66316130756788e-15   9.36226986170626
2.48578914914916   3.09879126112967   2.76480983764911   -4.62879836162808e-15   9.36226879026188
2.4958124924925   3.0835237096643   2.76480961139807   -5.50165423233755e-15   9.36226763782721
2.50583583583585   3.06954101204787   2.76480938492306   -7.17380342877712e-15   9.36226640624582
2.51585917917919   3.05684371286633   2.76480915726723   -8.14863576672751e-15   9.36226509676147
2.52588252252253   3.04541155751012   2.76480892749483   -8.51456444676102e-15   9.36226371005018
2.53590586586588   3.03520599720311   2.76480869468412   -9.27442558039482e-15   9.36226224624735
2.54592920920922   3.02617301833095   2.76480845792043   -9.73341243426107e-15   9.36226070496995
2.55595255255257   3.01824615075562   2.7648082162893   -1.0002921045373e-14   9.36225908533258
2.56597589589591   3.0113495175768   2.76480796886955   -1.01200480847604e-14   9.36225738595716
2.57599923923925   3.00540080308673   2.76480771472593   -1.01763036938418e-14   9.36225560497408
2.5860225825826   3.00031403480715   2.76480745290098   -1.02412137405985e-14   9.36225374001217
2.59604592592594   2.99600209771566   2.76480718240527   -1.02695742727993e-14   9.36225178817214
2.60606926926928   2.99237892231156   2.76480690220455   -1.04044432665983e-14   9.36224974597301
2.61609261261263   2.9893613114365   2.764806611201   -1.01707334103444e-14   9.36224760925231
2.62611595595597   2.98687039240228   2.76480630820352   -9.9779085293866e-15   9.36224537298248
2.63613929929931   2.98483269994803   2.76480599187697   -1.01020461709503e-14   9.36224303093268
2.64616264264266   2.98318091115027   2.76480566065172   -1.01752438579914e-14   9.36224057504019
2.656185985986   2.98185426527498   2.76480531255762   -1.0204052211164e-14   9.36223799423254
2.66620932932934   2.98079870962459   2.76480494491418   -1.01532594652443e-14   9.36223527220657
2.67623267267269   2.9799668168733   2.76480455374654   -1.00737303291551e-14   9.36223238322179
2.68625601601603   2.97931752055877   2.76480413267911   -1.0147900772511e-14   9.36222928411009
2.69627935935937   2.97881571375698   2.76480367083267   -9.98910142048243e-15   9.36222589907143
2.70630270270272   2.97843175195731   2.76480314882103   -9.81654982600199e-15   9.36222209071073
2.71632604604606   2.97814089510285   2.76480253112261   -9.65500164747389e-15   9.36221760483136
2.7263493893894   2.97792271570075   2.76480175153677   -9.92867311086383e-15   9.36221196516805
2.73637273273275   2.97776048931721   2.76480068544871   -9.75503521197543e-15   9.36220427262565
2.74639607607609   2.97764056910539   2.76479909693066   -9.53606487626418e-15   9.36219282235623
2.75641941941943   2.97755172384209   2.76479653784119   -9.3291762850465e-15   9.36217437335385
2.76644276276278   2.97748438234051   2.7647921553583   -9.16366193001497e-15   9.36214275522277
2.77646610610612   2.97742966254522   2.76478432484686   -9.12040038454695e-15   9.36208621063167
2.78648944944946   2.97737794513271   2.76476994954935   -9.11792761040865e-15   9.36198232625176
2.79651279279281   2.97731652941626   2.76474312474786   -8.78739373719734e-15   9.36178836439866
2.80653613613615   2.97722548921725   2.76469258969044   -8.73703139848302e-15   9.36142282404556
2.81655947947949   2.97707004817104   2.76459686732218   -8.88446693558866e-15   9.36073028113217
2.82658282282284   2.9767862760609   2.76441499403362   -9.1579807935631e-15   9.35941436783833
2.83660616616618   2.97625402432479   2.76406883927591   -9.31866483904324e-15   9.35691009927874
2.84662950950952   2.97524555849139   2.76340938971509   -9.52169816083673e-15   9.35214094936757
2.85665285285287   2.97332807203536   2.76215247057201   -9.40348630564048e-15   9.34305769632064
2.86667619619621   2.96967918525621   2.7597562586864   -9.53557094873256e-15   9.32576683018259
2.87669953953955   2.96273999862463   2.75518809418862   -9.36711004759212e-15   9.2928971436249
2.8867228828829   2.94957108972477   2.74648135551609   -8.92578457548724e-15   9.23058897469017
2.89674622622624   2.92468773855559   2.7298965085386   -8.54133169945496e-15   9.11312573549989
2.90676956956958   2.87806333047736   2.69834512730339   -8.07939336071947e-15   8.89400662243831
2.91679291291293   2.79209779450407   2.63848154023071   -7.61194535470592e-15   8.49336591931723
2.92681625625627   2.63838259428865   2.52557349870355   -7.0677277976296e-15   7.78805673761339
2.93683959959962   2.37904975000787   2.31563653501838   -6.22500813283391e-15   6.63151377236458
2.94686294294296   1.98680851809786   1.93961829642377   -4.67704100601779e-15   4.96875002686547
2.9568862862863   1.5015542785584   1.33323312462262   -2.51577979412477e-15   3.0864073755106
2.96690962962965   1.07955524850488   0.601485019520841   -7.06338007776804e-16   1.6835312878022
2.97693297297299   0.86616104841335   0.141221708939131   -9.56038756194332e-17   1.12957834863098
2.98695631631633   0.810145371462484   0.0209197740751696   -3.16217245595775e-17   1.01804870825204
2.99697965965968   0.801333494566815   0.00274063313594933   -8.77590919199557e-21   1.00233818409035
3.00700300300302   0.800171406385581   0.000352252196582143   -4.6342472523303e-28   1.00030003534288
3.01702634634636   0.800021974445875   4.51589156994731e-05   -8.68136816558827e-34   1.00003845649663
3.02704968968971   0.800002816205215   5.78748357749981e-06   -1.27162906414347e-40   1.0000049283791
3.03707303303305   0.800000360904416   7.41681857411829e-07   -1.41242048245409e-48   1.00000063158305
3.04709637637639   0.80000004625064   9.50480479430711e-08   -1.04192068675163e-57   1.00000008093862
3.05711971971974   0.800000005927111   1.21805932535751e-08   -3.51070969155243e-68   1.00000001037244
3.06714306306308   0.80000000075957   1.56096612547504e-09   -3.58644650738594e-80   1.00000000132925
3.07716640640642   0.80000000009734   2.00040116996771e-10   -1.44237039835835e-92   1.00000000017034
3.08718974974977   0.800000000012474   2.56349622314885e-11   -4.46081687743553e-106   1.00000000002183
3.09721309309311   0.800000000001599   3.28472496269329e-12   -1.44553732153874e-120   1.0000000000028
3.10723643643645   0.800000000000205   4.20561841171644e-13   -3.88689591083088e-136   1.00000000000036
3.1172597797798   0.800000000000026   5.36145800170499e-14   -8.12796327697134e-153   1.00000000000005
3.12728312312314   0.800000000000003   6.70281044979546e-15   -1.27012888507294e-170   1.00000000000001
3.13730646646648   0.8   7.03478899906072e-16   -1.49570314391385e-189   1
3.14732980980983   0.8   5.53297967487928e-17   -1.09218480636589e-209   1
3.15735315315317   0.8   0   0   1
3.16737649649651   0.8   0   0   1
3.17739983983986   0.8   0   0   1
3.1874231831832   0.8   0   0   1
3.19744652652654   0.8   0   0   1
3.20746986986989   0.8   0   0   1
3.21749321321323   0.8   0   0   1
3.22751655655657   0.8   0   0   1
3.23753989989992   0.8   0   0   1
3.24756324324326   0.8   0   0   1
3.2575865865866   0.8   0   0   1
3.26760992992995   0.8   0   0   1
3.27763327327329   0.8   0   0   1
3.28765661661664   0.8   0   0   1
3.29767995995998   0.8   0   0   1
3.30770330330332   0.8   0   0   1
3.31772664664667   0.8   0   0   1
3.32774998999001   0.8   0   0   1
3.33777333333335   0.8   0   0   1
3.3477966766767   0.8   0   0   1
3.35782002002004   0.8   0   0   1
3.36784336336338   0.8   0   0   1
3.37786670670673   0.8   0   0   1
3.38789005005007   0.8   0   0   1
3.39791339339341   0.8   0   0   1
3.40793673673676   0.8   0   0   1
3.4179600800801   0.8   0   0   1
3.42798342342344   0.8   0   0   1
3.43800676676679   0.8   0   0   1
3.44803011011013   0.8   0   0   1
3.45805345345347   0.8   0   0   1
3.46807679679682   0.8   0   0   1
3.47810014014016   0.8   0   0   1
3.4881234834835   0.8   0   0   1
3.49814682682685   0.8   0   0   1
3.50817017017019   0.8   0   0   1
3.51819351351353   0.8   0   0   1
3.52821685685688   0.8   0   0   1
3.53824020020022   0.8   0   0   1
3.54826354354356   0.8   0   0   1
3.55828688688691   0.8   0   0   1
3.56831023023025   0.8   0   0   1
3.57833357357359   0.8   0   0   1
3.58835691691694   0.8   0   0   1
3.59838026026028   0.8   0   0   1
3.60840360360362   0.8   0   0   1
3.61842694694697   0.8   0   0   1
3.62845029029031   0.8   0   0   1
3.63847363363366   0.8   0   0   1
3.648496976977   0.8   0   0   1
3.65852032032034   0.8   0   0   1
3.66854366366369   0.8   0   0   1
3.67856700700703   0.8   0   0   1
3.68859035035037   0.8   0   0   1
3.69861369369372   0.8   0   0   1
3.70863703703706   0.8   0   0   1
3.7186603803804   0.8   0   0   1
3.72868372372375   0.8   0   0   1
3.73870706706709   0.8   0   0   1
3.74873041041043   0.8   0   0   1
3.75875375375378   0.8   0   0   1
3.76877709709712   0.8   0   0   1
3.77880044044046   0.8   0   0   1
3.78882378378381   0.8   0   0   1
3.79884712712715   0.8   0   0   1
3.80887047047049   0.8   0   0   1
3.81889381381384   0.8   0   0   1
3.82891715715718   0.8   0   0   1
3.83894050050052   0.8   0   0   1
3.84896384384387   0.8   0   0   1
3.85898718718721   0.8   0   0   1
3.86901053053055   0.8   0   0   1
3.8790338738739   0.8   0   0   1
3.88905721721724   0.8   0   0   1
3.89908056056058   0.8   0   0   1
3.90910390390393   0.8   0   0   1
3.91912724724727   0.8   0   0   1
3.92915059059061   0.8   0   0   1
3.93917393393396   0.8   0   0   1
3.9491972772773   0.8   0   0   1
3.95922062062064   0.8   0   0   1
3.96924396396399   0.8   0   0   1
3.97926730730733   0.8   0   0   1
3.98929065065068   0.8   0   0   1
3.99931399399402   0.8   0   0   1
4.00933733733736   0.8   0   0   1
4.01936068068071   0.8   0   0   1
4.02938402402405   0.8   0   0   1
4.03940736736739   0.8   0   0   1
4.04943071071074   0.8   0   0   1
4.05945405405408   0.8   0   0   1
4.06947739739742   0.8   0   0   1
4.07950074074077   0.8   0   0   1
4.08952408408411   0.8   0   0   1
4.09954742742745   0.8   0   0   1
4.1095707707708   0.8   0   0   1
4.11959411411414   0.8   0   0   1
4.12961745745748   0.8   0   0   1
4.13964080080083   0.8   0   0   1
4.14966414414417   0.8   0   0   1
4.15968748748751   0.8   0   0   1
4.16971083083086   0.8   0   0   1
4.1797341741742   0.8   0   0   1
4.18975751751754   0.8   0   0   1
4.19978086086089   0.8   0   0   1
4.20980420420423   0.8   0   0   1
4.21982754754757   0.8   0   0   1
4.22985089089092   0.8   0   0   1
4.23987423423426   0.8   0   0   1
4.2498975775776   0.8   0   0   1
4.25992092092095   0.8   0   0   1
4.26994426426429   0.8   0   0   1
4.27996760760763   0.8   0   0   1
4.28999095095098   0.8   0   0   1
4.30001429429432   0.8   0   0   1
4.31003763763766   0.8   0   0   1
4.32006098098101   0.8   0   0   1
4.33008432432435   0.8   0   0   1
4.3401076676677   0.8   0   0   1
4.35013101101104   0.8   0   0   1
4.36015435435438   0.8   0   0   1
4.37017769769773   0.8   0   0   1
4.38020104104107   0.8   0   0   1
4.39022438438441   0.8   0   0   1
4.40024772772776   0.8   0   0   1
4.4102710710711   0.8   0   0   1
4.42029441441444   0.8   0   0   1
4.43031775775779   0.8   0   0   1
4.44034110110113   0.8   0   0   1
4.45036444444447   0.8   0   0   1
4.46038778778782   0.8   0   0   1
4.47041113113116   0.8   0   0   1
4.4804344744745   0.8   0   0   1
4.49045781781785   0.8   0   0   1
4.50048116116119   0.8   0   0   1
4.51050450450453   0.8   0   0   1
4.52052784784788   0.8   0   0   1
4.53055119119122   0.8   0   0   1
4.54057453453456   0.8   0   0   1
4.55059787787791   0.8   0   0   1
4.56062122122125   0.8   0   0   1
4.57064456456459   0.8   0   0   1
4.58066790790794   0.8   0   0   1
4.59069125125128   0.8   0   0   1
4.60071459459462   0.8   0   0   1
4.61073793793797   0.8   0   0   1
4.62076128128131   0.8   0   0   1
4.63078462462465   0.8   0   0   1
4.640807967968   0.8   0   0   1
4.65083131131134   0.8   0   0   1
4.66085465465468   0.8   0   0   1
4.67087799799803   0.8   0   0   1
4.68090134134137   0.8   0   0   1
4.69092468468472   0.8   0   0   1
4.70094802802806   0.8   0   0   1
4.7109713713714   0.8   0   0   1
4.72099471471475   0.8   0   0   1
4.73101805805809   0.8   0   0   1
4.74104140140143   0.8   0   0   1
4.75106474474478   0.8   0   0   1
4.76108808808812   0.8   0   0   1
4.77111143143146   0.8   0   0   1
4.78113477477481   0.8   0   0   1
4.79115811811815   0.8   0   0   1
4.80118146146149   0.8   0   0   1
4.81120480480484   0.8   0   0   1
4.82122814814818   0.8   0   0   1
4.83125149149152   0.8   0   0   1
4.84127483483487   0.8   0   0   1
4.85129817817821   0.8   0   0   1
4.86132152152155   0.8   0   0   1
4.8713448648649   0.8   0   0   1
4.88136820820824   0.8   0   0   1
4.89139155155158   0.8   0   0   1
4.90141489489493   0.8   0   0   1
4.91143823823827   0.8   0   0   1
4.92146158158161   0.8   0   0   1
4.93148492492496   0.8   0   0   1
4.9415082682683   0.8   0   0   1
4.95153161161164   0.8   0   0   1
4.96155495495499   0.8   0   0   1
4.97157829829833   0.8   0   0   1
4.98160164164167   0.8   0   0   1
4.99162498498502   0.8   0   0   1
5.00164832832836   0.8   0   0   1
5.0116716716717   0.8   0   0   1
5.02169501501505   0.8   0   0   1
5.03171835835839   0.8   0   0   1
5.04174170170173   0.8   0   0   1
5.05176504504508   0.8   0   0   1
5.06178838838842   0.8   0   0   1
5.07181173173177   0.8   0   0   1
5.08183507507511   0.8   0   0   1
5.09185841841845   0.8   0   0   1
5.1018817617618   0.8   0   0   1
5.11190510510514   0.8   0   0   1
5.12192844844848   0.8   0   0   1
5.13195179179183   0.8   0   0   1
5.14197513513517   0.8   0   0   1
5.15199847847851   0.8   0   0   1
5.16202182182186   0.8   0   0   1
5.1720451651652   0.8   0   0   1
5.18206850850854   0.8   0   0   1
5.19209185185189   0.8   0   0   1
5.20211519519523   0.8   0   0   1
5.21213853853857   0.8   0   0   1
5.22216188188192   0.8   0   0   1
5.23218522522526   0.8   0   0   1
5.2422085685686   0.8   0   0   1
5.25223191191195   0.8   0   0   1
5.26225525525529   0.8   0   0   1
5.27227859859863   0.8   0   0   1
5.28230194194198   0.8   0   0   1
5.29232528528532   0.8   0   0   1
5.30234862862866   0.8   0   0   1
5.31237197197201   0.8   0   0   1
5.32239531531535   0.8   0   0   1
5.33241865865869   0.8   0   0   1
5.34244200200204   0.8   0   0   1
5.35246534534538   0.8   0   0   1
5.36248868868872   0.8   0   0   1
5.37251203203207   0.8   0   0   1
5.38253537537541   0.8   0   0   1
5.39255871871875   0.8   0   0   1
5.4025820620621   0.8   0   0   1
5.41260540540544   0.8   0   0   1
5.42262874874879   0.8   0   0   1
5.43265209209213   0.8   0   0   1
5.44267543543547   0.8   0   0   1
5.45269877877882   0.8   0   0   1
5.46272212212216   0.8   0   0   1
5.4727454654655   0.8   0   0   1
5.48276880880885   0.8   0   0   1
5.49279215215219   0.8   0   0   1
5.50281549549553   0.8   0   0   1
5.51283883883888   0.8   0   0   1
5.52286218218222   0.8   0   0   1
5.53288552552556   0.8   0   0   1
5.54290886886891   0.8   0   0   1
5.55293221221225   0.8   0   0   1
5.56295555555559   0.8   0   0   1
5.57297889889894   0.8   0   0   1
5.58300224224228   0.8   0   0   1
5.59302558558562   0.8   0   0   1
5.60304892892897   0.8   0   0   1
5.61307227227231   0.8   0   0   1
5.62309561561565   0.8   0   0   1
5.633118958959   0.8   0   0   1
5.64314230230234   0.8   0   0   1
5.65316564564568   0.8   0   0   1
5.66318898898903   0.8   0   0   1
5.67321233233237   0.8   0   0   1
5.68323567567571   0.8   0   0   1
5.69325901901906   0.8   0   0   1
5.7032823623624   0.8   0   0   1
5.71330570570574   0.8   0   0   1
5.72332904904909   0.8   0   0   1
5.73335239239243   0.8   0   0   1
5.74337573573577   0.8   0   0   1
5.75339907907912   0.8   0   0   1
5.76342242242246   0.8   0   0   1
5.77344576576581   0.8   0   0   1
5.78346910910915   0.8   0   0   1
5.79349245245249   0.8   0   0   1
5.80351579579584   0.8   0   0   1
5.81353913913918   0.8   0   0   1
5.82356248248252   0.8   0   0   1
5.83358582582587   0.8   0   0   1
5.84360916916921   0.8   0   0   1
5.85363251251255   0.8   0   0   1
5.8636558558559   0.8   0   0   1
5.87367919919924   0.8   0   0   1
5.88370254254258   0.8   0   0   1
5.89372588588593   0.8   0   0   1
5.90374922922927   0.8   0   0   1
5.91377257257261   0.8   0   0   1
5.92379591591596   0.8   0   0   1
5.9338192592593   0.8   0   0   1
5.94384260260264   0.8   0   0   1
5.95386594594599   0.8   0   0   1
5.96388928928933   0.8   0   0   1
5.97391263263267   0.8   0   0   1
5.98393597597602   0.8   0   0   1
5.99395931931936   0.8   0   0   1
6.0039826626627   0.8   0   0   1
6.01400600600605   0.8   0   0   1
6.02402934934939   0.8   0   0   1
6.03405269269273   0.8   0   0   1
6.04407603603608   0.8   0   0   1
6.05409937937942   0.8   0   0   1
6.06412272272276   0.8   0   0   1
6.07414606606611   0.8   0   0   1
6.08416940940945   0.8   0   0   1
6.09419275275279   0.8   0   0   1
6.10421609609614   0.8   0   0   1
6.11423943943948   0.8   0   0   1
6.12426278278283   0.8   0   0   1
6.13428612612617   0.8   0   0   1
6.14430946946951   0.8   0   0   1
6.15433281281286   0.8   0   0   1
6.1643561561562   0.8   0   0   1
6.17437949949954   0.8   0   0   1
6.18440284284289   0.8   0   0   1
6.19442618618623   0.8   0   0   1
6.20444952952957   0.8   0   0   1
6.21447287287292   0.8   0   0   1
6.22449621621626   0.8   0   0   1
6.2345195595596   0.8   0   0   1
6.24454290290295   0.8   0   0   1
6.25456624624629   0.8   0   0   1
6.26458958958963   0.8   0   0   1
6.27461293293298   0.8   0   0   1
6.28463627627632   0.8   0   0   1
6.29465961961966   0.8   0   0   1
6.30468296296301   0.8   0   0   1
6.31470630630635   0.8   0   0   1
6.32472964964969   0.8   0   0   1
6.33475299299304   0.8   0   0   1
6.34477633633638   0.8   0   0   1
6.35479967967972   0.8   0   0   1
6.36482302302307   0.8   0   0   1
6.37484636636641   0.8   0   0   1
6.38486970970975   0.8   0   0   1
6.3948930530531   0.8   0   0   1
6.40491639639644   0.8   0   0   1
6.41493973973978   0.8   0   0   1
6.42496308308313   0.8   0   0   1
6.43498642642647   0.8   0   0   1
6.44500976976981   0.8   0   0   1
6.45503311311316   0.8   0   0   1
6.4650564564565   0.8   0   0   1
6.47507979979985   0.8   0   0   1
6.48510314314319   0.8   0   0   1
6.49512648648653   0.8   0   0   1
6.50514982982988   0.8   0   0   1
6.51517317317322   0.8   0   0   1
6.52519651651656   0.8   0   0   1
6.53521985985991   0.8   0   0   1
6.54524320320325   0.8   0   0   1
6.55526654654659   0.8   0   0   1
6.56528988988994   0.8   0   0   1
6.57531323323328   0.8   0   0   1
6.58533657657662   0.8   0   0   1
6.59535991991997   0.8   0   0   1
6.60538326326331   0.8   0   0   1
6.61540660660665   0.8   0   0   1
6.62542994995   0.8   0   0   1
6.63545329329334   0.8   0   0   1
6.64547663663668   0.8   0   0   1
6.65549997998003   0.8   0   0   1
6.66552332332337   0.8   0   0   1
6.67554666666671   0.8   0   0   1
6.68557001001006   0.8   0   0   1
6.6955933533534   0.8   0   0   1
6.70561669669674   0.8   0   0   1
6.71564004004009   0.8   0   0   1
6.72566338338343   0.8   0   0   1
6.73568672672677   0.8   0   0   1
6.74571007007012   0.8   0   0   1
6.75573341341346   0.8   0   0   1
6.7657567567568   0.8   0   0   1
6.77578010010015   0.8   0   0   1
6.78580344344349   0.8   0   0   1
6.79582678678683   0.8   0   0   1
6.80585013013018   0.8   0   0   1
6.81587347347352   0.8   0   0   1
6.82589681681686   0.8   0   0   1
6.83592016016021   0.8   0   0   1
6.84594350350355   0.8   0   0   1
6.8559668468469   0.8   0   0   1
6.86599019019024   0.8   0   0   1
6.87601353353358   0.8   0   0   1
6.88603687687693   0.8   0   0   1
6.89606022022027   0.8   0   0   1
6.90608356356361   0.8   0   0   1
6.91610690690696   0.8   0   0   1
6.9261302502503   0.8   0   0   1
6.93615359359364   0.8   0   0   1
6.94617693693699   0.8   0   0   1
6.95620028028033   0.8   0   0   1
6.96622362362367   0.8   0   0   1
6.97624696696702   0.8   0   0   1
6.98627031031036   0.8   0   0   1
6.9962936536537   0.8   0   0   1
7.00631699699705   0.8   0   0   1
7.01634034034039   0.8   0   0   1
7.02636368368373   0.8   0   0   1
7.03638702702708   0.8   0   0   1
7.04641037037042   0.8   0   0   1
7.05643371371376   0.8   0   0   1
7.06645705705711   0.8   0   0   1
7.07648040040045   0.8   0   0   1
7.08650374374379   0.8   0   0   1
7.09652708708714   0.8   0   0   1
7.10655043043048   0.8   0   0   1
7.11657377377382   0.8   0   0   1
7.12659711711717   0.8   0   0   1
7.13662046046051   0.8   0   0   1
7.14664380380385   0.8   0   0   1
7.1566671471472   0.8   0   0   1
7.16669049049054   0.8   0   0   1
7.17671383383388   0.8   0   0   1
7.18673717717723   0.8   0   0   1
7.19676052052057   0.8   0   0   1
7.20678386386392   0.8   0   0   1
7.21680720720726   0.8   0   0   1
7.2268305505506   0.8   0   0   1
7.23685389389395   0.8   0   0   1
7.24687723723729   0.8   0   0   1
7.25690058058063   0.8   0   0   1
7.26692392392398   0.8   0   0   1
7.27694726726732   0.8   0   0   1
7.28697061061066   0.8   0   0   1
7.29699395395401   0.8   0   0   1
7.30701729729735   0.8   0   0   1
7.31704064064069   0.8   0   0   1
7.32706398398404   0.8   0   0   1
7.33708732732738   0.8   0   0   1
7.34711067067072   0.8   0   0   1
7.35713401401407   0.8   0   0   1
7.36715735735741   0.8   0   0   1
7.37718070070075   0.8   0   0   1
7.3872040440441   0.8   0   0   1
7.39722738738744   0.8   0   0   1
7.40725073073078   0.8   0   0   1
7.41727407407413   0.8   0   0   1
7.42729741741747   0.8   0   0   1
7.43732076076081   0.8   0   0   1
7.44734410410416   0.8   0   0   1
7.4573674474475   0.8   0   0   1
7.46739079079084   0.8   0   0   1
7.47741413413419   0.8   0   0   1
7.48743747747753   0.8   0   0   1
7.49746082082087   0.8   0   0   1
7.50748416416422   0.8   0   0   1
7.51750750750756   0.8   0   0   1
7.5275308508509   0.8   0   0   1
7.53755419419425   0.8   0   0   1
7.54757753753759   0.8   0   0   1
7.55760088088094   0.8   0   0   1
7.56762422422428   0.8   0   0   1
7.57764756756762   0.8   0   0   1
7.58767091091097   0.8   0   0   1
7.59769425425431   0.8   0   0   1
7.60771759759765   0.8   0   0   1
7.617740940941   0.8   0   0   1
7.62776428428434   0.8   0   0   1
7.63778762762768   0.8   0   0   1
7.64781097097103   0.8   0   0   1
7.65783431431437   0.8   0   0   1
7.66785765765771   0.8   0   0   1
7.67788100100106   0.8   0   0   1
7.6879043443444   0.8   0   0   1
7.69792768768774   0.8   0   0   1
7.70795103103109   0.8   0   0   1
7.71797437437443   0.8   0   0   1
7.72799771771777   0.8   0   0   1
7.73802106106112   0.8   0   0   1
7.74804440440446   0.8   0   0   1
7.7580677477478   0.8   0   0   1
7.76809109109115   0.8   0   0   1
7.77811443443449   0.8   0   0   1
7.78813777777783   0.8   0   0   1
7.79816112112118   0.8   0   0   1
7.80818446446452   0.8   0   0   1
7.81820780780786   0.8   0   0   1
7.82823115115121   0.8   0   0   1
7.83825449449455   0.8   0   0   1
7.84827783783789   0.8   0   0   1
7.85830118118124   0.8   0   0   1
7.86832452452458   0.8   0   0   1
7.87834786786792   0.8   0   0   1
7.88837121121127   0.8   0   0   1
7.89839455455461   0.8   0   0   1
7.90841789789796   0.8   0   0   1
7.9184412412413   0.8   0   0   1
7.92846458458464   0.8   0   0   1
7.93848792792799   0.8   0   0   1
7.94851127127133   0.8   0   0   1
7.95853461461467   0.8   0   0   1
7.96855795795802   0.8   0   0   1
7.97858130130136   0.8   0   0   1
7.9886046446447   0.8   0   0   1
7.99862798798805   0.8   0   0   1
8.00865133133139   0.8   0   0   1
8.01867467467473   0.8   0   0   1
8.02869801801808   0.8   0   0   1
8.03872136136142   0.8   0   0   1
8.04874470470476   0.8   0   0   1
8.05876804804811   0.8   0   0   1
8.06879139139145   0.8   0   0   1
8.07881473473479   0.8   0   0   1
8.08883807807814   0.8   0   0   1
8.09886142142148   0.8   0   0   1
8.10888476476482   0.8   0   0   1
8.11890810810817   0.8   0   0   1
8.12893145145151   0.8   0   0   1
8.13895479479485   0.8   0   0   1
8.1489781381382   0.8   0   0   1
8.15900148148154   0.8   0   0   1
8.16902482482488   0.8   0   0   1
8.17904816816823   0.8   0   0   1
8.18907151151157   0.8   0   0   1
8.19909485485491   0.8   0   0   1
8.20911819819826   0.8   0   0   1
8.2191415415416   0.8   0   0   1
8.22916488488494   0.8   0   0   1
8.23918822822829   0.8   0   0   1
8.24921157157163   0.8   0   0   1
8.25923491491498   0.8   0   0   1
8.26925825825832   0.8   0   0   1
8.27928160160166   0.8   0   0   1
8.28930494494501   0.8   0   0   1
8.29932828828835   0.8   0   0   1
8.30935163163169   0.8   0   0   1
8.31937497497504   0.8   0   0   1
8.32939831831838   0.8   0   0   1
8.33942166166172   0.8   0   0   1
8.34944500500507   0.8   0   0   1
8.35946834834841   0.8   0   0   1
8.36949169169175   0.8   0   0   1
8.3795150350351   0.8   0   0   1
8.38953837837844   0.8   0   0   1
8.39956172172178   0.8   0   0   1
8.40958506506513   0.8   0   0   1
8.41960840840847   0.8   0   0   1
8.42963175175181   0.8   0   0   1
8.43965509509516   0.8   0   0   1
8.4496784384385   0.8   0   0   1
8.45970178178184   0.8   0   0   1
8.46972512512519   0.8   0   0   1
8.47974846846853   0.8   0   0   1
8.48977181181187   0.8   0   0   1
8.49979515515522   0.8   0   0   1
8.50981849849856   0.8   0   0   1
8.5198418418419   0.8   0   0   1
8.52986518518525   0.8   0   0   1
8.53988852852859   0.8   0   0   1
8.54991187187193   0.8   0   0   1
8.55993521521528   0.8   0   0   1
8.56995855855862   0.8   0   0   1
8.57998190190196   0.8   0   0   1
8.59000524524531   0.8   0   0   1
8.60002858858865   0.8   0   0   1
8.610051931932   0.8   0   0   1
8.62007527527534   0.8   0   0   1
8.63009861861868   0.8   0   0   1
8.64012196196203   0.8   0   0   1
8.65014530530537   0.8   0   0   1
8.66016864864871   0.8   0   0   1
8.67019199199206   0.8   0   0   1
8.6802153353354   0.8   0   0   1
8.69023867867874   0.8   0   0   1
8.70026202202209   0.8   0   0   1
8.71028536536543   0.8   0   0   1
8.72030870870877   0.8   0   0   1
8.73033205205212   0.8   0   0   1
8.74035539539546   0.8   0   0   1
8.7503787387388   0.8   0   0   1
8.76040208208215   0.8   0   0   1
8.77042542542549   0.8   0   0   1
8.78044876876883   0.8   0   0   1
8.79047211211218   0.8   0   0   1
8.80049545545552   0.8   0   0   1
8.81051879879886   0.8   0   0   1
8.82054214214221   0.8   0   0   1
8.83056548548555   0.8   0   0   1
8.84058882882889   0.8   0   0   1
8.85061217217224   0.8   0   0   1
8.86063551551558   0.8   0   0   1
8.87065885885892   0.8   0   0   1
8.88068220220227   0.8   0   0   1
8.89070554554561   0.8   0   0   1
8.90072888888895   0.8   0   0   1
8.9107522322323   0.8   0   0   1
8.92077557557564   0.8   0   0   1
8.93079891891898   0.8   0   0   1
8.94082226226233   0.8   0   0   1
8.95084560560567   0.8   0   0   1
8.96086894894901   0.8   0   0   1
8.97089229229236   0.8   0   0   1
8.9809156356357   0.8   0   0   1
8.99093897897905   0.8   0   0   1
9.00096232232239   0.8   0   0   1
9.01098566566573   0.8   0   0   1
9.02100900900908   0.8   0   0   1
9.03103235235242   0.8   0   0   1
9.04105569569576   0.8   0   0   1
9.05107903903911   0.8   0   0   1
9.06110238238245   0.8   0   0   1
9.07112572572579   0.8   0   0   1
9.08114906906914   0.8   0   0   1
9.09117241241248   0.8   0   0   1
9.10119575575582   0.8   0   0   1
9.11121909909917   0.8   0   0   1
9.12124244244251   0.8   0   0   1
9.13126578578585   0.8   0   0   1
9.1412891291292   0.8   0   0   1
9.15131247247254   0.8   0   0   1
9.16133581581588   0.8   0   0   1
9.17135915915923   0.8   0   0   1
9.18138250250257   0.8   0   0   1
9.19140584584591   0.8   0   0   1
9.20142918918926   0.8   0   0   1
9.2114525325326   0.8   0   0   1
9.22147587587594   0.8   0   0   1
9.23149921921929   0.8   0   0   1
9.24152256256263   0.8   0   0   1
9.25154590590597   0.8   0   0   1
9.26156924924932   0.8   0   0   1
9.27159259259266   0.8   0   0   1
9.281615935936   0.8   0   0   1
9.29163927927935   0.8   0   0   1
9.30166262262269   0.8   0   0   1
9.31168596596603   0.8   0   0   1
9.32170930930938   0.8   0   0   1
9.33173265265272   0.8   0   0   1
9.34175599599607   0.8   0   0   1
9.35177933933941   0.8   0   0   1
9.36180268268275   0.8   0   0   1
9.3718260260261   0.8   0   0   1
9.38184936936944   0.8   0   0   1
9.39187271271278   0.8   0   0   1
9.40189605605613   0.8   0   0   1
9.41191939939947   0.8   0   0   1
9.42194274274281   0.8   0   0   1
9.43196608608616   0.8   0   0   1
9.4419894294295   0.8   0   0   1
9.45201277277284   0.8   0   0   1
9.46203611611619   0.8   0   0   1
9.47205945945953   0.8   0   0   1
9.48208280280287   0.8   0   0   1
9.49210614614622   0.8   0   0   1
9.50212948948956   0.8   0   0   1
9.5121528328329   0.8   0   0   1
9.52217617617625   0.8   0   0   1
9.53219951951959   0.8   0   0   1
9.54222286286293   0.8   0   0   1
9.55224620620628   0.8   0   0   1
9.56226954954962   0.8   0   0   1
9.57229289289296   0.8   0   0   1
9.58231623623631   0.8   0   0   1
9.59233957957965   0.8   0   0   1
9.60236292292299   0.8   0   0   1
9.61238626626634   0.8   0   0   1
9.62240960960968   0.8   0   0   1
9.63243295295302   0.8   0   0   1
9.64245629629637   0.8   0   0   1
9.65247963963971   0.8   0   0   1
9.66250298298305   0.8   0   0   1
9.6725263263264   0.8   0   0   1
9.68254966966974   0.8   0   0   1
9.69257301301309   0.8   0   0   1
9.70259635635643   0.8   0   0   1
9.71261969969977   0.8   0   0   1
9.72264304304312   0.8   0   0   1
9.73266638638646   0.8   0   0   1
9.7426897297298   0.8   0   0   1
9.75271307307315   0.8   0   0   1
9.76273641641649   0.8   0   0   1
9.77275975975983   0.8   0   0   1
9.78278310310318   0.8   0   0   1
9.79280644644652   0.8   0   0   1
9.80282978978986   0.8   0   0   1
9.81285313313321   0.8   0   0   1
9.82287647647655   0.8   0   0   1
9.83289981981989   0.8   0   0   1
9.84292316316324   0.8   0   0   1
9.85294650650658   0.8   0   0   1
9.86296984984992   0.8   0   0   1
9.87299319319327   0.8   0   0   1
9.88301653653661   0.8   0   0   1
9.89303987987995   0.8   0   0   1
9.9030632232233   0.8   0   0   1
9.91308656656664   0.8   0   0   1
9.92310990990998   0.8   0   0   1
9.93313325325333   0.8   0   0   1
9.94315659659667   0.8   0   0   1
9.95317993994001   0.8   0   0   1
9.96320328328336   0.8   0   0   1
9.9732266266267   0.8   0   0   1
9.98324996997004   0.8   0   0   1
9.99327331331339   0.8   0   0   1
10.0032966566567   0.8   0   0   1
10.0133200000001   0.8   0   0   1
