variables = x,rho,u,v,p
0   3.8571   2.6293   0   10.3333
0.0100233433433433   3.8571   2.6293   0   10.3333
0.0200466866866867   3.8571   2.6293   0   10.3333
0.03007003003003   3.8571   2.6293   0   10.3333
0.0400933733733734   3.8571   2.6293   0   10.3333
0.0501167167167167   3.8571   2.6293   0   10.3333
0.0601400600600601   3.8571   2.6293   0   10.3333
0.0701634034034034   3.8571   2.6293   0   10.3333
0.0801867467467468   3.8571   2.6293   0   10.3333
0.0902100900900901   3.8571   2.6293   0   10.3333
0.100233433433433   3.8571   2.6293   0   10.3333
0.110256776776777   3.8571   2.6293   0   10.3333
0.12028012012012   3.8571   2.6293   0   10.3333
0.130303463463463   3.8571   2.6293   0   10.3333
0.140326806806807   3.8571   2.6293   0   10.3333
0.15035015015015   3.8571   2.6293   0   10.3333
0.160373493493494   3.8571   2.6293   0   10.3333
0.170396836836837   3.8571   2.6293   0   10.3333
0.18042018018018   3.8571   2.6293   0   10.3333
0.190443523523524   3.8571   2.6293   0   10.3333
0.200466866866867   3.8571   2.6293   0   10.3333
0.21049021021021   3.8571   2.6293   0   10.3333
0.220513553553554   3.8571   2.6293   0   10.3333
0.230536896896897   3.8571   2.6293   0   10.3333
0.24056024024024   3.8571   2.6293   0   10.3333
0.250583583583584   3.8571   2.6293   0   10.3333
0.260606926926927   3.8571   2.6293   0   10.3333
0.27063027027027   3.8571   2.6293   0   10.3333
0.280653613613614   3.8571   2.6293   0   10.3333
0.290676956956957   3.8571   2.6293   0   10.3333
0.3007003003003   3.8571   2.6293   0   10.3333
0.310723643643644   3.8571   2.6293   0   10.3333
0.320746986986987   3.8571   2.6293   0   10.3333
0.330770330330331   3.8571   2.6293   0   10.3333
0.340793673673674   3.8571   2.6293   0   10.3333
0.350817017017017   3.8571   2.6293   0   10.3333
0.360840360360361   3.8571   2.6293   0   10.3333
0.370863703703704   3.8571   2.6293   0   10.3333
0.380887047047047   3.8571   2.6293   0   10.3333
0.390910390390391   3.8571   2.6293   0   10.3333
0.400933733733734   3.8571   2.6293   0   10.3333
0.410957077077078   3.8571   2.6293   0   10.3333
0.420980420420421   3.8571   2.6293   0   10.3333
0.431003763763764   3.8571   2.6293   0   10.3333
0.441027107107108   3.8571   2.6293   0   10.3333
0.451050450450451   3.8571   2.6293   0   10.3333
0.461073793793794   3.8571   2.6293   0   10.3333
0.471097137137138   3.8571   2.6293   0   10.3333
0.481120480480481   3.8571   2.6293   0   10.3333
0.491143823823825   3.8571   2.6293   0   10.3333
0.501167167167168   3.8571   2.6293   0   10.3333
0.511190510510511   3.8571   2.6293   0   10.3333
0.521213853853855   3.8571   2.6293   0   10.3333
0.531237197197198   3.8571   2.6293   0   10.3333
0.541260540540541   3.8571   2.6293   0   10.3333
0.551283883883884   3.8571   2.6293   0   10.3333
0.561307227227228   3.8571   2.6293   6.49413117467461e-18   10.3333
0.571330570570571   3.85709999999998   2.62930000000001   1.12723542524595e-16   10.3332999999999
0.581353913913914   3.85709999999995   2.62930000000003   2.04375689654267e-16   10.3332999999998
0.591377257257258   3.85709999999987   2.62930000000008   2.46774412858665e-16   10.3332999999994
0.601400600600601   3.85709999999971   2.62930000000018   3.00403912499264e-16   10.3332999999987
0.611423943943944   3.85709999999937   2.62930000000038   4.48911551011673e-16   10.3332999999971
0.621447287287288   3.85709999999865   2.62930000000081   5.17679217528432e-16   10.3332999999938
0.631470630630631   3.85709999999714   2.62930000000171   2.71282845911874e-16   10.333299999987
0.641493973973974   3.85709999999405   2.62930000000356   -6.81570757093231e-17   10.3332999999731
0.651517317317318   3.85709999998776   2.6293000000073   1.12851994228036e-17   10.3332999999449
0.661540660660661   3.85709999997511   2.62930000001481   1.10143029847597e-16   10.3332999998881
0.671564004004004   3.85709999994992   2.62930000002972   3.23899480755625e-16   10.3332999997756
0.681587347347348   3.85709999990035   2.62930000005898   2.81716311866986e-16   10.3332999995548
0.691610690690691   3.85709999980395   2.62930000011571   2.61017477232364e-16   10.3332999991268
0.701634034034034   3.85709999961856   2.62930000022449   4.86906573665646e-16   10.3332999983062
0.711657377377378   3.85709999926617   2.62930000043067   6.77506110282941e-16   10.3332999967513
0.721680720720721   3.85709999860401   2.62930000081698   9.9169521235642e-16   10.3332999938384
0.731704064064064   3.85709999737411   2.62930000153244   1.25588173254247e-15   10.3332999884448
0.741727407407408   3.85709999511609   2.62930000284215   1.11098222917534e-15   10.3332999785732
0.751750750750751   3.85709999101852   2.62930000521192   6.97038881693296e-16   10.3332999607151
0.761774094094094   3.85709998366914   2.62930000944993   5.39292239919102e-16   10.3332999287847
0.771797437437437   3.85709997064086   2.6293000169407   4.1422695643531e-16   10.3332998723581
0.781820780780781   3.85709994781519   2.62930003002614   1.80462449420664e-16   10.3332997738073
0.791844124124124   3.85709990829247   2.6293000526171   1.603492349004e-16   10.3332996037006
0.801867467467467   3.85709984066176   2.62930009116071   -6.44514374926577e-17   10.3332993135295
0.811890810810811   3.85709972629426   2.62930015614815   -2.76013925416029e-16   10.3332988243745
0.821914154154154   3.85709953517234   2.62930026442954   -4.09498075364704e-16   10.3332980095089
0.831937497497497   3.85709921955888   2.62930044271394   -5.06854219172881e-16   10.3332966681006
0.841960840840841   3.8570987045369   2.62930073277967   -2.02121184114624e-16   10.3332944860761
0.851984184184184   3.85709787409436   2.62930119910763   4.53330296494532e-17   10.3332909787966
0.862007527527527   3.85709655098574   2.62930193988404   7.65413734509337e-17   10.3332854084543
0.872030870870871   3.85709446806765   2.62930310259644   2.66858771774605e-16   10.3332766670139
0.882054214214214   3.85709122819012   2.6293049057638   6.72119163231364e-16   10.3332631131613
0.892077557557557   3.85708624905561   2.62930766867964   1.02441882430123e-15   10.3332423491897
0.902100900900901   3.85707868878372   2.62931185138018   1.47886753220879e-15   10.3332109212775
0.912124244244244   3.85706734732244   2.6293181073314   1.89163853215738e-15   10.3331639245175
0.922147587587587   3.85705053844027   2.62932735149932   1.97034676939696e-15   10.3330944928115
0.932170930930931   3.8570259269688   2.62934084644711   2.19949710926085e-15   10.3329931539423
0.942194274274274   3.85699032642165   2.62936030879831   2.09903569642893e-15   10.3328470324748
0.952217617617617   3.85693945329251   2.62938803771794   2.14224874710944e-15   10.3326388883724
0.96224096096096   3.85686763642431   2.62942706589959   2.19005907505805e-15   10.3323459880501
0.972264304304304   3.85676748299799   2.62948133183908   2.18752458102527e-15   10.331938817537
0.982287647647647   3.85662950698501   2.62955586990173   2.28997611012343e-15   10.3313796646704
0.99231099099099   3.85644173128451   2.62965701190196   2.49871675361553e-15   10.3306211184222
1.00233433433433   3.85618928099003   2.6297925907526   2.20740183258333e-15   10.3296045575065
1.01235767767768   3.85585399186003   2.62997213345746   2.10863257655884e-15   10.3282587254695
1.02238102102102   3.85541406444279   2.63020702766688   2.07564950694597e-15   10.3264985128389
1.03240436436436   3.85484379959072   2.63051064362893   2.27443929926259e-15   10.3242240852926
1.04242770770771   3.85411345434604   2.63089839211874   2.25980417382162e-15   10.3213205065673
1.05245105105105   3.85318925746588   2.63138769925435   1.68330566523274e-15   10.3176580025188
1.06247439439439   3.85203362043422   2.63199788133055   1.34670997983167e-15   10.3130929957718
1.07249773773774   3.85060557228525   2.63274990704809   7.3696911846106e-16   10.3074700076029
1.08252108108108   3.84886143502923   2.63366604064709   -2.19532925449354e-16   10.3006244759164
1.09254442442442   3.84675574159448   2.63476936704875   -5.16002302051234e-16   10.2923864784698
1.10256776776777   3.84424238119633   2.63608320848718   -7.35314116991203e-16   10.2825852840242
1.11259111111111   3.84127593957132   2.6376304504122   -6.12092556278169e-16   10.2710545875242
1.12261445445445   3.83781318543867   2.639432801751   -2.36733345421543e-16   10.257638226064
1.1326377977978   3.83381464167171   2.64151002010587   3.03068002243345e-16   10.2421961270622
1.14266114114114   3.82924617142216   2.64387913554204   7.99100511134344e-16   10.2246102139549
1.15268448448449   3.82408050669335   2.64655370700944   1.07548355023353e-15   10.2047899905578
1.16270782782783   3.81829864973423   2.64954314323904   1.54555044665079e-15   10.1826775428907
1.17273117117117   3.81189108552859   2.65285211558469   1.93128670729518e-15   10.1582517337742
1.18275451451452   3.80485875537853   2.65648008442831   2.08796651242193e-15   10.1315314157097
1.19277785785786   3.79721375553789   2.6604209542438   2.30356471980684e-15   10.1025775449652
1.2028012012012   3.78897973931585   2.66466286603931   2.59422679758175e-15   10.0714941376327
1.21282454454455   3.780192014458   2.66918813036736   2.89483558667929e-15   10.0384280606622
1.22284788788789   3.77089733867618   2.67397329990167   3.08924243552654e-15   10.0035676929676
1.23287123123123   3.76115342418577   2.67898937796661   3.36399106804585e-15   9.96714052108092
1.24289457457458   3.75102816681424   2.68420215833868   3.54320229404889e-15   9.92940975007944
1.25291791791792   3.74059861700521   2.68957269183433   3.65274742619826e-15   9.89067001523096
1.26294126126126   3.72994970966892   2.69505787615535   3.77400899542818e-15   9.85124227630015
1.27296460460461   3.71917276850304   2.70061116651574   3.3370465223569e-15   9.8114679692985
1.28298794794795   3.7083637995379   2.70618340496012   3.17104240085777e-15   9.7717024849024
1.29301129129129   3.69762158972182   2.71172376521884   3.32846862026443e-15   9.73230804416914
1.30303463463464   3.68704563070203   2.71718080672648   3.46269841660269e-15   9.6936460552926
1.31305797797798   3.67673389656154   2.72250362556045   3.42746313427452e-15   9.656069063306
1.32308132132132   3.66678051751444   2.72764308138894   3.47644757678699e-15   9.61991244893384
1.33310466466467   3.65727340894528   2.73255306840889   3.70923573513827e-15   9.58548609118905
1.34312800800801   3.64829193513459   2.73719178568545   3.76952084094188e-15   9.5530662750234
1.35315135135135   3.63990470684055   2.74152294991955   3.94840719310468e-15   9.52288819069464
1.3631746946947   3.63216762793253   2.74551688367856   4.3495441197745e-15   9.4951394225803
1.37319803803804   3.62512231431055   2.74915140702066   4.58916807846534e-15   9.46995484743252
1.38322138138138   3.61879500445854   2.75241246254117   4.79083551484335e-15   9.44741334211861
1.39324472472473   3.61319606243594   2.75529441472313   5.472227185063e-15   9.42753662976884
1.40326806806807   3.60832014032684   2.75779998432104   6.22167425652156e-15   9.41029046967322
1.41329141141141   3.60414702032973   2.75993980590265   7.01453754931664e-15   9.39558822874609
1.42331475475476   3.60064310181167   2.7617316285013   7.05205097029633e-15   9.38329667925309
1.4333380980981   3.59776344296139   2.76319921124808   7.09598570912911e-15   9.37324367445034
1.44336144144144   3.59545421820513   2.76437099311772   7.12734054114916e-15   9.36522718909647
1.45338478478479   3.59365541855434   2.76527863439827   7.21998436279538e-15   9.35902510048363
1.46340812812813   3.5923036074504   2.76595553454814   7.38244970437892e-15   9.3544050440551
1.47343147147147   3.5913345510346   2.7664354261343   7.39828829729963e-15   9.35113371016434
1.48345481481482   3.59068556713785   2.76675112901289   7.30113369958779e-15   9.34898504690141
1.49347815815816   3.59029747677071   2.76693352588513   7.33092134230217e-15   9.34774697990199
1.50350150150151   3.59011608890079   2.76701079374571   7.30908687485714e-15   9.34722642974587
1.51352484484485   3.59009319693267   2.76700789944556   7.16638621613968e-15   9.34725257647401
1.52354818818819   3.59018710761269   2.76694634482721   6.95935180908867e-15   9.34767846829215
1.53357153153154   3.59036275591799   2.76684412975177   6.64216661425329e-15   9.34838118377295
1.54359487487488   3.59059148081991   2.76671589068979   6.26517528541515e-15   9.34926082755828
1.55361821821822   3.59085054656025   2.76657316818463   6.1569872693045e-15   9.35023866940577
1.56364156156157   3.59112249367314   2.7664247574293   6.08406721100708e-15   9.35125473132047
1.57366490490491   3.59139439574633   2.7662771010201   6.23462500408493e-15   9.35226509636009
1.58368824824825   3.59165708448361   2.76613469015096   6.51013470995733e-15   9.35323916530803
1.5937115915916   3.59190438949096   2.76600044871781   7.30483501919463e-15   9.35415703287544
1.60373493493494   3.59213242240663   2.7658760829168   7.71648525129322e-15   9.35500710079322
1.61375827827828   3.59233891899845   2.76576238618387   8.18795001340574e-15   9.35578399630235
1.62378162162163   3.59252263856312   2.76565949529796   8.24274186727239e-15   9.35648682419396
1.63380496496497   3.59268280782725   2.76556709799383   8.21470053452504e-15   9.35711774990234
1.64382830830831   3.59281858671002   2.7654845955407   7.91412633270467e-15   9.35768089002099
1.65385165165166   3.59292852578004   2.76541122561132   7.96535635356416e-15   9.35818147389296
1.663874994995   3.59300998007435   2.76534615162964   7.73158342178994e-15   9.35862523403268
1.67389833833834   3.59305844135495   2.76528852490193   7.47587484877532e-15   9.35901798233567
1.68392168168169   3.59306675129612   2.76523752544654   7.21550002291254e-15   9.35936533168553
1.69394502502503   3.59302416219597   2.76519238674846   6.39980129587681e-15   9.35967252727166
1.70396836836837   3.59291522042003   2.76515240883695   5.55203269927676e-15   9.35994435758134
1.71399171171172   3.59271846176175   2.76511696323611   4.64437897825849e-15   9.36018512082865
1.72401505505506   3.59240492788656   2.76508549254413   3.68001160482536e-15   9.36039862800557
1.7340383983984   3.59193653918813   2.76505750670201   2.63715578675676e-15   9.36058822849103
1.74406174174175   3.59126439114762   2.7650325774338   1.62888195162344e-15   9.36075684810639
1.75408508508509   3.59032707706857   2.76501033188018   5.42043450334384e-16   9.36090703265116
1.76410842842843   3.58904917711422   2.7649904460949   -1.90534978336327e-16   9.36104099235832
1.77413177177178   3.58734008797612   2.76497263881477   -1.0903704516825e-15   9.36116064447728
1.78415511511512   3.5850933943383   2.76495666573057   -1.78067465550622e-15   9.36126765244166
1.79417845845846   3.58218699708025   2.76494231436262   -2.08239794227521e-15   9.36136346092429
1.80420180180181   3.57848420845999   2.76492939956475   -2.57416443956791e-15   9.36144932662324
1.81422514514515   3.5738359967913   2.76491775963299   -2.61243949866535e-15   9.3615263449471
1.82424848848849   3.56808450960715   2.76490725296916   -2.70088796110063e-15   9.36159547294092
1.83427183183184   3.56106792483176   2.76489775523814   -2.80501757685668e-15   9.36165754886964
1.84429517517518   3.55262657716791   2.76488915695532   -2.73011213636666e-15   9.3617133088887
1.85431851851853   3.54261018837298   2.76488136144319   -2.70398958059425e-15   9.36176340121003
1.86434186186187   3.53088590530061   2.76487428310182   -2.65301436127441e-15   9.36180839813152
1.87436520520521   3.51734673106631   2.76486784594397   -2.53000030097017e-15   9.36184880625237
1.88438854854856   3.50191983632765   2.76486198235256   -2.32540292757524e-15   9.36188507515067
1.8944118918919   3.48457417302257   2.76485663202401   -1.91558035037243e-15   9.36191760475707
1.90443523523524   3.46532679340485   2.76485174106674   -1.50582007473711e-15   9.36194675162229
1.91445857857859   3.44424731037731   2.76484726122891   -1.07501189242187e-15   9.36197283424458
1.92448192192193   3.42146002315599   2.76484314923342   -6.22001967386286e-16   9.36199613759787
1.93450526526527   3.3971433712886   2.76483936620222   -3.77902109214332e-16   9.36201691698052
1.94452860860862   3.37152655993813   2.76483587715463   -3.45479531454354e-16   9.36203540128709
1.95455195195196   3.34488340473797   2.76483265056725   -3.85998910442436e-16   9.36205179579183
1.9645752952953   3.3175236563088   2.76482965798535   -3.82985282112616e-16   9.36206628452025
1.97459863863865   3.28978226202102   2.76482687367707   -5.93336040583812e-16   9.36207903227554
1.98462198198199   3.26200718602409   2.76482427432407   -5.43130283108639e-16   9.36209018637665
1.99464532532533   3.23454652149255   2.7648218387428   -7.85085539333759e-16   9.36209987815733
2.00466866866868   3.20773568032293   2.76481954763191   -6.65411533917673e-16   9.36210822426657
2.01469201201202   3.1818854306503   2.76481738334212   -9.73339375364418e-16   9.36211532780301
2.02471535535536   3.15727147410684   2.76481532966463   -1.27351962884091e-15   9.36212127930676
2.03473869869871   3.13412612189612   2.7648133716346   -1.35790979541379e-15   9.36212615762131
2.04476204204205   3.11263245600291   2.76481149534482   -1.74761002600907e-15   9.3621300306231
2.05478538538539   3.09292116711955   2.76480968776261   -1.61173982817861e-15   9.36213295579375
2.06480872872874   3.07507006326243   2.76480793653864   -1.41210817249487e-15   9.36213498057114
2.07483207207208   3.05910606066222   2.76480622978688   -1.14466904278921e-15   9.36213614234634
2.08485541541542   3.04500931645648   2.76480455579825   -9.83699986288883e-16   9.36213646784402
2.09487875875877   3.03271905172494   2.7648029026166   -6.10828227687085e-16   9.36213597138124
2.10490210210211   3.02214054907173   2.76480125734251   -2.61302584789879e-16   9.36213465103539
2.11492544544545   3.01315279164521   2.76479960490799   -2.3504348126226e-17   9.36213248086774
2.1249487887888   3.00561623588252   2.76479792583207   1.31326566157953e-16   9.36212939565866
2.13497213213214   2.99938027038368   2.76479619202102   4.46003021061593e-16   9.36212526137932
2.14499547547548   2.99428999773969   2.76479435882447   1.55297692900168e-16   9.36211981845252
2.15501881881883   2.99019207327963   2.7647923499305   1.62448869999361e-17   9.36211257306532
2.16504216216217   2.98693943286894   2.76479002857359   -1.03587136291753e-16   9.362102589287
2.17506550550551   2.98439482984759   2.76478714259436   -1.92762326777666e-16   9.36208809178053
2.18508884884886   2.98243316798325   2.76478321956457   -5.08502251120041e-16   9.36206570690621
2.1951121921922   2.98094265089754   2.76477736657907   -8.73676521997714e-16   9.36202901358432
2.20513553553555   2.97982475247648   2.76476788808683   -1.38825479552434e-15   9.36196577687072
2.21515887887889   2.97899292026859   2.76475155647979   -2.09817740851361e-15   9.36185266803789
2.22518222222223   2.97836970492118   2.76472222012729   -3.00136964649837e-15   9.36164518963742
2.23520556556558   2.97788156778278   2.76466814737814   -3.5050336639662e-15   9.36125845521872
2.24522890890892   2.97744977202674   2.76456695927694   -4.18885680302276e-15   9.36053053245583
2.25525225225226   2.97697415775898   2.76437596298396   -4.98876703500987e-15   9.35915256042536
2.26527559559561   2.9763035690499   2.76401371374227   -5.72919193899134e-15   9.35653561926655
2.27529893893895   2.97518098220991   2.7633248524052   -6.66277186067237e-15   9.35155743548047
2.28532228228229   2.97314065713962   2.76201306778581   -7.3488287124342e-15   9.34208162302967
2.29534562562564   2.96931475751946   2.75951335511526   -7.89104663955649e-15   9.3240493807885
2.30536896896898   2.96207102117918   2.7547488418786   -8.53157609924565e-15   9.28977857914859
2.31539231231232   2.94834194446978   2.74566876179483   -8.89411830864611e-15   9.22483331853282
2.32541565565567   2.92241519411235   2.72837401897518   -8.87733366562272e-15   9.10245928889062
2.33543899899901   2.8738713779558   2.69547578286098   -8.7821743351913e-15   8.87439273871498
2.34546234234235   2.78449199893931   2.63307181944637   -8.29231199149818e-15   8.45813596929816
2.3554856856857   2.62510696126098   2.51543985552868   -7.7825968809004e-15   7.72780947590724
2.36550902902904   2.35760286182424   2.29703862898305   -6.74031998739796e-15   6.53779793879007
2.37553237237238   1.95692176814247   1.90742264256945   -5.2203836505665e-15   4.84672596944843
2.38555571571573   1.46989802190289   1.28622529200123   -3.15062788408067e-15   2.97200295788201
2.39557905905907   1.05871713869118   0.558782170931165   -1.18898189870206e-15   1.62300490363657
2.40560240240241   0.85915963562543   0.12584571274018   -2.81499664945143e-16   1.11459736474443
2.41562574574576   0.808905989441489   0.0183518626865192   -1.54155004121576e-18   1.01580976206865
2.4256490890891   0.801166694035525   0.00239778166765951   -5.79803374607597e-22   1.00204520273974
2.43567243243244   0.800149905599464   0.000308066771358953   -1.53041368364123e-26   1.00026239150943
2.44569577577579   0.800019216708407   3.94916330218725e-05   -2.86083711999493e-32   1.00003363016988
2.45571911911913   0.800002462708577   5.0610318614389e-06   -3.87526981187022e-39   1.00000430975528
2.46574246246247   0.800000315595007   6.48569027968223e-07   -3.94905286981331e-47   1.00000055229151
2.47576580580582   0.800000040443092   8.31132910668473e-08   -2.91591693112698e-56   1.00000007077541
2.48578914914916   0.800000005182716   1.06508342037875e-08   -5.06309879431415e-67   1.00000000906975
2.4958124924925   0.800000000664156   1.3648838147181e-09   -4.3729994372687e-78   1.00000000116227
2.50583583583585   0.80000000008511   1.74906329191458e-10   -3.20176373555118e-90   1.00000000014894
2.51585917917919   0.800000000010906   2.2413485100734e-11   -1.80582283602149e-103   1.00000000001909
2.52588252252253   0.800000000001398   2.87195328777732e-12   -6.79967153398378e-118   1.00000000000244
2.53590586586588   0.800000000000179   3.67656942254509e-13   -1.13941856063564e-133   1.00000000000031
2.54592920920922   0.800000000000023   4.68286317797118e-14   -3.54173060979665e-151   1.00000000000004
2.55595255255257   0.800000000000003   5.79429163902733e-15   -6.96731516502229e-169   1
2.56597589589591   0.8   6.0867717791897e-16   -6.90365003519824e-188   1
2.57599923923925   0.8   4.74293618603458e-17   -1.52703188605863e-208   1
2.5860225825826   0.8   0   0   1
2.59604592592594   0.8   0   0   1
2.60606926926928   0.8   0   0   1
2.61609261261263   0.8   0   0   1
2.62611595595597   0.8   0   0   1
2.63613929929931   0.8   0   0   1
2.64616264264266   0.8   0   0   1
2.656185985986   0.8   0   0   1
2.66620932932934   0.8   0   0   1
2.67623267267269   0.8   0   0   1
2.68625601601603   0.8   0   0   1
2.69627935935937   0.8   0   0   1
2.70630270270272   0.8   0   0   1
2.71632604604606   0.8   0   0   1
2.7263493893894   0.8   0   0   1
2.73637273273275   0.8   0   0   1
2.74639607607609   0.8   0   0   1
2.75641941941943   0.8   0   0   1
2.76644276276278   0.8   0   0   1
2.77646610610612   0.8   0   0   1
2.78648944944946   0.8   0   0   1
2.79651279279281   0.8   0   0   1
2.80653613613615   0.8   0   0   1
2.81655947947949   0.8   0   0   1
2.82658282282284   0.8   0   0   1
2.83660616616618   0.8   0   0   1
2.84662950950952   0.8   0   0   1
2.85665285285287   0.8   0   0   1
2.86667619619621   0.8   0   0   1
2.87669953953955   0.8   0   0   1
2.8867228828829   0.8   0   0   1
2.89674622622624   0.8   0   0   1
2.90676956956958   0.8   0   0   1
2.91679291291293   0.8   0   0   1
2.92681625625627   0.8   0   0   1
2.93683959959962   0.8   0   0   1
2.94686294294296   0.8   0   0   1
2.9568862862863   0.8   0   0   1
2.96690962962965   0.8   0   0   1
2.97693297297299   0.8   0   0   1
2.98695631631633   0.8   0   0   1
2.99697965965968   0.8   0   0   1
3.00700300300302   0.8   0   0   1
3.01702634634636   0.8   0   0   1
3.02704968968971   0.8   0   0   1
3.03707303303305   0.8   0   0   1
3.04709637637639   0.8   0   0   1
3.05711971971974   0.8   0   0   1
3.06714306306308   0.8   0   0   1
3.07716640640642   0.8   0   0   1
3.08718974974977   0.8   0   0   1
3.09721309309311   0.8   0   0   1
3.10723643643645   0.8   0   0   1
3.1172597797798   0.8   0   0   1
3.12728312312314   0.8   0   0   1
3.13730646646648   0.8   0   0   1
3.14732980980983   0.8   0   0   1
3.15735315315317   0.8   0   0   1
3.16737649649651   0.8   0   0   1
3.17739983983986   0.8   0   0   1
3.1874231831832   0.8   0   0   1
3.19744652652654   0.8   0   0   1
3.20746986986989   0.8   0   0   1
3.21749321321323   0.8   0   0   1
3.22751655655657   0.8   0   0   1
3.23753989989992   0.8   0   0   1
3.24756324324326   0.8   0   0   1
3.2575865865866   0.8   0   0   1
3.26760992992995   0.8   0   0   1
3.27763327327329   0.8   0   0   1
3.28765661661664   0.8   0   0   1
3.29767995995998   0.8   0   0   1
3.30770330330332   0.8   0   0   1
3.31772664664667   0.8   0   0   1
3.32774998999001   0.8   0   0   1
3.33777333333335   0.8   0   0   1
3.3477966766767   0.8   0   0   1
3.35782002002004   0.8   0   0   1
3.36784336336338   0.8   0   0   1
3.37786670670673   0.8   0   0   1
3.38789005005007   0.8   0   0   1
3.39791339339341   0.8   0   0   1
3.40793673673676   0.8   0   0   1
3.4179600800801   0.8   0   0   1
3.42798342342344   0.8   0   0   1
3.43800676676679   0.8   0   0   1
3.44803011011013   0.8   0   0   1
3.45805345345347   0.8   0   0   1
3.46807679679682   0.8   0   0   1
3.47810014014016   0.8   0   0   1
3.4881234834835   0.8   0   0   1
3.49814682682685   0.8   0   0   1
3.50817017017019   0.8   0   0   1
3.51819351351353   0.8   0   0   1
3.52821685685688   0.8   0   0   1
3.53824020020022   0.8   0   0   1
3.54826354354356   0.8   0   0   1
3.55828688688691   0.8   0   0   1
3.56831023023025   0.8   0   0   1
3.57833357357359   0.8   0   0   1
3.58835691691694   0.8   0   0   1
3.59838026026028   0.8   0   0   1
3.60840360360362   0.8   0   0   1
3.61842694694697   0.8   0   0   1
3.62845029029031   0.8   0   0   1
3.63847363363366   0.8   0   0   1
3.648496976977   0.8   0   0   1
3.65852032032034   0.8   0   0   1
3.66854366366369   0.8   0   0   1
3.67856700700703   0.8   0   0   1
3.68859035035037   0.8   0   0   1
3.69861369369372   0.8   0   0   1
3.70863703703706   0.8   0   0   1
3.7186603803804   0.8   0   0   1
3.72868372372375   0.8   0   0   1
3.73870706706709   0.8   0   0   1
3.74873041041043   0.8   0   0   1
3.75875375375378   0.8   0   0   1
3.76877709709712   0.8   0   0   1
3.77880044044046   0.8   0   0   1
3.78882378378381   0.8   0   0   1
3.79884712712715   0.8   0   0   1
3.80887047047049   0.8   0   0   1
3.81889381381384   0.8   0   0   1
3.82891715715718   0.8   0   0   1
3.83894050050052   0.8   0   0   1
3.84896384384387   0.8   0   0   1
3.85898718718721   0.8   0   0   1
3.86901053053055   0.8   0   0   1
3.8790338738739   0.8   0   0   1
3.88905721721724   0.8   0   0   1
3.89908056056058   0.8   0   0   1
3.90910390390393   0.8   0   0   1
3.91912724724727   0.8   0   0   1
3.92915059059061   0.8   0   0   1
3.93917393393396   0.8   0   0   1
3.9491972772773   0.8   0   0   1
3.95922062062064   0.8   0   0   1
3.96924396396399   0.8   0   0   1
3.97926730730733   0.8   0   0   1
3.98929065065068   0.8   0   0   1
3.99931399399402   0.8   0   0   1
4.00933733733736   0.8   0   0   1
4.01936068068071   0.8   0   0   1
4.02938402402405   0.8   0   0   1
4.03940736736739   0.8   0   0   1
4.04943071071074   0.8   0   0   1
4.05945405405408   0.8   0   0   1
4.06947739739742   0.8   0   0   1
4.07950074074077   0.8   0   0   1
4.08952408408411   0.8   0   0   1
4.09954742742745   0.8   0   0   1
4.1095707707708   0.8   0   0   1
4.11959411411414   0.8   0   0   1
4.12961745745748   0.8   0   0   1
4.13964080080083   0.8   0   0   1
4.14966414414417   0.8   0   0   1
4.15968748748751   0.8   0   0   1
4.16971083083086   0.8   0   0   1
4.1797341741742   0.8   0   0   1
4.18975751751754   0.8   0   0   1
4.19978086086089   0.8   0   0   1
4.20980420420423   0.8   0   0   1
4.21982754754757   0.8   0   0   1
4.22985089089092   0.8   0   0   1
4.23987423423426   0.8   0   0   1
4.2498975775776   0.8   0   0   1
4.25992092092095   0.8   0   0   1
4.26994426426429   0.8   0   0   1
4.27996760760763   0.8   0   0   1
4.28999095095098   0.8   0   0   1
4.30001429429432   0.8   0   0   1
4.31003763763766   0.8   0   0   1
4.32006098098101   0.8   0   0   1
4.33008432432435   0.8   0   0   1
4.3401076676677   0.8   0   0   1
4.35013101101104   0.8   0   0   1
4.36015435435438   0.8   0   0   1
4.37017769769773   0.8   0   0   1
4.38020104104107   0.8   0   0   1
4.39022438438441   0.8   0   0   1
4.40024772772776   0.8   0   0   1
4.4102710710711   0.8   0   0   1
4.42029441441444   0.8   0   0   1
4.43031775775779   0.8   0   0   1
4.44034110110113   0.8   0   0   1
4.45036444444447   0.8   0   0   1
4.46038778778782   0.8   0   0   1
4.47041113113116   0.8   0   0   1
4.4804344744745   0.8   0   0   1
4.49045781781785   0.8   0   0   1
4.50048116116119   0.8   0   0   1
4.51050450450453   0.8   0   0   1
4.52052784784788   0.8   0   0   1
4.53055119119122   0.8   0   0   1
4.54057453453456   0.8   0   0   1
4.55059787787791   0.8   0   0   1
4.56062122122125   0.8   0   0   1
4.57064456456459   0.8   0   0   1
4.58066790790794   0.8   0   0   1
4.59069125125128   0.8   0   0   1
4.60071459459462   0.8   0   0   1
4.61073793793797   0.8   0   0   1
4.62076128128131   0.8   0   0   1
4.63078462462465   0.8   0   0   1
4.640807967968   0.8   0   0   1
4.65083131131134   0.8   0   0   1
4.66085465465468   0.8   0   0   1
4.67087799799803   0.8   0   0   1
4.68090134134137   0.8   0   0   1
4.69092468468472   0.8   0   0   1
4.70094802802806   0.8   0   0   1
4.7109713713714   0.8   0   0   1
4.72099471471475   0.8   0   0   1
4.73101805805809   0.8   0   0   1
4.74104140140143   0.8   0   0   1
4.75106474474478   0.8   0   0   1
4.76108808808812   0.8   0   0   1
4.77111143143146   0.8   0   0   1
4.78113477477481   0.8   0   0   1
4.79115811811815   0.8   0   0   1
4.80118146146149   0.8   0   0   1
4.81120480480484   0.8   0   0   1
4.82122814814818   0.8   0   0   1
4.83125149149152   0.8   0   0   1
4.84127483483487   0.8   0   0   1
4.85129817817821   0.8   0   0   1
4.86132152152155   0.8   0   0   1
4.8713448648649   0.8   0   0   1
4.88136820820824   0.8   0   0   1
4.89139155155158   0.8   0   0   1
4.90141489489493   0.8   0   0   1
4.91143823823827   0.8   0   0   1
4.92146158158161   0.8   0   0   1
4.93148492492496   0.8   0   0   1
4.9415082682683   0.8   0   0   1
4.95153161161164   0.8   0   0   1
4.96155495495499   0.8   0   0   1
4.97157829829833   0.8   0   0   1
4.98160164164167   0.8   0   0   1
4.99162498498502   0.8   0   0   1
5.00164832832836   0.8   0   0   1
5.0116716716717   0.8   0   0   1
5.02169501501505   0.8   0   0   1
5.03171835835839   0.8   0   0   1
5.04174170170173   0.8   0   0   1
5.05176504504508   0.8   0   0   1
5.06178838838842   0.8   0   0   1
5.07181173173177   0.8   0   0   1
5.08183507507511   0.8   0   0   1
5.09185841841845   0.8   0   0   1
5.1018817617618   0.8   0   0   1
5.11190510510514   0.8   0   0   1
5.12192844844848   0.8   0   0   1
5.13195179179183   0.8   0   0   1
5.14197513513517   0.8   0   0   1
5.15199847847851   0.8   0   0   1
5.16202182182186   0.8   0   0   1
5.1720451651652   0.8   0   0   1
5.18206850850854   0.8   0   0   1
5.19209185185189   0.8   0   0   1
5.20211519519523   0.8   0   0   1
5.21213853853857   0.8   0   0   1
5.22216188188192   0.8   0   0   1
5.23218522522526   0.8   0   0   1
5.2422085685686   0.8   0   0   1
5.25223191191195   0.8   0   0   1
5.26225525525529   0.8   0   0   1
5.27227859859863   0.8   0   0   1
5.28230194194198   0.8   0   0   1
5.29232528528532   0.8   0   0   1
5.30234862862866   0.8   0   0   1
5.31237197197201   0.8   0   0   1
5.32239531531535   0.8   0   0   1
5.33241865865869   0.8   0   0   1
5.34244200200204   0.8   0   0   1
5.35246534534538   0.8   0   0   1
5.36248868868872   0.8   0   0   1
5.37251203203207   0.8   0   0   1
5.38253537537541   0.8   0   0   1
5.39255871871875   0.8   0   0   1
5.4025820620621   0.8   0   0   1
5.41260540540544   0.8   0   0   1
5.42262874874879   0.8   0   0   1
5.43265209209213   0.8   0   0   1
5.44267543543547   0.8   0   0   1
5.45269877877882   0.8   0   0   1
5.46272212212216   0.8   0   0   1
5.4727454654655   0.8   0   0   1
5.48276880880885   0.8   0   0   1
5.49279215215219   0.8   0   0   1
5.50281549549553   0.8   0   0   1
5.51283883883888   0.8   0   0   1
5.52286218218222   0.8   0   0   1
5.53288552552556   0.8   0   0   1
5.54290886886891   0.8   0   0   1
5.55293221221225   0.8   0   0   1
5.56295555555559   0.8   0   0   1
5.57297889889894   0.8   0   0   1
5.58300224224228   0.8   0   0   1
5.59302558558562   0.8   0   0   1
5.60304892892897   0.8   0   0   1
5.61307227227231   0.8   0   0   1
5.62309561561565   0.8   0   0   1
5.633118958959   0.8   0   0   1
5.64314230230234   0.8   0   0   1
5.65316564564568   0.8   0   0   1
5.66318898898903   0.8   0   0   1
5.67321233233237   0.8   0   0   1
5.68323567567571   0.8   0   0   1
5.69325901901906   0.8   0   0   1
5.7032823623624   0.8   0   0   1
5.71330570570574   0.8   0   0   1
5.72332904904909   0.8   0   0   1
5.73335239239243   0.8   0   0   1
5.74337573573577   0.8   0   0   1
5.75339907907912   0.8   0   0   1
5.76342242242246   0.8   0   0   1
5.77344576576581   0.8   0   0   1
5.78346910910915   0.8   0   0   1
5.79349245245249   0.8   0   0   1
5.80351579579584   0.8   0   0   1
5.81353913913918   0.8   0   0   1
5.82356248248252   0.8   0   0   1
5.83358582582587   0.8   0   0   1
5.84360916916921   0.8   0   0   1
5.85363251251255   0.8   0   0   1
5.8636558558559   0.8   0   0   1
5.87367919919924   0.8   0   0   1
5.88370254254258   0.8   0   0   1
5.89372588588593   0.8   0   0   1
5.90374922922927   0.8   0   0   1
5.91377257257261   0.8   0   0   1
5.92379591591596   0.8   0   0   1
5.9338192592593   0.8   0   0   1
5.94384260260264   0.8   0   0   1
5.95386594594599   0.8   0   0   1
5.96388928928933   0.8   0   0   1
5.97391263263267   0.8   0   0   1
5.98393597597602   0.8   0   0   1
5.99395931931936   0.8   0   0   1
6.0039826626627   0.8   0   0   1
6.01400600600605   0.8   0   0   1
6.02402934934939   0.8   0   0   1
6.03405269269273   0.8   0   0   1
6.04407603603608   0.8   0   0   1
6.05409937937942   0.8   0   0   1
6.06412272272276   0.8   0   0   1
6.07414606606611   0.8   0   0   1
6.08416940940945   0.8   0   0   1
6.09419275275279   0.8   0   0   1
6.10421609609614   0.8   0   0   1
6.11423943943948   0.8   0   0   1
6.12426278278283   0.8   0   0   1
6.13428612612617   0.8   0   0   1
6.14430946946951   0.8   0   0   1
6.15433281281286   0.8   0   0   1
6.1643561561562   0.8   0   0   1
6.17437949949954   0.8   0   0   1
6.18440284284289   0.8   0   0   1
6.19442618618623   0.8   0   0   1
6.20444952952957   0.8   0   0   1
6.21447287287292   0.8   0   0   1
6.22449621621626   0.8   0   0   1
6.2345195595596   0.8   0   0   1
6.24454290290295   0.8   0   0   1
6.25456624624629   0.8   0   0   1
6.26458958958963   0.8   0   0   1
6.27461293293298   0.8   0   0   1
6.28463627627632   0.8   0   0   1
6.29465961961966   0.8   0   0   1
6.30468296296301   0.8   0   0   1
6.31470630630635   0.8   0   0   1
6.32472964964969   0.8   0   0   1
6.33475299299304   0.8   0   0   1
6.34477633633638   0.8   0   0   1
6.35479967967972   0.8   0   0   1
6.36482302302307   0.8   0   0   1
6.37484636636641   0.8   0   0   1
6.38486970970975   0.8   0   0   1
6.3948930530531   0.8   0   0   1
6.40491639639644   0.8   0   0   1
6.41493973973978   0.8   0   0   1
6.42496308308313   0.8   0   0   1
6.43498642642647   0.8   0   0   1
6.44500976976981   0.8   0   0   1
6.45503311311316   0.8   0   0   1
6.4650564564565   0.8   0   0   1
6.47507979979985   0.8   0   0   1
6.48510314314319   0.8   0   0   1
6.49512648648653   0.8   0   0   1
6.50514982982988   0.8   0   0   1
6.51517317317322   0.8   0   0   1
6.52519651651656   0.8   0   0   1
6.53521985985991   0.8   0   0   1
6.54524320320325   0.8   0   0   1
6.55526654654659   0.8   0   0   1
6.56528988988994   0.8   0   0   1
6.57531323323328   0.8   0   0   1
6.58533657657662   0.8   0   0   1
6.59535991991997   0.8   0   0   1
6.60538326326331   0.8   0   0   1
6.61540660660665   0.8   0   0   1
6.62542994995   0.8   0   0   1
6.63545329329334   0.8   0   0   1
6.64547663663668   0.8   0   0   1
6.65549997998003   0.8   0   0   1
6.66552332332337   0.8   0   0   1
6.67554666666671   0.8   0   0   1
6.68557001001006   0.8   0   0   1
6.6955933533534   0.8   0   0   1
6.70561669669674   0.8   0   0   1
6.71564004004009   0.8   0   0   1
6.72566338338343   0.8   0   0   1
6.73568672672677   0.8   0   0   1
6.74571007007012   0.8   0   0   1
6.75573341341346   0.8   0   0   1
6.7657567567568   0.8   0   0   1
6.77578010010015   0.8   0   0   1
6.78580344344349   0.8   0   0   1
6.79582678678683   0.8   0   0   1
6.80585013013018   0.8   0   0   1
6.81587347347352   0.8   0   0   1
6.82589681681686   0.8   0   0   1
6.83592016016021   0.8   0   0   1
6.84594350350355   0.8   0   0   1
6.8559668468469   0.8   0   0   1
6.86599019019024   0.8   0   0   1
6.87601353353358   0.8   0   0   1
6.88603687687693   0.8   0   0   1
6.89606022022027   0.8   0   0   1
6.90608356356361   0.8   0   0   1
6.91610690690696   0.8   0   0   1
6.9261302502503   0.8   0   0   1
6.93615359359364   0.8   0   0   1
6.94617693693699   0.8   0   0   1
6.95620028028033   0.8   0   0   1
6.96622362362367   0.8   0   0   1
6.97624696696702   0.8   0   0   1
6.98627031031036   0.8   0   0   1
6.9962936536537   0.8   0   0   1
7.00631699699705   0.8   0   0   1
7.01634034034039   0.8   0   0   1
7.02636368368373   0.8   0   0   1
7.03638702702708   0.8   0   0   1
7.04641037037042   0.8   0   0   1
7.05643371371376   0.8   0   0   1
7.06645705705711   0.8   0   0   1
7.07648040040045   0.8   0   0   1
7.08650374374379   0.8   0   0   1
7.09652708708714   0.8   0   0   1
7.10655043043048   0.8   0   0   1
7.11657377377382   0.8   0   0   1
7.12659711711717   0.8   0   0   1
7.13662046046051   0.8   0   0   1
7.14664380380385   0.8   0   0   1
7.1566671471472   0.8   0   0   1
7.16669049049054   0.8   0   0   1
7.17671383383388   0.8   0   0   1
7.18673717717723   0.8   0   0   1
7.19676052052057   0.8   0   0   1
7.20678386386392   0.8   0   0   1
7.21680720720726   0.8   0   0   1
7.2268305505506   0.8   0   0   1
7.23685389389395   0.8   0   0   1
7.24687723723729   0.8   0   0   1
7.25690058058063   0.8   0   0   1
7.26692392392398   0.8   0   0   1
7.27694726726732   0.8   0   0   1
7.28697061061066   0.8   0   0   1
7.29699395395401   0.8   0   0   1
7.30701729729735   0.8   0   0   1
7.31704064064069   0.8   0   0   1
7.32706398398404   0.8   0   0   1
7.33708732732738   0.8   0   0   1
7.34711067067072   0.8   0   0   1
7.35713401401407   0.8   0   0   1
7.36715735735741   0.8   0   0   1
7.37718070070075   0.8   0   0   1
7.3872040440441   0.8   0   0   1
7.39722738738744   0.8   0   0   1
7.40725073073078   0.8   0   0   1
7.41727407407413   0.8   0   0   1
7.42729741741747   0.8   0   0   1
7.43732076076081   0.8   0   0   1
7.44734410410416   0.8   0   0   1
7.4573674474475   0.8   0   0   1
7.46739079079084   0.8   0   0   1
7.47741413413419   0.8   0   0   1
7.48743747747753   0.8   0   0   1
7.49746082082087   0.8   0   0   1
7.50748416416422   0.8   0   0   1
7.51750750750756   0.8   0   0   1
7.5275308508509   0.8   0   0   1
7.53755419419425   0.8   0   0   1
7.54757753753759   0.8   0   0   1
7.55760088088094   0.8   0   0   1
7.56762422422428   0.8   0   0   1
7.57764756756762   0.8   0   0   1
7.58767091091097   0.8   0   0   1
7.59769425425431   0.8   0   0   1
7.60771759759765   0.8   0   0   1
7.617740940941   0.8   0   0   1
7.62776428428434   0.8   0   0   1
7.63778762762768   0.8   0   0   1
7.64781097097103   0.8   0   0   1
7.65783431431437   0.8   0   0   1
7.66785765765771   0.8   0   0   1
7.67788100100106   0.8   0   0   1
7.6879043443444   0.8   0   0   1
7.69792768768774   0.8   0   0   1
7.70795103103109   0.8   0   0   1
7.71797437437443   0.8   0   0   1
7.72799771771777   0.8   0   0   1
7.73802106106112   0.8   0   0   1
7.74804440440446   0.8   0   0   1
7.7580677477478   0.8   0   0   1
7.76809109109115   0.8   0   0   1
7.77811443443449   0.8   0   0   1
7.78813777777783   0.8   0   0   1
7.79816112112118   0.8   0   0   1
7.80818446446452   0.8   0   0   1
7.81820780780786   0.8   0   0   1
7.82823115115121   0.8   0   0   1
7.83825449449455   0.8   0   0   1
7.84827783783789   0.8   0   0   1
7.85830118118124   0.8   0   0   1
7.86832452452458   0.8   0   0   1
7.87834786786792   0.8   0   0   1
7.88837121121127   0.8   0   0   1
7.89839455455461   0.8   0   0   1
7.90841789789796   0.8   0   0   1
7.9184412412413   0.8   0   0   1
7.92846458458464   0.8   0   0   1
7.93848792792799   0.8   0   0   1
7.94851127127133   0.8   0   0   1
7.95853461461467   0.8   0   0   1
7.96855795795802   0.8   0   0   1
7.97858130130136   0.8   0   0   1
7.9886046446447   0.8   0   0   1
7.99862798798805   0.8   0   0   1
8.00865133133139   0.8   0   0   1
8.01867467467473   0.8   0   0   1
8.02869801801808   0.8   0   0   1
8.03872136136142   0.8   0   0   1
8.04874470470476   0.8   0   0   1
8.05876804804811   0.8   0   0   1
8.06879139139145   0.8   0   0   1
8.07881473473479   0.8   0   0   1
8.08883807807814   0.8   0   0   1
8.09886142142148   0.8   0   0   1
8.10888476476482   0.8   0   0   1
8.11890810810817   0.8   0   0   1
8.12893145145151   0.8   0   0   1
8.13895479479485   0.8   0   0   1
8.1489781381382   0.8   0   0   1
8.15900148148154   0.8   0   0   1
8.16902482482488   0.8   0   0   1
8.17904816816823   0.8   0   0   1
8.18907151151157   0.8   0   0   1
8.19909485485491   0.8   0   0   1
8.20911819819826   0.8   0   0   1
8.2191415415416   0.8   0   0   1
8.22916488488494   0.8   0   0   1
8.23918822822829   0.8   0   0   1
8.24921157157163   0.8   0   0   1
8.25923491491498   0.8   0   0   1
8.26925825825832   0.8   0   0   1
8.27928160160166   0.8   0   0   1
8.28930494494501   0.8   0   0   1
8.29932828828835   0.8   0   0   1
8.30935163163169   0.8   0   0   1
8.31937497497504   0.8   0   0   1
8.32939831831838   0.8   0   0   1
8.33942166166172   0.8   0   0   1
8.34944500500507   0.8   0   0   1
8.35946834834841   0.8   0   0   1
8.36949169169175   0.8   0   0   1
8.3795150350351   0.8   0   0   1
8.38953837837844   0.8   0   0   1
8.39956172172178   0.8   0   0   1
8.40958506506513   0.8   0   0   1
8.41960840840847   0.8   0   0   1
8.42963175175181   0.8   0   0   1
8.43965509509516   0.8   0   0   1
8.4496784384385   0.8   0   0   1
8.45970178178184   0.8   0   0   1
8.46972512512519   0.8   0   0   1
8.47974846846853   0.8   0   0   1
8.48977181181187   0.8   0   0   1
8.49979515515522   0.8   0   0   1
8.50981849849856   0.8   0   0   1
8.5198418418419   0.8   0   0   1
8.52986518518525   0.8   0   0   1
8.53988852852859   0.8   0   0   1
8.54991187187193   0.8   0   0   1
8.55993521521528   0.8   0   0   1
8.56995855855862   0.8   0   0   1
8.57998190190196   0.8   0   0   1
8.59000524524531   0.8   0   0   1
8.60002858858865   0.8   0   0   1
8.610051931932   0.8   0   0   1
8.62007527527534   0.8   0   0   1
8.63009861861868   0.8   0   0   1
8.64012196196203   0.8   0   0   1
8.65014530530537   0.8   0   0   1
8.66016864864871   0.8   0   0   1
8.67019199199206   0.8   0   0   1
8.6802153353354   0.8   0   0   1
8.69023867867874   0.8   0   0   1
8.70026202202209   0.8   0   0   1
8.71028536536543   0.8   0   0   1
8.72030870870877   0.8   0   0   1
8.73033205205212   0.8   0   0   1
8.74035539539546   0.8   0   0   1
8.7503787387388   0.8   0   0   1
8.76040208208215   0.8   0   0   1
8.77042542542549   0.8   0   0   1
8.78044876876883   0.8   0   0   1
8.79047211211218   0.8   0   0   1
8.80049545545552   0.8   0   0   1
8.81051879879886   0.8   0   0   1
8.82054214214221   0.8   0   0   1
8.83056548548555   0.8   0   0   1
8.84058882882889   0.8   0   0   1
8.85061217217224   0.8   0   0   1
8.86063551551558   0.8   0   0   1
8.87065885885892   0.8   0   0   1
8.88068220220227   0.8   0   0   1
8.89070554554561   0.8   0   0   1
8.90072888888895   0.8   0   0   1
8.9107522322323   0.8   0   0   1
8.92077557557564   0.8   0   0   1
8.93079891891898   0.8   0   0   1
8.94082226226233   0.8   0   0   1
8.95084560560567   0.8   0   0   1
8.96086894894901   0.8   0   0   1
8.97089229229236   0.8   0   0   1
8.9809156356357   0.8   0   0   1
8.99093897897905   0.8   0   0   1
9.00096232232239   0.8   0   0   1
9.01098566566573   0.8   0   0   1
9.02100900900908   0.8   0   0   1
9.03103235235242   0.8   0   0   1
9.04105569569576   0.8   0   0   1
9.05107903903911   0.8   0   0   1
9.06110238238245   0.8   0   0   1
9.07112572572579   0.8   0   0   1
9.08114906906914   0.8   0   0   1
9.09117241241248   0.8   0   0   1
9.10119575575582   0.8   0   0   1
9.11121909909917   0.8   0   0   1
9.12124244244251   0.8   0   0   1
9.13126578578585   0.8   0   0   1
9.1412891291292   0.8   0   0   1
9.15131247247254   0.8   0   0   1
9.16133581581588   0.8   0   0   1
9.17135915915923   0.8   0   0   1
9.18138250250257   0.8   0   0   1
9.19140584584591   0.8   0   0   1
9.20142918918926   0.8   0   0   1
9.2114525325326   0.8   0   0   1
9.22147587587594   0.8   0   0   1
9.23149921921929   0.8   0   0   1
9.24152256256263   0.8   0   0   1
9.25154590590597   0.8   0   0   1
9.26156924924932   0.8   0   0   1
9.27159259259266   0.8   0   0   1
9.281615935936   0.8   0   0   1
9.29163927927935   0.8   0   0   1
9.30166262262269   0.8   0   0   1
9.31168596596603   0.8   0   0   1
9.32170930930938   0.8   0   0   1
9.33173265265272   0.8   0   0   1
9.34175599599607   0.8   0   0   1
9.35177933933941   0.8   0   0   1
9.36180268268275   0.8   0   0   1
9.3718260260261   0.8   0   0   1
9.38184936936944   0.8   0   0   1
9.39187271271278   0.8   0   0   1
9.40189605605613   0.8   0   0   1
9.41191939939947   0.8   0   0   1
9.42194274274281   0.8   0   0   1
9.43196608608616   0.8   0   0   1
9.4419894294295   0.8   0   0   1
9.45201277277284   0.8   0   0   1
9.46203611611619   0.8   0   0   1
9.47205945945953   0.8   0   0   1
9.48208280280287   0.8   0   0   1
9.49210614614622   0.8   0   0   1
9.50212948948956   0.8   0   0   1
9.5121528328329   0.8   0   0   1
9.52217617617625   0.8   0   0   1
9.53219951951959   0.8   0   0   1
9.54222286286293   0.8   0   0   1
9.55224620620628   0.8   0   0   1
9.56226954954962   0.8   0   0   1
9.57229289289296   0.8   0   0   1
9.58231623623631   0.8   0   0   1
9.59233957957965   0.8   0   0   1
9.60236292292299   0.8   0   0   1
9.61238626626634   0.8   0   0   1
9.62240960960968   0.8   0   0   1
9.63243295295302   0.8   0   0   1
9.64245629629637   0.8   0   0   1
9.65247963963971   0.8   0   0   1
9.66250298298305   0.8   0   0   1
9.6725263263264   0.8   0   0   1
9.68254966966974   0.8   0   0   1
9.69257301301309   0.8   0   0   1
9.70259635635643   0.8   0   0   1
9.71261969969977   0.8   0   0   1
9.72264304304312   0.8   0   0   1
9.73266638638646   0.8   0   0   1
9.7426897297298   0.8   0   0   1
9.75271307307315   0.8   0   0   1
9.76273641641649   0.8   0   0   1
9.77275975975983   0.8   0   0   1
9.78278310310318   0.8   0   0   1
9.79280644644652   0.8   0   0   1
9.80282978978986   0.8   0   0   1
9.81285313313321   0.8   0   0   1
9.82287647647655   0.8   0   0   1
9.83289981981989   0.8   0   0   1
9.84292316316324   0.8   0   0   1
9.85294650650658   0.8   0   0   1
9.86296984984992   0.8   0   0   1
9.87299319319327   0.8   0   0   1
9.88301653653661   0.8   0   0   1
9.89303987987995   0.8   0   0   1
9.9030632232233   0.8   0   0   1
9.91308656656664   0.8   0   0   1
9.92310990990998   0.8   0   0   1
9.93313325325333   0.8   0   0   1
9.94315659659667   0.8   0   0   1
9.95317993994001   0.8   0   0   1
9.96320328328336   0.8   0   0   1
9.9732266266267   0.8   0   0   1
9.98324996997004   0.8   0   0   1
9.99327331331339   0.8   0   0   1
10.0032966566567   0.8   0   0   1
10.0133200000001   0.8   0   0   1
