variables = x,rho,u,v,p
0   3.8571   2.6293   0   10.3333
0.0100233433433433   3.8571   2.6293   0   10.3333
0.0200466866866867   3.8571   2.6293   0   10.3333
0.03007003003003   3.8571   2.6293   0   10.3333
0.0400933733733734   3.8571   2.6293   0   10.3333
0.0501167167167167   3.8571   2.6293   0   10.3333
0.0601400600600601   3.8571   2.6293   0   10.3333
0.0701634034034034   3.8571   2.6293   0   10.3333
0.0801867467467468   3.8571   2.6293   0   10.3333
0.0902100900900901   3.8571   2.6293   0   10.3333
0.100233433433433   3.8571   2.6293   0   10.3333
0.110256776776777   3.8571   2.6293   0   10.3333
0.12028012012012   3.8571   2.6293   0   10.3333
0.130303463463463   3.8571   2.6293   0   10.3333
0.140326806806807   3.8571   2.6293   0   10.3333
0.15035015015015   3.8571   2.6293   0   10.3333
0.160373493493494   3.8571   2.6293   0   10.3333
0.170396836836837   3.8571   2.6293   0   10.3333
0.18042018018018   3.8571   2.6293   0   10.3333
0.190443523523524   3.8571   2.6293   0   10.3333
0.200466866866867   3.8571   2.6293   0   10.3333
0.21049021021021   3.8571   2.6293   0   10.3333
0.220513553553554   3.8571   2.6293   0   10.3333
0.230536896896897   3.8571   2.6293   0   10.3333
0.24056024024024   3.8571   2.6293   0   10.3333
0.250583583583584   3.8571   2.6293   0   10.3333
0.260606926926927   3.8571   2.6293   0   10.3333
0.27063027027027   3.8571   2.6293   0   10.3333
0.280653613613614   3.8571   2.6293   0   10.3333
0.290676956956957   3.8571   2.6293   0   10.3333
0.3007003003003   3.8571   2.6293   0   10.3333
0.310723643643644   3.8571   2.6293   0   10.3333
0.320746986986987   3.8571   2.6293   0   10.3333
0.330770330330331   3.8571   2.6293   0   10.3333
0.340793673673674   3.8571   2.6293   0   10.3333
0.350817017017017   3.8571   2.6293   0   10.3333
0.360840360360361   3.8571   2.6293   0   10.3333
0.370863703703704   3.8571   2.6293   0   10.3333
0.380887047047047   3.8571   2.6293   0   10.3333
0.390910390390391   3.8571   2.6293   0   10.3333
0.400933733733734   3.8571   2.6293   0   10.3333
0.410957077077078   3.8571   2.6293   0   10.3333
0.420980420420421   3.8571   2.6293   0   10.3333
0.431003763763764   3.8571   2.6293   0   10.3333
0.441027107107108   3.8571   2.6293   0   10.3333
0.451050450450451   3.8571   2.6293   0   10.3333
0.461073793793794   3.8571   2.6293   0   10.3333
0.471097137137138   3.8571   2.6293   0   10.3333
0.481120480480481   3.8571   2.6293   0   10.3333
0.491143823823825   3.8571   2.6293   0   10.3333
0.501167167167168   3.8571   2.6293   0   10.3333
0.511190510510511   3.8571   2.6293   0   10.3333
0.521213853853855   3.8571   2.6293   0   10.3333
0.531237197197198   3.8571   2.6293   0   10.3333
0.541260540540541   3.8571   2.6293   -1.71079819864895e-16   10.3333
0.551283883883884   3.8571   2.6293   -4.57825007449124e-16   10.3333
0.561307227227228   3.85709999999998   2.62930000000001   -7.67017479793181e-16   10.3332999999999
0.571330570570571   3.85709999999995   2.62930000000003   -6.04382417031014e-16   10.3332999999997
0.581353913913914   3.85709999999987   2.62930000000008   -1.70374099776385e-16   10.3332999999994
0.591377257257258   3.85709999999972   2.62930000000016   -1.07599371760053e-16   10.3332999999988
0.601400600600601   3.85709999999943   2.62930000000034   -3.66309805427596e-16   10.3332999999974
0.611423943943944   3.85709999999883   2.6293000000007   -6.02744087346834e-16   10.3332999999947
0.621447287287288   3.85709999999764   2.6293000000014   -4.89201621111131e-16   10.3332999999894
0.631470630630631   3.8570999999953   2.62930000000278   -5.50850180906194e-16   10.333299999979
0.641493973973974   3.85709999999074   2.62930000000547   -6.42132516545476e-16   10.3332999999587
0.651517317317318   3.85709999998192   2.62930000001065   -5.42683370647333e-16   10.3332999999196
0.661540660660661   3.85709999996508   2.62930000002052   -1.95996161147285e-16   10.3332999998452
0.671564004004004   3.85709999993321   2.62930000003915   -1.45247702246912e-16   10.3332999997047
0.681587347347348   3.85709999987351   2.62930000007396   2.02685716223958e-16   10.3332999994422
0.691610690690691   3.85709999976277   2.62930000013837   6.64814325029644e-16   10.3332999989566
0.701634034034034   3.85709999955947   2.62930000025632   7.99129164849151e-16   10.3332999980676
0.711657377377378   3.85709999918998   2.62930000047015   1.1459811530691e-15   10.3332999964562
0.721680720720721   3.85709999852521   2.62930000085387   1.25277037347511e-15   10.3332999935648
0.731704064064064   3.85709999734132   2.62930000153552   1.36097174732588e-15   10.3332999884296
0.741727407407408   3.85709999525431   2.6293000027341   1.49604792727719e-15   10.3332999794016
0.751750750750751   3.85709999161264   2.62930000482019   1.47624036869455e-15   10.3332999636912
0.761774094094094   3.85709998532298   2.62930000841396   1.08904564551677e-15   10.3332999366311
0.771797437437437   3.85709997457077   2.62930001454183   8.60305936879541e-16   10.3332998904978
0.781820780780781   3.85709995637786   2.62930002488374   6.24978539324514e-16   10.3332998126526
0.791844124124124   3.85709992591076   2.6293000421586   3.2253366462859e-16   10.3332996826439
0.801867467467467   3.85709987541257   2.62930007071763   5.67806197570026e-16   10.3332994677483
0.811890810810811   3.85709979257494   2.62930011744568   4.11389476802931e-16   10.3332991161971
0.821914154154154   3.8570996580887   2.62930019311316   4.17616145578137e-16   10.3332985470208
0.831937497497497   3.85709944200704   2.62930031437653   6.70408933838108e-16   10.3332976350225
0.841960840840841   3.85709909841789   2.62930050669916   7.60388897712835e-16   10.3332961888442
0.851984184184184   3.85709855774553   2.6293008085577   8.82860800735557e-16   10.3332939193869
0.862007527527527   3.85709771578076   2.62930127741503   7.54264366245867e-16   10.3332903949762
0.872030870870871   3.85709641827098   2.62930199808131   8.70783942930714e-16   10.333284978618
0.882054214214214   3.85709443958725   2.62930309424667   1.27164222315763e-15   10.3332767414733
0.892077557557557   3.85709145363179   2.62930474415038   1.5145999841637e-15   10.3332643453256
0.902100900900901   3.85708699477237   2.62930720154105   1.99522060646362e-15   10.3332458854031
0.912124244244244   3.85708040621681   2.6293108232661   2.5504750989966e-15   10.3332186835417
0.922147587587587   3.85707077291215   2.62931610498433   2.77925987422656e-15   10.3331790205287
0.932170930930931   3.85705683582695   2.62932372659145   3.09317806929561e-15   10.3331217957564
0.942194274274274   3.85703688442316   2.62933460894771   3.4625639090578e-15   10.3330401023467
0.952217617617617   3.85700862433448   2.62934998335397   3.56013177424251e-15   10.3329247070047
0.96224096096096   3.85696901783595   2.6293714748893   3.97201527851245e-15   10.3327634264007
0.972264304304304   3.85691409571088   2.62940120015335   4.30137865658629e-15   10.3325403961993
0.982287647647647   3.85683874067785   2.62944187911253   4.3580704719096e-15   10.3322352352619
0.99231099099099   3.8567364446832   2.62949695961023   4.40280249092144e-15   10.3318221161752
1.00233433433433   3.8565990450931   2.62957075167762   4.47355909775123e-15   10.3312687640634
1.01235767767768   3.85641644806201   2.62966856711875   4.28881882910851e-15   10.3305354182709
1.02238102102102   3.85617635095039   2.62979685803554   3.79140022458746e-15   10.3295738052621
1.03240436436436   3.8558639793541   2.62996334614621   3.49171922696312e-15   10.3283261849145
1.04242770770771   3.85546185773807   2.63017713312338   2.94583039723369e-15   10.326724544848
1.05245105105105   3.85494963540595   2.63044878095414   2.6078535334299e-15   10.3246900268692
1.06247439439439   3.85430399112204   2.63079035073569   2.68084671131647e-15   10.3221326742244
1.07249773773774   3.85349863968576   2.63121538857487   2.88104454898874e-15   10.3189515865173
1.08252108108108   3.85250446179021   2.63173884851189   3.42881961119229e-15   10.3150355596068
1.09254442442442   3.85128977438366   2.63237694469778   3.88874308687644e-15   10.3102642700104
1.10256776776777   3.84982075253186   2.63314692836383   4.20634116581895e-15   10.3045100376412
1.11259111111111   3.84806200574609   2.63406678923938   4.4116928111396e-15   10.2976401684691
1.12261445445445   3.84597730245347   2.63515488568813   4.69604410492272e-15   10.2895198422748
1.1326377977978   3.84353042651689   2.63642951253644   5.2388460220864e-15   10.2800154731923
1.14266114114114   3.84068614036359   2.63790841990823   5.88078237110876e-15   10.268998435766
1.15268448448449   3.83741122127339   2.63960829992875   6.42474833672385e-15   10.2563490202948
1.16270782782783   3.83367553151129   2.64154426055833   6.39793433300797e-15   10.2419604612605
1.17273117117117   3.82945307984239   2.64372930684765   6.46064894136403e-15   10.2257428736454
1.18275451451452   3.82472303180221   2.64617384950679   6.39522639809767e-15   10.2076269346722
1.19277785785786   3.81947062883467   2.64888525896158   6.07047073610802e-15   10.1875671623389
1.2028012012012   3.81368798164816   2.65186748028574   5.93521684535771e-15   10.1655446652353
1.21282454454455   3.80737471021656   2.65512072090743   5.91858314127431e-15   10.1415692677539
1.22284788788789   3.80053841095023   2.65864121920287   5.45488141487011e-15   10.1156809476497
1.23287123123123   3.79319493982422   2.66242109841281   4.92927365679667e-15   10.0879505556286
1.24289457457458   3.78536850788943   2.66644830709764   4.59650458795904e-15   10.0584798162628
1.25291791791792   3.77709159197997   2.6707066448406   4.46540579586938e-15   10.0274006337465
1.26294126126126   3.76840466815571   2.67517587025642   4.23159442546916e-15   9.9948737434117
1.27296460460461   3.75935577832222   2.67983188758919   4.21619211873503e-15   9.96108676007416
1.28298794794795   3.74999994163066   2.68464700819395   3.86201734020664e-15   9.92625167765238
1.29301129129129   3.74039842197988   2.68959028380142   3.7052329472548e-15   9.8906018723743
1.30303463463464   3.73061786170248   2.69462790939258   3.54685113857481e-15   9.85438865616574
1.31305797797798   3.72072928992717   2.6997236944288   3.58666543720136e-15   9.81787741983324
1.32308132132132   3.71080701285722   2.70483960173264   3.43602070761758e-15   9.78134339995888
1.33310466466467   3.7009273929896   2.70993635312741   3.58713921200729e-15   9.74506710154454
1.34312800800801   3.69116752576134   2.71497409968726   3.68971107560156e-15   9.70932941264078
1.35315135135135   3.68160382575197   2.71991315186649   3.68423399503772e-15   9.67440645917338
1.3631746946947   3.67231054065798   2.72471476074459   3.94268345646083e-15   9.64056426877081
1.37319803803804   3.66335821971881   2.72934193620788   4.0203081153412e-15   9.60805334120944
1.38322138138138   3.65481217361467   2.7337602814068   3.82173000319498e-15   9.57710325823219
1.39324472472473   3.64673097408921   2.73793881587748   3.51322623056926e-15   9.54791750336227
1.40326806806807   3.63916505220777   2.74185075317975   3.313339006823e-15   9.52066869768639
1.41329141141141   3.63215546239915   2.74547419387675   3.15904259615739e-15   9.49549448392672
1.42331475475476   3.62573288324281   2.7487926923462   3.55710112603179e-15   9.47249430150683
1.4333380980981   3.61991692352747   2.75179565733116   3.97279950187845e-15   9.45172728350999
1.44336144144144   3.61471579216677   2.7544785520112   3.93198287804945e-15   9.43321146831685
1.45338478478479   3.6101263728218   2.75684286981793   4.16181403094268e-15   9.41692445362668
1.46340812812813   3.60613471948517   2.75889587660752   4.36302760024382e-15   9.40280553219413
1.47343147147147   3.60271696004151   2.76065012676259   5.00090963835345e-15   9.39075924508874
1.48345481481482   3.59984056419498   2.7621227783567   5.42157285211999e-15   9.38066018131988
1.49347815815816   3.59746590396008   2.7633347484298   5.6469900380807e-15   9.37235875575591
1.50350150150151   3.59554801284239   2.76430976157047   6.39479593542085e-15   9.36568762327902
1.51352484484485   3.59403843678609   2.7650733517918   6.59403858112406e-15   9.36046834590047
1.52354818818819   3.5928870674864   2.76565187835987   7.17999963570472e-15   9.35651792607926
1.53357153153154   3.59204385671704   2.76607161096813   7.65142759477703e-15   9.35365485300146
1.54359487487488   3.59146032734509   2.76635792948846   8.24771893161928e-15   9.35170437302228
1.55361821821822   3.59109081999688   2.76653467011877   8.72769235719458e-15   9.35050278087018
1.56364156156157   3.59089344061064   2.7666236350001   8.77746103503156e-15   9.34990062270163
1.57366490490491   3.59083070008787   2.7666442681277   8.80150987365142e-15   9.34976479407598
1.58368824824825   3.59086986017599   2.76661348810564   8.68170479542288e-15   9.34997959581399
1.5937115915916   3.59098301766415   2.76654565895784   8.68094698174172e-15   9.35044687206039
1.60373493493494   3.59114697099821   2.76645267421921   8.72641671339654e-15   9.35108539471803
1.61375827827828   3.59134291946588   2.7663441268099   9.00559775270068e-15   9.35182967696679
1.62378162162163   3.5915560458189   2.76622753729927   9.11069475225277e-15   9.35262839847208
1.63380496496497   3.59177502968912   2.76610861543641   9.10227016079867e-15   9.35344261028535
1.64382830830831   3.59199153271509   2.76599153352701   8.71168457560835e-15   9.3542438630928
1.65385165165166   3.5921996882062   2.76587919467667   8.98604538844066e-15   9.35501237298361
1.663874994995   3.59239561953815   2.76577348351169   9.14155636482233e-15   9.35573530821384
1.67389833833834   3.59257700314751   2.76567549129015   8.93368401811216e-15   9.35640525153304
1.68392168168169   3.59274268454114   2.76558571104345   8.84391056381444e-15   9.3570188674963
1.69394502502503   3.59289234945618   2.76550420139076   8.59226677552683e-15   9.35757578385752
1.70396836836837   3.59302624727295   2.76543071991266   7.99259175342879e-15   9.35807768091924
1.71399171171172   3.59314495990635   2.76536482849696   7.14708528564817e-15   9.35852757232801
1.72401505505506   3.59324920648318   2.76530597397686   6.25677029011265e-15   9.35892925462915
1.7340383983984   3.59333967191184   2.76525354778808   5.37371163026049e-15   9.35928690012112
1.74406174174175   3.59341684572454   2.76520692840349   5.06731918250086e-15   9.35960476733184
1.75408508508509   3.5934808561244   2.76516551007837   4.48022524816519e-15   9.35988700497917
1.76410842842843   3.59353128288492   2.76512872105657   4.20385965917033e-15   9.36013752789136
1.77413177177178   3.59356693161126   2.76509603392848   3.6680966710095e-15   9.36035994650313
1.78415511511512   3.59358555099449   2.76506697035474   3.24238040387117e-15   9.36055753480344
1.79417845845846   3.59358347430803   2.76504110191541   2.63675996948099e-15   9.36073322471424
1.80420180180181   3.59355516687684   2.76501804843771   2.01099546505192e-15   9.3608896176586
1.81422514514515   3.59349266306356   2.76499747480871   1.42913792233012e-15   9.3610290064482
1.82424848848849   3.59338487999856   2.76497908699445   1.12109754647596e-15   9.36115340256369
1.83427183183184   3.5932168013712   2.76496262776269   1.52887375536788e-15   9.36126456543711
1.84429517517518   3.59296853355863   2.76494787243459   1.81119591510026e-15   9.36136403151747
1.85431851851853   3.59261424847396   2.76493462486419   1.71798888780169e-15   9.36145314176537
1.86434186186187   3.59212104275201   2.76492271375455   1.79139202197159e-15   9.36153306683716
1.87436520520521   3.59144776083976   2.76491198935778   2.03322257060512e-15   9.36160482963936
1.88438854854856   3.59054384930864   2.76490232056618   2.26514176327537e-15   9.36166932520706
1.8944118918919   3.58934832980788   2.76489359237758   2.2580888781882e-15   9.36172733802618
1.90443523523524   3.58778899655926   2.76488570370416   2.39369939561921e-15   9.36177955701091
1.91445857857859   3.58578195875032   2.76487856548844   2.44909402273716e-15   9.36182658838782
1.92448192192193   3.58323165596821   2.76487209908861   2.6257707179311e-15   9.36186896674709
1.93450526526527   3.58003147330093   2.76486623489693   2.80169031452921e-15   9.3619071645094
1.94452860860862   3.5760650696513   2.7648609111581   2.71601718395008e-15   9.3619416000363
1.95455195195196   3.57120850662308   2.76485607295823   2.57182832949071e-15   9.36197264458466
1.9645752952953   3.56533322560661   2.76485167135867   1.93320153383258e-15   9.36200062827975
1.97459863863865   3.55830986835987   2.76484766265292   1.08293419428203e-15   9.36202584525484
1.98462198198199   3.55001287395921   2.76484400772785   -5.37153808282163e-17   9.36204855808273
1.99464532532533   3.54032571655942   2.76484067151359   -6.98415207085113e-16   9.36206900160346
2.00466866866868   3.5291465793974   2.76483762250858   -1.35046556335006e-15   9.362087386236
2.01469201201202   3.51639419729306   2.76483483236873   -2.17666867518236e-15   9.36210390084651
2.02471535535536   3.50201354930509   2.76483227555095   -2.97357462193717e-15   9.36211871523461
2.03473869869871   3.48598105157513   2.76482992900305   -3.68533830370821e-15   9.36213198228894
2.04476204204205   3.46830889299205   2.76482777189316   -3.94712624264732e-15   9.36214383985586
2.05478538538539   3.44904817650796   2.76482578537256   -3.88823364818985e-15   9.36215441235888
2.06480872872874   3.42829057768028   2.76482395236719   -3.8143263369731e-15   9.36216381220145
2.07483207207208   3.40616830747032   2.76482225739328   -3.77005635362266e-15   9.36217214098157
2.08485541541542   3.38285226387677   2.76482068639368   -3.58012099980723e-15   9.36217949054354
2.09487875875877   3.35854836951811   2.76481922659164   -3.35453313129373e-15   9.36218594388936
2.10490210210211   3.33349221083888   2.76481786635962   -2.78307707401607e-15   9.36219157596956
2.11492544544545   3.30794220925155   2.7648165951009   -2.3907381178629e-15   9.36219645437146
2.1249487887888   3.28217165532428   2.76481540314224   -1.72023300167355e-15   9.36220063992052
2.13497213213214   3.2564600152523   2.76481428163607   -1.27963675474237e-15   9.36220418720855
2.14499547547548   3.2310839674938   2.76481322247117   -6.87303615888768e-16   9.36220714506074
2.15501881881883   3.20630864253529   2.76481221819061   -3.28528862474768e-16   9.36220955695181
2.16504216216217   3.18237951934325   2.76481126191633   2.02793380320104e-16   9.36221146137922
2.17506550550551   3.15951538041754   2.76481034727951   7.05381815890345e-16   9.3622128922006
2.18508884884886   3.13790264863032   2.76480946835614   1.08989229286068e-15   9.36221387893997
2.1951121921922   3.1176913306217   2.76480861960708   1.32163406030144e-15   9.36221444706595
2.20513553553555   3.098992682273   2.76480779582213   1.33102822714059e-15   9.36221461824343
2.21515887887889   3.08187860100931   2.76480699206698   8.96595071616858e-16   9.36221441055734
2.22518222222223   3.06638264625147   2.76480620363233   3.19345686246396e-16   9.36221383870439
2.23520556556558   3.0525025008025   2.76480542598303   -4.59446837721846e-17   9.36221291414316
2.24522890890892   3.04020361794943   2.76480465470462   -4.22228392122308e-16   9.3622116451833
2.25525225225226   3.02942375493013   2.76480388544189   -1.18156146710509e-15   9.36221003697857
2.26527559559561   3.02007807410502   2.76480311381985   -1.99348163223157e-15   9.3622080913552
2.27529893893895   3.01206449740807   2.76480233532909   -2.5808119688337e-15   9.36220580634696
2.28532228228229   3.0052690242967   2.7648015451414   -3.33124914015404e-15   9.36220317519159
2.29534562562564   2.99957076400566   2.76480073779082   -4.1042777694394e-15   9.36220018432068
2.30536896896898   2.99484648421011   2.76479990659647   -4.59875127550716e-15   9.36219680945046
2.31539231231232   2.99097453481249   2.76479904259157   -4.94831229828281e-15   9.36219300806872
2.32541565565567   2.98783806240005   2.76479813250875   -5.27016212392873e-15   9.36218870506329
2.33543899899901   2.98532748357661   2.76479715496298   -5.34563090253628e-15   9.36218376527733
2.34546234234235   2.98334223034393   2.76479607319325   -5.30851605254349e-15   9.36217794112799
2.3554856856857   2.98179181537822   2.76479482123488   -5.42734868181101e-15   9.3621707726439
2.36550902902904   2.98059628745297   2.76479327755279   -5.64793576880548e-15   9.36216139670631
2.37553237237238   2.97968615555026   2.76479121474478   -5.64036932168739e-15   9.36214818303155
2.38555571571573   2.97900185163572   2.76478820358016   -5.43571978090998e-15   9.36212803955943
2.39557905905907   2.97849277123779   2.76478342990776   -5.52047435697792e-15   9.36209508708466
2.40560240240241   2.97811586661019   2.76477534532677   -5.59842048524392e-15   9.3620381305367
2.41562574574576   2.97783364643438   2.76476100071374   -5.71166882762505e-15   9.36193583472426
2.4256490890891   2.97761121327097   2.76473477474334   -5.61496388553532e-15   9.36174752156694
2.43567243243244   2.9774115568573   2.76468594831485   -6.10822286687422e-15   9.36139561710436
2.44569577577579   2.9771875478533   2.76459407757733   -6.66576876234791e-15   9.3607321782298
2.45571911911913   2.9768676183754   2.76442016814314   -7.12353728790567e-15   9.35947508129258
2.46574246246247   2.97632935781955   2.76408984165868   -7.27691906790824e-15   9.35708645073029
2.47576580580582   2.97535004011007   2.76346123386104   -7.72722685125125e-15   9.35254131202685
2.48578914914916   2.9735132956945   2.76226379026485   -8.02555945062328e-15   9.34388830669802
2.4958124924925   2.97003291887562   2.75998163068624   -8.42321959119235e-15   9.3274190568752
2.50583583583585   2.96342173767969   2.75563147823528   -8.8788799449388e-15   9.29611016149739
2.51585917917919   2.95087648560643   2.74734057911943   -8.7982836373278e-15   9.23674654928822
2.52588252252253   2.92716252524393   2.73154728463182   -8.79215933662382e-15   9.12477446645893
2.53590586586588   2.88269141547681   2.70149808021961   -8.98513900445816e-15   8.91567836024363
2.54592920920922   2.80056219779749   2.64446850520996   -8.73786778355972e-15   8.53259401233274
2.55595255255257   2.65325212614171   2.53683578070582   -8.32418900129559e-15   7.85562877855303
2.56597589589591   2.40327162584592   2.33638499599223   -7.42292972468835e-15   6.73767792545706
2.57599923923925   2.02103851995674   1.97579224971716   -5.78354655953111e-15   5.10933638348225
2.5860225825826   1.53873295982819   1.38706050896176   -3.25836857239394e-15   3.22226553220305
2.59604592592594   1.10505097397221   0.652856078937421   -9.89810780202796e-16   1.75903712376295
2.60606926926928   0.875173281674717   0.161089028777914   -1.01145310626917e-16   1.14925515277318
2.61609261261263   0.811798014735177   0.0243508644422282   -2.63520492861508e-19   1.02104983311488
2.62611595595597   0.801557676775487   0.00320146329101476   1.73528345350768e-16   1.00273218971172
2.63613929929931   0.800200325886202   0.000411684160084613   3.32859203428603e-20   1.00035067164975
2.64616264264266   0.800025683528162   5.27813341192823e-05   3.39271764636117e-25   1.00004494783598
2.656185985986   0.800003291569559   6.76438959418102e-06   2.71863666120262e-31   1.00000576027401
2.66620932932934   0.800000421822332   8.66872332962293e-07   1.81859960767899e-38   1.00000073818953
2.67623267267269   0.800000054057145   1.11090953412507e-07   9.68866235976301e-47   1.00000009460001
2.68625601601603   0.800000006927492   1.4236447897316e-08   4.06375169785176e-56   1.00000001212311
2.69627935935937   0.800000000887766   1.82441717976053e-09   1.3126676941963e-66   1.00000000155359
2.70630270270272   0.800000000113768   2.33800466689211e-10   2.97962063658725e-78   1.00000000019909
2.71632604604606   0.800000000014579   2.99612865577961e-11   4.27321799958695e-91   1.00000000002551
2.7263493893894   0.800000000001868   3.83915547215874e-12   3.46962455187695e-105   1.00000000000327
2.73637273273275   0.800000000000239   4.91653398337062e-13   -9.97399562454748e-134   1.00000000000042
2.74639607607609   0.800000000000031   6.27935266298665e-14   -2.52451650154211e-150   1.00000000000005
2.75641941941943   0.800000000000004   7.86499957598564e-15   -5.0695603508221e-168   1.00000000000001
2.76644276276278   0.8   8.69497328889872e-16   -1.35792650311512e-186   1
2.77646610610612   0.8   6.32361497362268e-17   -2.07652874357792e-206   1
2.78648944944946   0.8   0   0   1
2.79651279279281   0.8   0   0   1
2.80653613613615   0.8   0   0   1
2.81655947947949   0.8   0   0   1
2.82658282282284   0.8   0   0   1
2.83660616616618   0.8   0   0   1
2.84662950950952   0.8   0   0   1
2.85665285285287   0.8   0   0   1
2.86667619619621   0.8   0   0   1
2.87669953953955   0.8   0   0   1
2.8867228828829   0.8   0   0   1
2.89674622622624   0.8   0   0   1
2.90676956956958   0.8   0   0   1
2.91679291291293   0.8   0   0   1
2.92681625625627   0.8   0   0   1
2.93683959959962   0.8   0   0   1
2.94686294294296   0.8   0   0   1
2.9568862862863   0.8   0   0   1
2.96690962962965   0.8   0   0   1
2.97693297297299   0.8   0   0   1
2.98695631631633   0.8   0   0   1
2.99697965965968   0.8   0   0   1
3.00700300300302   0.8   0   0   1
3.01702634634636   0.8   0   0   1
3.02704968968971   0.8   0   0   1
3.03707303303305   0.8   0   0   1
3.04709637637639   0.8   0   0   1
3.05711971971974   0.8   0   0   1
3.06714306306308   0.8   0   0   1
3.07716640640642   0.8   0   0   1
3.08718974974977   0.8   0   0   1
3.09721309309311   0.8   0   0   1
3.10723643643645   0.8   0   0   1
3.1172597797798   0.8   0   0   1
3.12728312312314   0.8   0   0   1
3.13730646646648   0.8   0   0   1
3.14732980980983   0.8   0   0   1
3.15735315315317   0.8   0   0   1
3.16737649649651   0.8   0   0   1
3.17739983983986   0.8   0   0   1
3.1874231831832   0.8   0   0   1
3.19744652652654   0.8   0   0   1
3.20746986986989   0.8   0   0   1
3.21749321321323   0.8   0   0   1
3.22751655655657   0.8   0   0   1
3.23753989989992   0.8   0   0   1
3.24756324324326   0.8   0   0   1
3.2575865865866   0.8   0   0   1
3.26760992992995   0.8   0   0   1
3.27763327327329   0.8   0   0   1
3.28765661661664   0.8   0   0   1
3.29767995995998   0.8   0   0   1
3.30770330330332   0.8   0   0   1
3.31772664664667   0.8   0   0   1
3.32774998999001   0.8   0   0   1
3.33777333333335   0.8   0   0   1
3.3477966766767   0.8   0   0   1
3.35782002002004   0.8   0   0   1
3.36784336336338   0.8   0   0   1
3.37786670670673   0.8   0   0   1
3.38789005005007   0.8   0   0   1
3.39791339339341   0.8   0   0   1
3.40793673673676   0.8   0   0   1
3.4179600800801   0.8   0   0   1
3.42798342342344   0.8   0   0   1
3.43800676676679   0.8   0   0   1
3.44803011011013   0.8   0   0   1
3.45805345345347   0.8   0   0   1
3.46807679679682   0.8   0   0   1
3.47810014014016   0.8   0   0   1
3.4881234834835   0.8   0   0   1
3.49814682682685   0.8   0   0   1
3.50817017017019   0.8   0   0   1
3.51819351351353   0.8   0   0   1
3.52821685685688   0.8   0   0   1
3.53824020020022   0.8   0   0   1
3.54826354354356   0.8   0   0   1
3.55828688688691   0.8   0   0   1
3.56831023023025   0.8   0   0   1
3.57833357357359   0.8   0   0   1
3.58835691691694   0.8   0   0   1
3.59838026026028   0.8   0   0   1
3.60840360360362   0.8   0   0   1
3.61842694694697   0.8   0   0   1
3.62845029029031   0.8   0   0   1
3.63847363363366   0.8   0   0   1
3.648496976977   0.8   0   0   1
3.65852032032034   0.8   0   0   1
3.66854366366369   0.8   0   0   1
3.67856700700703   0.8   0   0   1
3.68859035035037   0.8   0   0   1
3.69861369369372   0.8   0   0   1
3.70863703703706   0.8   0   0   1
3.7186603803804   0.8   0   0   1
3.72868372372375   0.8   0   0   1
3.73870706706709   0.8   0   0   1
3.74873041041043   0.8   0   0   1
3.75875375375378   0.8   0   0   1
3.76877709709712   0.8   0   0   1
3.77880044044046   0.8   0   0   1
3.78882378378381   0.8   0   0   1
3.79884712712715   0.8   0   0   1
3.80887047047049   0.8   0   0   1
3.81889381381384   0.8   0   0   1
3.82891715715718   0.8   0   0   1
3.83894050050052   0.8   0   0   1
3.84896384384387   0.8   0   0   1
3.85898718718721   0.8   0   0   1
3.86901053053055   0.8   0   0   1
3.8790338738739   0.8   0   0   1
3.88905721721724   0.8   0   0   1
3.89908056056058   0.8   0   0   1
3.90910390390393   0.8   0   0   1
3.91912724724727   0.8   0   0   1
3.92915059059061   0.8   0   0   1
3.93917393393396   0.8   0   0   1
3.9491972772773   0.8   0   0   1
3.95922062062064   0.8   0   0   1
3.96924396396399   0.8   0   0   1
3.97926730730733   0.8   0   0   1
3.98929065065068   0.8   0   0   1
3.99931399399402   0.8   0   0   1
4.00933733733736   0.8   0   0   1
4.01936068068071   0.8   0   0   1
4.02938402402405   0.8   0   0   1
4.03940736736739   0.8   0   0   1
4.04943071071074   0.8   0   0   1
4.05945405405408   0.8   0   0   1
4.06947739739742   0.8   0   0   1
4.07950074074077   0.8   0   0   1
4.08952408408411   0.8   0   0   1
4.09954742742745   0.8   0   0   1
4.1095707707708   0.8   0   0   1
4.11959411411414   0.8   0   0   1
4.12961745745748   0.8   0   0   1
4.13964080080083   0.8   0   0   1
4.14966414414417   0.8   0   0   1
4.15968748748751   0.8   0   0   1
4.16971083083086   0.8   0   0   1
4.1797341741742   0.8   0   0   1
4.18975751751754   0.8   0   0   1
4.19978086086089   0.8   0   0   1
4.20980420420423   0.8   0   0   1
4.21982754754757   0.8   0   0   1
4.22985089089092   0.8   0   0   1
4.23987423423426   0.8   0   0   1
4.2498975775776   0.8   0   0   1
4.25992092092095   0.8   0   0   1
4.26994426426429   0.8   0   0   1
4.27996760760763   0.8   0   0   1
4.28999095095098   0.8   0   0   1
4.30001429429432   0.8   0   0   1
4.31003763763766   0.8   0   0   1
4.32006098098101   0.8   0   0   1
4.33008432432435   0.8   0   0   1
4.3401076676677   0.8   0   0   1
4.35013101101104   0.8   0   0   1
4.36015435435438   0.8   0   0   1
4.37017769769773   0.8   0   0   1
4.38020104104107   0.8   0   0   1
4.39022438438441   0.8   0   0   1
4.40024772772776   0.8   0   0   1
4.4102710710711   0.8   0   0   1
4.42029441441444   0.8   0   0   1
4.43031775775779   0.8   0   0   1
4.44034110110113   0.8   0   0   1
4.45036444444447   0.8   0   0   1
4.46038778778782   0.8   0   0   1
4.47041113113116   0.8   0   0   1
4.4804344744745   0.8   0   0   1
4.49045781781785   0.8   0   0   1
4.50048116116119   0.8   0   0   1
4.51050450450453   0.8   0   0   1
4.52052784784788   0.8   0   0   1
4.53055119119122   0.8   0   0   1
4.54057453453456   0.8   0   0   1
4.55059787787791   0.8   0   0   1
4.56062122122125   0.8   0   0   1
4.57064456456459   0.8   0   0   1
4.58066790790794   0.8   0   0   1
4.59069125125128   0.8   0   0   1
4.60071459459462   0.8   0   0   1
4.61073793793797   0.8   0   0   1
4.62076128128131   0.8   0   0   1
4.63078462462465   0.8   0   0   1
4.640807967968   0.8   0   0   1
4.65083131131134   0.8   0   0   1
4.66085465465468   0.8   0   0   1
4.67087799799803   0.8   0   0   1
4.68090134134137   0.8   0   0   1
4.69092468468472   0.8   0   0   1
4.70094802802806   0.8   0   0   1
4.7109713713714   0.8   0   0   1
4.72099471471475   0.8   0   0   1
4.73101805805809   0.8   0   0   1
4.74104140140143   0.8   0   0   1
4.75106474474478   0.8   0   0   1
4.76108808808812   0.8   0   0   1
4.77111143143146   0.8   0   0   1
4.78113477477481   0.8   0   0   1
4.79115811811815   0.8   0   0   1
4.80118146146149   0.8   0   0   1
4.81120480480484   0.8   0   0   1
4.82122814814818   0.8   0   0   1
4.83125149149152   0.8   0   0   1
4.84127483483487   0.8   0   0   1
4.85129817817821   0.8   0   0   1
4.86132152152155   0.8   0   0   1
4.8713448648649   0.8   0   0   1
4.88136820820824   0.8   0   0   1
4.89139155155158   0.8   0   0   1
4.90141489489493   0.8   0   0   1
4.91143823823827   0.8   0   0   1
4.92146158158161   0.8   0   0   1
4.93148492492496   0.8   0   0   1
4.9415082682683   0.8   0   0   1
4.95153161161164   0.8   0   0   1
4.96155495495499   0.8   0   0   1
4.97157829829833   0.8   0   0   1
4.98160164164167   0.8   0   0   1
4.99162498498502   0.8   0   0   1
5.00164832832836   0.8   0   0   1
5.0116716716717   0.8   0   0   1
5.02169501501505   0.8   0   0   1
5.03171835835839   0.8   0   0   1
5.04174170170173   0.8   0   0   1
5.05176504504508   0.8   0   0   1
5.06178838838842   0.8   0   0   1
5.07181173173177   0.8   0   0   1
5.08183507507511   0.8   0   0   1
5.09185841841845   0.8   0   0   1
5.1018817617618   0.8   0   0   1
5.11190510510514   0.8   0   0   1
5.12192844844848   0.8   0   0   1
5.13195179179183   0.8   0   0   1
5.14197513513517   0.8   0   0   1
5.15199847847851   0.8   0   0   1
5.16202182182186   0.8   0   0   1
5.1720451651652   0.8   0   0   1
5.18206850850854   0.8   0   0   1
5.19209185185189   0.8   0   0   1
5.20211519519523   0.8   0   0   1
5.21213853853857   0.8   0   0   1
5.22216188188192   0.8   0   0   1
5.23218522522526   0.8   0   0   1
5.2422085685686   0.8   0   0   1
5.25223191191195   0.8   0   0   1
5.26225525525529   0.8   0   0   1
5.27227859859863   0.8   0   0   1
5.28230194194198   0.8   0   0   1
5.29232528528532   0.8   0   0   1
5.30234862862866   0.8   0   0   1
5.31237197197201   0.8   0   0   1
5.32239531531535   0.8   0   0   1
5.33241865865869   0.8   0   0   1
5.34244200200204   0.8   0   0   1
5.35246534534538   0.8   0   0   1
5.36248868868872   0.8   0   0   1
5.37251203203207   0.8   0   0   1
5.38253537537541   0.8   0   0   1
5.39255871871875   0.8   0   0   1
5.4025820620621   0.8   0   0   1
5.41260540540544   0.8   0   0   1
5.42262874874879   0.8   0   0   1
5.43265209209213   0.8   0   0   1
5.44267543543547   0.8   0   0   1
5.45269877877882   0.8   0   0   1
5.46272212212216   0.8   0   0   1
5.4727454654655   0.8   0   0   1
5.48276880880885   0.8   0   0   1
5.49279215215219   0.8   0   0   1
5.50281549549553   0.8   0   0   1
5.51283883883888   0.8   0   0   1
5.52286218218222   0.8   0   0   1
5.53288552552556   0.8   0   0   1
5.54290886886891   0.8   0   0   1
5.55293221221225   0.8   0   0   1
5.56295555555559   0.8   0   0   1
5.57297889889894   0.8   0   0   1
5.58300224224228   0.8   0   0   1
5.59302558558562   0.8   0   0   1
5.60304892892897   0.8   0   0   1
5.61307227227231   0.8   0   0   1
5.62309561561565   0.8   0   0   1
5.633118958959   0.8   0   0   1
5.64314230230234   0.8   0   0   1
5.65316564564568   0.8   0   0   1
5.66318898898903   0.8   0   0   1
5.67321233233237   0.8   0   0   1
5.68323567567571   0.8   0   0   1
5.69325901901906   0.8   0   0   1
5.7032823623624   0.8   0   0   1
5.71330570570574   0.8   0   0   1
5.72332904904909   0.8   0   0   1
5.73335239239243   0.8   0   0   1
5.74337573573577   0.8   0   0   1
5.75339907907912   0.8   0   0   1
5.76342242242246   0.8   0   0   1
5.77344576576581   0.8   0   0   1
5.78346910910915   0.8   0   0   1
5.79349245245249   0.8   0   0   1
5.80351579579584   0.8   0   0   1
5.81353913913918   0.8   0   0   1
5.82356248248252   0.8   0   0   1
5.83358582582587   0.8   0   0   1
5.84360916916921   0.8   0   0   1
5.85363251251255   0.8   0   0   1
5.8636558558559   0.8   0   0   1
5.87367919919924   0.8   0   0   1
5.88370254254258   0.8   0   0   1
5.89372588588593   0.8   0   0   1
5.90374922922927   0.8   0   0   1
5.91377257257261   0.8   0   0   1
5.92379591591596   0.8   0   0   1
5.9338192592593   0.8   0   0   1
5.94384260260264   0.8   0   0   1
5.95386594594599   0.8   0   0   1
5.96388928928933   0.8   0   0   1
5.97391263263267   0.8   0   0   1
5.98393597597602   0.8   0   0   1
5.99395931931936   0.8   0   0   1
6.0039826626627   0.8   0   0   1
6.01400600600605   0.8   0   0   1
6.02402934934939   0.8   0   0   1
6.03405269269273   0.8   0   0   1
6.04407603603608   0.8   0   0   1
6.05409937937942   0.8   0   0   1
6.06412272272276   0.8   0   0   1
6.07414606606611   0.8   0   0   1
6.08416940940945   0.8   0   0   1
6.09419275275279   0.8   0   0   1
6.10421609609614   0.8   0   0   1
6.11423943943948   0.8   0   0   1
6.12426278278283   0.8   0   0   1
6.13428612612617   0.8   0   0   1
6.14430946946951   0.8   0   0   1
6.15433281281286   0.8   0   0   1
6.1643561561562   0.8   0   0   1
6.17437949949954   0.8   0   0   1
6.18440284284289   0.8   0   0   1
6.19442618618623   0.8   0   0   1
6.20444952952957   0.8   0   0   1
6.21447287287292   0.8   0   0   1
6.22449621621626   0.8   0   0   1
6.2345195595596   0.8   0   0   1
6.24454290290295   0.8   0   0   1
6.25456624624629   0.8   0   0   1
6.26458958958963   0.8   0   0   1
6.27461293293298   0.8   0   0   1
6.28463627627632   0.8   0   0   1
6.29465961961966   0.8   0   0   1
6.30468296296301   0.8   0   0   1
6.31470630630635   0.8   0   0   1
6.32472964964969   0.8   0   0   1
6.33475299299304   0.8   0   0   1
6.34477633633638   0.8   0   0   1
6.35479967967972   0.8   0   0   1
6.36482302302307   0.8   0   0   1
6.37484636636641   0.8   0   0   1
6.38486970970975   0.8   0   0   1
6.3948930530531   0.8   0   0   1
6.40491639639644   0.8   0   0   1
6.41493973973978   0.8   0   0   1
6.42496308308313   0.8   0   0   1
6.43498642642647   0.8   0   0   1
6.44500976976981   0.8   0   0   1
6.45503311311316   0.8   0   0   1
6.4650564564565   0.8   0   0   1
6.47507979979985   0.8   0   0   1
6.48510314314319   0.8   0   0   1
6.49512648648653   0.8   0   0   1
6.50514982982988   0.8   0   0   1
6.51517317317322   0.8   0   0   1
6.52519651651656   0.8   0   0   1
6.53521985985991   0.8   0   0   1
6.54524320320325   0.8   0   0   1
6.55526654654659   0.8   0   0   1
6.56528988988994   0.8   0   0   1
6.57531323323328   0.8   0   0   1
6.58533657657662   0.8   0   0   1
6.59535991991997   0.8   0   0   1
6.60538326326331   0.8   0   0   1
6.61540660660665   0.8   0   0   1
6.62542994995   0.8   0   0   1
6.63545329329334   0.8   0   0   1
6.64547663663668   0.8   0   0   1
6.65549997998003   0.8   0   0   1
6.66552332332337   0.8   0   0   1
6.67554666666671   0.8   0   0   1
6.68557001001006   0.8   0   0   1
6.6955933533534   0.8   0   0   1
6.70561669669674   0.8   0   0   1
6.71564004004009   0.8   0   0   1
6.72566338338343   0.8   0   0   1
6.73568672672677   0.8   0   0   1
6.74571007007012   0.8   0   0   1
6.75573341341346   0.8   0   0   1
6.7657567567568   0.8   0   0   1
6.77578010010015   0.8   0   0   1
6.78580344344349   0.8   0   0   1
6.79582678678683   0.8   0   0   1
6.80585013013018   0.8   0   0   1
6.81587347347352   0.8   0   0   1
6.82589681681686   0.8   0   0   1
6.83592016016021   0.8   0   0   1
6.84594350350355   0.8   0   0   1
6.8559668468469   0.8   0   0   1
6.86599019019024   0.8   0   0   1
6.87601353353358   0.8   0   0   1
6.88603687687693   0.8   0   0   1
6.89606022022027   0.8   0   0   1
6.90608356356361   0.8   0   0   1
6.91610690690696   0.8   0   0   1
6.9261302502503   0.8   0   0   1
6.93615359359364   0.8   0   0   1
6.94617693693699   0.8   0   0   1
6.95620028028033   0.8   0   0   1
6.96622362362367   0.8   0   0   1
6.97624696696702   0.8   0   0   1
6.98627031031036   0.8   0   0   1
6.9962936536537   0.8   0   0   1
7.00631699699705   0.8   0   0   1
7.01634034034039   0.8   0   0   1
7.02636368368373   0.8   0   0   1
7.03638702702708   0.8   0   0   1
7.04641037037042   0.8   0   0   1
7.05643371371376   0.8   0   0   1
7.06645705705711   0.8   0   0   1
7.07648040040045   0.8   0   0   1
7.08650374374379   0.8   0   0   1
7.09652708708714   0.8   0   0   1
7.10655043043048   0.8   0   0   1
7.11657377377382   0.8   0   0   1
7.12659711711717   0.8   0   0   1
7.13662046046051   0.8   0   0   1
7.14664380380385   0.8   0   0   1
7.1566671471472   0.8   0   0   1
7.16669049049054   0.8   0   0   1
7.17671383383388   0.8   0   0   1
7.18673717717723   0.8   0   0   1
7.19676052052057   0.8   0   0   1
7.20678386386392   0.8   0   0   1
7.21680720720726   0.8   0   0   1
7.2268305505506   0.8   0   0   1
7.23685389389395   0.8   0   0   1
7.24687723723729   0.8   0   0   1
7.25690058058063   0.8   0   0   1
7.26692392392398   0.8   0   0   1
7.27694726726732   0.8   0   0   1
7.28697061061066   0.8   0   0   1
7.29699395395401   0.8   0   0   1
7.30701729729735   0.8   0   0   1
7.31704064064069   0.8   0   0   1
7.32706398398404   0.8   0   0   1
7.33708732732738   0.8   0   0   1
7.34711067067072   0.8   0   0   1
7.35713401401407   0.8   0   0   1
7.36715735735741   0.8   0   0   1
7.37718070070075   0.8   0   0   1
7.3872040440441   0.8   0   0   1
7.39722738738744   0.8   0   0   1
7.40725073073078   0.8   0   0   1
7.41727407407413   0.8   0   0   1
7.42729741741747   0.8   0   0   1
7.43732076076081   0.8   0   0   1
7.44734410410416   0.8   0   0   1
7.4573674474475   0.8   0   0   1
7.46739079079084   0.8   0   0   1
7.47741413413419   0.8   0   0   1
7.48743747747753   0.8   0   0   1
7.49746082082087   0.8   0   0   1
7.50748416416422   0.8   0   0   1
7.51750750750756   0.8   0   0   1
7.5275308508509   0.8   0   0   1
7.53755419419425   0.8   0   0   1
7.54757753753759   0.8   0   0   1
7.55760088088094   0.8   0   0   1
7.56762422422428   0.8   0   0   1
7.57764756756762   0.8   0   0   1
7.58767091091097   0.8   0   0   1
7.59769425425431   0.8   0   0   1
7.60771759759765   0.8   0   0   1
7.617740940941   0.8   0   0   1
7.62776428428434   0.8   0   0   1
7.63778762762768   0.8   0   0   1
7.64781097097103   0.8   0   0   1
7.65783431431437   0.8   0   0   1
7.66785765765771   0.8   0   0   1
7.67788100100106   0.8   0   0   1
7.6879043443444   0.8   0   0   1
7.69792768768774   0.8   0   0   1
7.70795103103109   0.8   0   0   1
7.71797437437443   0.8   0   0   1
7.72799771771777   0.8   0   0   1
7.73802106106112   0.8   0   0   1
7.74804440440446   0.8   0   0   1
7.7580677477478   0.8   0   0   1
7.76809109109115   0.8   0   0   1
7.77811443443449   0.8   0   0   1
7.78813777777783   0.8   0   0   1
7.79816112112118   0.8   0   0   1
7.80818446446452   0.8   0   0   1
7.81820780780786   0.8   0   0   1
7.82823115115121   0.8   0   0   1
7.83825449449455   0.8   0   0   1
7.84827783783789   0.8   0   0   1
7.85830118118124   0.8   0   0   1
7.86832452452458   0.8   0   0   1
7.87834786786792   0.8   0   0   1
7.88837121121127   0.8   0   0   1
7.89839455455461   0.8   0   0   1
7.90841789789796   0.8   0   0   1
7.9184412412413   0.8   0   0   1
7.92846458458464   0.8   0   0   1
7.93848792792799   0.8   0   0   1
7.94851127127133   0.8   0   0   1
7.95853461461467   0.8   0   0   1
7.96855795795802   0.8   0   0   1
7.97858130130136   0.8   0   0   1
7.9886046446447   0.8   0   0   1
7.99862798798805   0.8   0   0   1
8.00865133133139   0.8   0   0   1
8.01867467467473   0.8   0   0   1
8.02869801801808   0.8   0   0   1
8.03872136136142   0.8   0   0   1
8.04874470470476   0.8   0   0   1
8.05876804804811   0.8   0   0   1
8.06879139139145   0.8   0   0   1
8.07881473473479   0.8   0   0   1
8.08883807807814   0.8   0   0   1
8.09886142142148   0.8   0   0   1
8.10888476476482   0.8   0   0   1
8.11890810810817   0.8   0   0   1
8.12893145145151   0.8   0   0   1
8.13895479479485   0.8   0   0   1
8.1489781381382   0.8   0   0   1
8.15900148148154   0.8   0   0   1
8.16902482482488   0.8   0   0   1
8.17904816816823   0.8   0   0   1
8.18907151151157   0.8   0   0   1
8.19909485485491   0.8   0   0   1
8.20911819819826   0.8   0   0   1
8.2191415415416   0.8   0   0   1
8.22916488488494   0.8   0   0   1
8.23918822822829   0.8   0   0   1
8.24921157157163   0.8   0   0   1
8.25923491491498   0.8   0   0   1
8.26925825825832   0.8   0   0   1
8.27928160160166   0.8   0   0   1
8.28930494494501   0.8   0   0   1
8.29932828828835   0.8   0   0   1
8.30935163163169   0.8   0   0   1
8.31937497497504   0.8   0   0   1
8.32939831831838   0.8   0   0   1
8.33942166166172   0.8   0   0   1
8.34944500500507   0.8   0   0   1
8.35946834834841   0.8   0   0   1
8.36949169169175   0.8   0   0   1
8.3795150350351   0.8   0   0   1
8.38953837837844   0.8   0   0   1
8.39956172172178   0.8   0   0   1
8.40958506506513   0.8   0   0   1
8.41960840840847   0.8   0   0   1
8.42963175175181   0.8   0   0   1
8.43965509509516   0.8   0   0   1
8.4496784384385   0.8   0   0   1
8.45970178178184   0.8   0   0   1
8.46972512512519   0.8   0   0   1
8.47974846846853   0.8   0   0   1
8.48977181181187   0.8   0   0   1
8.49979515515522   0.8   0   0   1
8.50981849849856   0.8   0   0   1
8.5198418418419   0.8   0   0   1
8.52986518518525   0.8   0   0   1
8.53988852852859   0.8   0   0   1
8.54991187187193   0.8   0   0   1
8.55993521521528   0.8   0   0   1
8.56995855855862   0.8   0   0   1
8.57998190190196   0.8   0   0   1
8.59000524524531   0.8   0   0   1
8.60002858858865   0.8   0   0   1
8.610051931932   0.8   0   0   1
8.62007527527534   0.8   0   0   1
8.63009861861868   0.8   0   0   1
8.64012196196203   0.8   0   0   1
8.65014530530537   0.8   0   0   1
8.66016864864871   0.8   0   0   1
8.67019199199206   0.8   0   0   1
8.6802153353354   0.8   0   0   1
8.69023867867874   0.8   0   0   1
8.70026202202209   0.8   0   0   1
8.71028536536543   0.8   0   0   1
8.72030870870877   0.8   0   0   1
8.73033205205212   0.8   0   0   1
8.74035539539546   0.8   0   0   1
8.7503787387388   0.8   0   0   1
8.76040208208215   0.8   0   0   1
8.77042542542549   0.8   0   0   1
8.78044876876883   0.8   0   0   1
8.79047211211218   0.8   0   0   1
8.80049545545552   0.8   0   0   1
8.81051879879886   0.8   0   0   1
8.82054214214221   0.8   0   0   1
8.83056548548555   0.8   0   0   1
8.84058882882889   0.8   0   0   1
8.85061217217224   0.8   0   0   1
8.86063551551558   0.8   0   0   1
8.87065885885892   0.8   0   0   1
8.88068220220227   0.8   0   0   1
8.89070554554561   0.8   0   0   1
8.90072888888895   0.8   0   0   1
8.9107522322323   0.8   0   0   1
8.92077557557564   0.8   0   0   1
8.93079891891898   0.8   0   0   1
8.94082226226233   0.8   0   0   1
8.95084560560567   0.8   0   0   1
8.96086894894901   0.8   0   0   1
8.97089229229236   0.8   0   0   1
8.9809156356357   0.8   0   0   1
8.99093897897905   0.8   0   0   1
9.00096232232239   0.8   0   0   1
9.01098566566573   0.8   0   0   1
9.02100900900908   0.8   0   0   1
9.03103235235242   0.8   0   0   1
9.04105569569576   0.8   0   0   1
9.05107903903911   0.8   0   0   1
9.06110238238245   0.8   0   0   1
9.07112572572579   0.8   0   0   1
9.08114906906914   0.8   0   0   1
9.09117241241248   0.8   0   0   1
9.10119575575582   0.8   0   0   1
9.11121909909917   0.8   0   0   1
9.12124244244251   0.8   0   0   1
9.13126578578585   0.8   0   0   1
9.1412891291292   0.8   0   0   1
9.15131247247254   0.8   0   0   1
9.16133581581588   0.8   0   0   1
9.17135915915923   0.8   0   0   1
9.18138250250257   0.8   0   0   1
9.19140584584591   0.8   0   0   1
9.20142918918926   0.8   0   0   1
9.2114525325326   0.8   0   0   1
9.22147587587594   0.8   0   0   1
9.23149921921929   0.8   0   0   1
9.24152256256263   0.8   0   0   1
9.25154590590597   0.8   0   0   1
9.26156924924932   0.8   0   0   1
9.27159259259266   0.8   0   0   1
9.281615935936   0.8   0   0   1
9.29163927927935   0.8   0   0   1
9.30166262262269   0.8   0   0   1
9.31168596596603   0.8   0   0   1
9.32170930930938   0.8   0   0   1
9.33173265265272   0.8   0   0   1
9.34175599599607   0.8   0   0   1
9.35177933933941   0.8   0   0   1
9.36180268268275   0.8   0   0   1
9.3718260260261   0.8   0   0   1
9.38184936936944   0.8   0   0   1
9.39187271271278   0.8   0   0   1
9.40189605605613   0.8   0   0   1
9.41191939939947   0.8   0   0   1
9.42194274274281   0.8   0   0   1
9.43196608608616   0.8   0   0   1
9.4419894294295   0.8   0   0   1
9.45201277277284   0.8   0   0   1
9.46203611611619   0.8   0   0   1
9.47205945945953   0.8   0   0   1
9.48208280280287   0.8   0   0   1
9.49210614614622   0.8   0   0   1
9.50212948948956   0.8   0   0   1
9.5121528328329   0.8   0   0   1
9.52217617617625   0.8   0   0   1
9.53219951951959   0.8   0   0   1
9.54222286286293   0.8   0   0   1
9.55224620620628   0.8   0   0   1
9.56226954954962   0.8   0   0   1
9.57229289289296   0.8   0   0   1
9.58231623623631   0.8   0   0   1
9.59233957957965   0.8   0   0   1
9.60236292292299   0.8   0   0   1
9.61238626626634   0.8   0   0   1
9.62240960960968   0.8   0   0   1
9.63243295295302   0.8   0   0   1
9.64245629629637   0.8   0   0   1
9.65247963963971   0.8   0   0   1
9.66250298298305   0.8   0   0   1
9.6725263263264   0.8   0   0   1
9.68254966966974   0.8   0   0   1
9.69257301301309   0.8   0   0   1
9.70259635635643   0.8   0   0   1
9.71261969969977   0.8   0   0   1
9.72264304304312   0.8   0   0   1
9.73266638638646   0.8   0   0   1
9.7426897297298   0.8   0   0   1
9.75271307307315   0.8   0   0   1
9.76273641641649   0.8   0   0   1
9.77275975975983   0.8   0   0   1
9.78278310310318   0.8   0   0   1
9.79280644644652   0.8   0   0   1
9.80282978978986   0.8   0   0   1
9.81285313313321   0.8   0   0   1
9.82287647647655   0.8   0   0   1
9.83289981981989   0.8   0   0   1
9.84292316316324   0.8   0   0   1
9.85294650650658   0.8   0   0   1
9.86296984984992   0.8   0   0   1
9.87299319319327   0.8   0   0   1
9.88301653653661   0.8   0   0   1
9.89303987987995   0.8   0   0   1
9.9030632232233   0.8   0   0   1
9.91308656656664   0.8   0   0   1
9.92310990990998   0.8   0   0   1
9.93313325325333   0.8   0   0   1
9.94315659659667   0.8   0   0   1
9.95317993994001   0.8   0   0   1
9.96320328328336   0.8   0   0   1
9.9732266266267   0.8   0   0   1
9.98324996997004   0.8   0   0   1
9.99327331331339   0.8   0   0   1
10.0032966566567   0.8   0   0   1
10.0133200000001   0.8   0   0   1
