variables = x,rho,u,v,p
0   3.8571   2.6293   0   10.3333
0.0100233433433433   3.8571   2.6293   0   10.3333
0.0200466866866867   3.8571   2.6293   0   10.3333
0.03007003003003   3.8571   2.6293   0   10.3333
0.0400933733733734   3.8571   2.6293   0   10.3333
0.0501167167167167   3.8571   2.6293   0   10.3333
0.0601400600600601   3.8571   2.6293   0   10.3333
0.0701634034034034   3.8571   2.6293   0   10.3333
0.0801867467467468   3.8571   2.6293   0   10.3333
0.0902100900900901   3.8571   2.6293   0   10.3333
0.100233433433433   3.8571   2.6293   0   10.3333
0.110256776776777   3.8571   2.6293   0   10.3333
0.12028012012012   3.8571   2.6293   0   10.3333
0.130303463463463   3.8571   2.6293   0   10.3333
0.140326806806807   3.8571   2.6293   0   10.3333
0.15035015015015   3.8571   2.6293   0   10.3333
0.160373493493494   3.8571   2.6293   0   10.3333
0.170396836836837   3.8571   2.6293   0   10.3333
0.18042018018018   3.8571   2.6293   0   10.3333
0.190443523523524   3.8571   2.6293   0   10.3333
0.200466866866867   3.8571   2.6293   0   10.3333
0.21049021021021   3.8571   2.6293   0   10.3333
0.220513553553554   3.8571   2.6293   0   10.3333
0.230536896896897   3.8571   2.6293   0   10.3333
0.24056024024024   3.8571   2.6293   0   10.3333
0.250583583583584   3.8571   2.6293   0   10.3333
0.260606926926927   3.8571   2.6293   0   10.3333
0.27063027027027   3.8571   2.6293   0   10.3333
0.280653613613614   3.8571   2.6293   0   10.3333
0.290676956956957   3.8571   2.6293   0   10.3333
0.3007003003003   3.8571   2.6293   0   10.3333
0.310723643643644   3.8571   2.6293   0   10.3333
0.320746986986987   3.8571   2.6293   0   10.3333
0.330770330330331   3.8571   2.6293   0   10.3333
0.340793673673674   3.8571   2.6293   0   10.3333
0.350817017017017   3.8571   2.6293   0   10.3333
0.360840360360361   3.8571   2.6293   0   10.3333
0.370863703703704   3.8571   2.6293   0   10.3333
0.380887047047047   3.8571   2.6293   0   10.3333
0.390910390390391   3.8571   2.6293   0   10.3333
0.400933733733734   3.8571   2.6293   0   10.3333
0.410957077077078   3.8571   2.6293   0   10.3333
0.420980420420421   3.8571   2.6293   0   10.3333
0.431003763763764   3.8571   2.6293   0   10.3333
0.441027107107108   3.8571   2.6293   0   10.3333
0.451050450450451   3.8571   2.6293   0   10.3333
0.461073793793794   3.8571   2.6293   0   10.3333
0.471097137137138   3.8571   2.6293   0   10.3333
0.481120480480481   3.8571   2.6293   0   10.3333
0.491143823823825   3.8571   2.6293   0   10.3333
0.501167167167168   3.8571   2.6293   0   10.3333
0.511190510510511   3.8571   2.6293   0   10.3333
0.521213853853855   3.8571   2.6293   0   10.3333
0.531237197197198   3.8571   2.6293   0   10.3333
0.541260540540541   3.8571   2.6293   -8.89997237909315e-17   10.3333
0.551283883883884   3.85709999999998   2.62930000000001   1.09839766358009e-17   10.3332999999999
0.561307227227228   3.85709999999994   2.62930000000004   3.41990777414426e-16   10.3332999999997
0.571330570570571   3.85709999999985   2.62930000000009   4.01624057190563e-16   10.3332999999993
0.581353913913914   3.85709999999969   2.62930000000017   4.2754817026423e-16   10.3332999999987
0.591377257257258   3.85709999999941   2.62930000000034   3.60181203304662e-16   10.3332999999974
0.601400600600601   3.8570999999989   2.62930000000063   2.59506250695363e-16   10.3332999999952
0.611423943943944   3.857099999998   2.62930000000115   -9.36743895367364e-17   10.3332999999913
0.621447287287288   3.85709999999642   2.62930000000205   -5.7201466985278e-16   10.3332999999845
0.631470630630631   3.85709999999366   2.62930000000364   -9.38243442424882e-16   10.3332999999726
0.641493973973974   3.85709999998886   2.62930000000639   -1.39515097086068e-15   10.3332999999519
0.651517317317318   3.85709999998057   2.62930000001113   -1.11808024682552e-15   10.3332999999162
0.661540660660661   3.85709999996635   2.62930000001925   -8.35565811902388e-16   10.3332999998551
0.671564004004004   3.85709999994213   2.62930000003304   -6.8261399600207e-16   10.3332999997512
0.681587347347348   3.85709999990118   2.62930000005633   -3.7975058624986e-16   10.3332999995759
0.691610690690691   3.85709999983242   2.62930000009536   3.54673740954216e-17   10.3332999992821
0.701634034034034   3.85709999971779   2.62930000016032   2.73933686498996e-16   10.3332999987933
0.711657377377378   3.85709999952806   2.62930000026764   6.90878828859893e-16   10.3332999979857
0.721680720720721   3.85709999921624   2.62930000044371   2.80342287378787e-16   10.333299996661
0.731704064064064   3.85709999870743   2.6293000007305   -1.64676157384319e-16   10.3332999945034
0.741727407407408   3.8570999978831   2.62930000119431   -7.19312472463352e-16   10.3332999910145
0.751750750750751   3.85709999655713   2.62930000193904   -1.11176133556208e-15   10.3332999854132
0.761774094094094   3.85709999443953   2.62930000312628   -1.74259992829765e-15   10.3332999764846
0.771797437437437   3.85709999108187   2.6293000050054   -2.21649994465773e-15   10.3332999623544
0.781820780780781   3.85709998579616   2.62930000795831   -2.60450367951881e-15   10.3332999401524
0.791844124124124   3.857099977535   2.62930001256525   -3.05914263257073e-15   10.3332999055182
0.801867467467467   3.85709996471623   2.62930001970108   -2.94816789336312e-15   10.3332998518784
0.811890810810811   3.85709994496852   2.62930003067445   -3.13513798983457e-15   10.3332997694015
0.821914154154154   3.85709991476569   2.62930004742761   -3.29873995106352e-15   10.3332996434976
0.831937497497497   3.85709986890546   2.62930007282039   -3.27817641506815e-15   10.3332994526868
0.841960840840841   3.85709979977346   2.62930011103051   -2.8675443126283e-15   10.3332991655947
0.851984184184184   3.85709969631337   2.62930016811221   -2.4893906754768e-15   10.3332987367596
0.862007527527527   3.85709954259908   2.62930025276926   -2.36238051281973e-15   10.3332981008333
0.872030870870871   3.85709931587384   2.62930037741385   -2.35556043853726e-15   10.3332971646355
0.882054214214214   3.85709898388268   2.6293005596039   -2.02935785135218e-15   10.3332957963729
0.892077557557557   3.85709850127872   2.62930082397477   -1.75757930886114e-15   10.3332938111512
0.902100900900901   3.85709780482913   2.62930120480985   -1.59886131239422e-15   10.3332909516972
0.912124244244244   3.85709680708385   2.62930174942721   -1.21711407631018e-15   10.3332868629672
0.922147587587587   3.85709538809949   2.62930252259538   -1.10643891707437e-15   10.3332810590427
0.932170930930931   3.85709338473392   2.62930361223071   -6.80392045935643e-16   10.3332728804262
0.942194274274274   3.85709057694646   2.6293051366692   -6.35916653043668e-16   10.3332614395457
0.952217617617617   3.85708667045874   2.62930725384517   -3.31021834275408e-16   10.3332455519801
0.96224096096096   3.85708127505804   2.62931017274492   -4.58735982413861e-16   10.3332236506565
0.972264304304304   3.85707387776529   2.62931416753055   -7.58204384395319e-16   10.3331936800645
0.982287647647647   3.8570638100554   2.62931959474327   -1.23703062649114e-15   10.333152967436
0.99231099099099   3.85705020831789   2.62932691399002   -1.59240175370074e-15   10.3330980678791
1.00233433433433   3.85703196679591   2.62933671248537   -1.9526029336657e-15   10.333024580702
1.01235767767768   3.85700768235498   2.62934973375596   -1.78638392229515e-15   10.3329269346546
1.02238102102102   3.85697559062352   2.6293669107088   -1.55931501954202e-15   10.3327981406167
1.03240436436436   3.85693349332921   2.6293894031132   -1.25461377274124e-15   10.3326295114109
1.04242770770771   3.8568786770367   2.6294186393429   -9.46596787921143e-16   10.3324103499559
1.05245105105105   3.85680782397985   2.62945636196981   -6.60392056041613e-16   10.3321276089061
1.06247439439439   3.85671691627159   2.62950467649537   -2.57648701380945e-16   10.3317655272399
1.07249773773774   3.8566011354556   2.62956610215727   3.33420470702976e-16   10.331305251896
1.08252108108108   3.85645476011362   2.62964362337134   1.20379882325326e-15   10.3307244554331
1.09254442442442   3.8562710650243   2.62974073997959   1.72475124049112e-15   10.3299969636393
1.10256776776777   3.856042226138   2.62986151410141   2.45234330927128e-15   10.3290924098797
1.11259111111111   3.85575923632696   2.63001061105532   3.31666822932439e-15   10.3279759354865
1.12261445445445   3.85541183742607   2.63019333156834   4.1866051404095e-15   10.3266079574302
1.1326377977978   3.85498847442616   2.63041563235199   5.12347959271498e-15   10.3249440255846
1.14266114114114   3.85447627775106   2.63068413213236   6.06510959705055e-15   10.3229347918656
1.15268448448449   3.85386107928548   2.63100610039975   6.58870270480909e-15   10.320526112178
1.16270782782783   3.85312746718364   2.6313894265102   6.45299593107612e-15   10.3176592993173
1.17273117117117   3.85225888346416   2.63184256732496   6.46070815300921e-15   10.3142715407091
1.18275451451452   3.85123776700259   2.63237447230478   6.65147591526222e-15   10.310296489229
1.19277785785786   3.85004574282016   2.63299448584963   6.65870187787877e-15   10.3056650285446
1.2028012012012   3.84866385661963   2.63371222764653   6.77225865214011e-15   10.3003062068162
1.21282454454455   3.84707285145092   2.63453745279861   6.98353942578724e-15   10.2941483246321
1.22284788788789   3.84525348133223   2.63547989448874   6.95741814373712e-15   10.2871201552689
1.23287123123123   3.84318685475079   2.63654909281325   6.89134031870155e-15   10.2791522683032
1.24289457457458   3.84085479935662   2.6377542141402   6.83736218229806e-15   10.2701784217722
1.25291791791792   3.83824023796195   2.63910386585001   7.08293460842399e-15   10.2601369839332
1.26294126126126   3.8353275652556   2.64060591156923   7.45451162025076e-15   10.2489723435004
1.27296460460461   3.83210301448268   2.64226729199608   7.9486973036476e-15   10.2366362672028
1.28298794794795   3.82855500372866   2.64409385614666   8.45893253826019e-15   10.2230891655668
1.29301129129129   3.8246744523417   2.64609020735168   8.83822127856912e-15   10.2083012318023
1.30303463463464   3.8204550593477   2.64825956765178   9.17888550026924e-15   10.1922534242081
1.31305797797798   3.81589353734905   2.65060366343062   9.58175978691936e-15   10.174938269167
1.32308132132132   3.81098979722146   2.65312263425581   1.00389141206545e-14   10.156360469066
1.33310466466467   3.80574708080022   2.65581496602947   9.98575124562775e-15   10.1365373068303
1.34312800800801   3.80017204054925   2.65867744874315   9.84682549196561e-15   10.1154988457125
1.35315135135135   3.7942747668235   2.66170515843373   9.748028059679e-15   10.0932879291286
1.3631746946947   3.78806876468038   2.66489146238329   9.30086086961884e-15   10.0699599903523
1.37319803803804   3.78157088321131   2.66822804621855   9.06210801251343e-15   10.045582685587
1.38322138138138   3.77480120102253   2.67170496135146   9.00914193948076e-15   10.0202353662357
1.39324472472473   3.76778287179626   2.6753106911551   9.0240021457243e-15   9.99400840712214
1.40326806806807   3.76054193383636   2.6790322343712   8.91506464077675e-15   9.96700240709893
1.41329141141141   3.75310708719565   2.68285520446973   8.80880288036972e-15   9.93932727712087
1.42331475475476   3.74550944146095   2.68676394399211   8.19139190913084e-15   9.91110122871911
1.4333380980981   3.73778223661478   2.69074165326895   8.36064965168753e-15   9.88244967319137
1.44336144144144   3.72996053868518   2.69477053326548   8.36844218536571e-15   9.85350403904749
1.45338478478479   3.72208091122813   2.69883194262925   8.12848036799287e-15   9.82440051265341
1.46340812812813   3.71418106314992   2.70290656924742   7.55667486831358e-15   9.7952787049276
1.47343147147147   3.70629947305763   2.70697461672161   7.52877068304784e-15   9.76628024567478
1.48345481481482   3.69847499030441   2.71101600609343   7.35066834402322e-15   9.73754730697121
1.49347815815816   3.69074641323955   2.71501059286939   7.45151906931512e-15   9.70922105817296
1.50350150150151   3.68315204593141   2.71893839887345   8.05613099088307e-15   9.68144005776471
1.51352484484485   3.6757292358263   2.72277985768736   8.49213511265135e-15   9.65433859146458
1.52354818818819   3.66851389642732   2.72651607143186   8.83240781208527e-15   9.6280449716892
1.53357153153154   3.66154002107002   2.73012907542835   9.1399236780643e-15   9.60267982045048
1.54359487487488   3.65483919613155   2.73360210592262   9.62554860538415e-15   9.57835436561171
1.55361821821822   3.64844012437942   2.73691986464274   9.92119338103946e-15   9.55516878860017
1.56364156156157   3.64236817143516   2.74006877262557   1.02779949591757e-14   9.53321066940429
1.57366490490491   3.63664495024532   2.74303720462758   1.06133321273575e-14   9.51255358108059
1.58368824824825   3.63128795974268   2.74581569469545   1.07707696470636e-14   9.49325589009519
1.5937115915916   3.62631029427397   2.74839710326602   1.07485495728513e-14   9.47535981968842
1.60373493493494   3.62172043963782   2.75077673662191   1.04500123793627e-14   9.45889083029732
1.61375827827828   3.61752216956783   2.75295241073117   1.01825445640744e-14   9.44385736340987
1.62378162162163   3.61371455317599   2.75492445345578   1.00348980560651e-14   9.430250982981
1.63380496496497   3.61029207934861   2.75669564175422   9.37479861377526e-15   9.41804693214375
1.64382830830831   3.60724489861722   2.75827107366621   8.62652300782517e-15   9.40720510335937
1.65385165165166   3.60455917700646   2.7596579783159   8.46662011553379e-15   9.39767139880538
1.663874994995   3.6022175502854   2.76086547061005   8.22015855678947e-15   9.38937943648206
1.67389833833834   3.60019966146157   2.76190426042736   8.04996422951178e-15   9.3822525381516
1.68392168168169   3.5984827597772   2.76278632859922   8.39494392662892e-15   9.37620591963388
1.69394502502503   3.59704233632724   2.76352458363706   8.36046164617206e-15   9.37114899365224
1.70396836836837   3.59585276999991   2.76413251382173   8.3352575219766e-15   9.36698769129548
1.71399171171172   3.59488795784526   2.76462384889937   8.50423868007041e-15   9.36362671052311
1.72401505505506   3.59412190611205   2.76501224429916   9.00306496315279e-15   9.36097160858784
1.7340383983984   3.59352926179617   2.76531099866908   9.33125074914527e-15   9.35893066877939
1.74406174174175   3.59308576921856   2.76553281285152   9.75269431120908e-15   9.35741648905344
1.75408508508509   3.59276864143143   2.76568959546179   1.0215546999467e-14   9.35634725920465
1.76410842842843   3.59255684165618   2.76579231725662   1.0613001489741e-14   9.35564771256074
1.77413177177178   3.59243127504962   2.7658509137241   1.0618231658871e-14   9.35524975617472
1.78415511511512   3.59237489552326   2.76587423297516   1.07084761766257e-14   9.35509279895706
1.79417845845846   3.59237273586414   2.76587002418702   1.07058015352412e-14   9.35512380930752
1.80420180180181   3.59241187190027   2.76584496059629   1.07146439159986e-14   9.35529714218796
1.81422514514515   3.5924813329064   2.76580469035447   1.10514096514676e-14   9.3555741802263
1.82424848848849   3.59257197093453   2.76575390838964   1.14586485369745e-14   9.35592283467677
1.83427183183184   3.59267630141979   2.76569644267839   1.14827303221363e-14   9.35631695042434
1.84429517517518   3.59278832643845   2.76563534891883   1.13392884293715e-14   9.35673565537781
1.85431851851853   3.59290335057327   2.76557300840184   1.15068959737725e-14   9.35716268925068
1.86434186186187   3.59301779766086   2.76551122480421   1.16537376111404e-14   9.35758574054629
1.87436520520521   3.59312903491921   2.76545131658686   1.19911120042149e-14   9.35799581412661
1.88438854854856   3.59323520921684   2.76539420260638   1.1805590794178e-14   9.35838664551755
1.8944118918919   3.59333509864598   2.76534047938817   1.16237819979009e-14   9.35875417242804
1.90443523523524   3.59342798116807   2.76529048923477   1.15873565664755e-14   9.35909606905355
1.91445857857859   3.59351352094452   2.76524437893591   1.13305129107942e-14   9.35941134470876
1.92448192192193   3.59359167205953   2.76520214930736   1.11613799243215e-14   9.35970000520872
1.93450526526527   3.59366259867549   2.76516369611849   1.09730205851848e-14   9.35996277315134
1.94452860860862   3.59372661021135   2.76512884318892   1.03805269143025e-14   9.36020086175469
1.95455195195196   3.59378410987056   2.76509736855889   1.01684424665696e-14   9.3604157960559
1.9645752952953   3.59383555473185   2.7650690246855   1.02093744093694e-14   9.3606092749576
1.97459863863865   3.59388142561933   2.7650435536049   1.04357822988707e-14   9.36078306768804
1.98462198198199   3.59392220505521   2.76502069794775   1.03426954791423e-14   9.36093893860716
1.99464532532533   3.59395836174033   2.76500020861418   1.0062189815135e-14   9.36107859484254
2.00466866866868   3.59399034018022   2.76498184981921   9.98635500143505e-15   9.36120365189376
2.01469201201202   3.59401855425917   2.76496540211818   9.63181148596732e-15   9.36131561303652
2.02471535535536   3.59404338374542   2.764950663922   9.53605833118397e-15   9.36141585904037
2.03473869869871   3.59406517287772   2.7649374519188   9.30670069149759e-15   9.36150564535363
2.04476204204205   3.59408423032868   2.76492560073384   8.8940753600091e-15   9.36158610448512
2.05478538538539   3.59410082995811   2.76491496208674   8.47875820913607e-15   9.3616582518146
2.06480872872874   3.59411521185698   2.76490540364235   8.15567587896168e-15   9.3617229934893
2.07483207207208   3.59412758323654   2.7648968077006   7.67152388021498e-15   9.36178113541456
2.08485541541542   3.59413811873569   2.76488906982917   7.04199939902953e-15   9.36183339262929
2.09487875875877   3.59414695969993   2.76488209751051   6.33571318502297e-15   9.36188039857895
2.10490210210211   3.59415421192574   2.76487580884962   5.72891026849266e-15   9.36192271396825
2.11492544544545   3.59415994126066   2.76487013137079   5.0069140212945e-15   9.36196083500348
2.1249487887888   3.5941641663001   2.76486500091751   4.20878273812024e-15   9.36199520092554
2.13497213213214   3.59416684722302   2.76486036066087   3.39414025651242e-15   9.36202620080008
2.14499547547548   3.5941678695592   2.76485616021499   2.85370607271882e-15   9.36205417957361
2.15501881881883   3.59416702138081   2.76485235485424   2.93521090245684e-15   9.3620794434327
2.16504216216217   3.59416396206384   2.7648489048245   3.24653643142298e-15   9.36210226451847
2.17506550550551   3.59415818037962   2.76484577473989   3.70570474191912e-15   9.36212288505672
2.18508884884886   3.59414893926675   2.76484293305565   3.79671822786572e-15   9.36214152096581
2.1951121921922   3.59413520422383   2.76484035160852   3.86725900772271e-15   9.36215836500303
2.20513553553555   3.59411555188402   2.76483800521618   4.09897950938559e-15   9.36217358950604
2.21515887887889   3.5940880550284   2.76483587132832   4.3470702276166e-15   9.36218734878185
2.22518222222223   3.59405014011944   2.76483392972229   4.36694550015767e-15   9.36219978118933
2.23520556556558   3.59399841345343   2.76483216223762   4.03006702920043e-15   9.36221101095676
2.24522890890892   3.59392845231474   2.76483055254393   4.01986830256358e-15   9.36222114977016
2.25525225225226   3.59383455814216   2.76482908593778   3.70101592496191e-15   9.3622302981637
2.26527559559561   3.59370946976603   2.76482774916454   4.2260705795056e-15   9.36223854673903
2.27529893893895   3.59354403631223   2.76482653026184   4.73076936383725e-15   9.36224597723671
2.28532228228229   3.59332685144834   2.76482541842173   4.73937441610516e-15   9.36225266347967
2.29534562562564   3.59304385329162   2.76482440386915   4.94475042254927e-15   9.3622586722055
2.30536896896898   3.5926778974951   2.76482347775436   5.18499362159072e-15   9.36226406380243
2.31539231231232   3.59220831471393   2.76482263205785   4.83656757443087e-15   9.36226889296124
2.32541565565567   3.59161046771031   2.76482185950583   4.26339065093279e-15   9.36227320925415
2.33543899899901   3.59085532759803   2.76482115349517   3.79633880581078e-15   9.36227705764954
2.34546234234235   3.58990909291136   2.76482050802656   3.43295170604554e-15   9.36228047897067
2.3554856856857   3.58873287899992   2.76481991764491   3.06381062278377e-15   9.36228351030528
2.36550902902904   3.58728250834759   2.7648193773861   2.56821239568512e-15   9.3622861853718
2.37553237237238   3.5855084344046   2.76481888272943   1.76751200677746e-15   9.36228853484723
2.38555571571573   3.58335583202122   2.76481842955496   9.21309221719421e-16   9.3622905866614
2.39557905905907   3.58076488621831   2.76481801410534   4.59574752920742e-17   9.36229236626104
2.40560240240241   3.57767130753091   2.76481763295154   -2.91818041960871e-16   9.36229389684718
2.41562574574576   3.57400709632244   2.76481728296205   -4.70352214780071e-16   9.36229519958866
2.4256490890891   3.56970157023401   2.7648169612753   -6.59277914072983e-16   9.36229629381426
2.43567243243244   3.56468265841757   2.76481666527471   -6.61902815426056e-16   9.36229719718554
2.44569577577579   3.55887845370146   2.76481639256636   -4.97354364441795e-16   9.36229792585235
2.45571911911913   3.55221899984547   2.76481614095879   -1.435441301134e-16   9.36229849459254
2.46574246246247   3.54463827623424   2.76481590844487   -7.34736160634816e-17   9.36229891693753
2.47576580580582   3.53607632756638   2.76481569318534   3.68075832854138e-16   9.36229920528478
2.48578914914916   3.52648147226556   2.76481549349405   6.68205375998702e-16   9.36229937099857
2.4958124924925   3.5158125114654   2.76481530782452   7.88382673018571e-16   9.3622994244999
2.50583583583585   3.50404085147787   2.76481513475782   6.64045029358773e-16   9.36229937534682
2.51585917917919   3.49115244752292   2.76481497299155   3.52329871703934e-16   9.36229923230573
2.52588252252253   3.47714947587507   2.76481482132981   5.76617876065241e-16   9.36229900341482
2.53590586586588   3.46205164592559   2.76481467867406   2.22302867219506e-16   9.36229869604039
2.54592920920922   3.44589707311536   2.76481454401481   2.46388129407163e-16   9.36229831692661
2.55595255255257   3.42874264807563   2.76481441642392   -9.95573816532195e-17   9.36229787223982
2.56597589589591   3.4106638560846   2.76481429504761   -6.8526122176399e-16   9.36229736760786
2.57599923923925   3.3917540232395   2.76481417909999   -1.2410744441968e-15   9.36229680815509
2.5860225825826   3.3721229904061   2.76481406785706   -1.53646536853791e-15   9.36229619853385
2.59604592592594   3.35189524167819   2.76481396065122   -1.89993268809022e-15   9.36229554295282
2.60606926926928   3.33120753927641   2.76481385686612   -2.6021144750032e-15   9.36229484520285
2.61609261261263   3.31020614004228   2.76481375593189   -3.0337521739787e-15   9.36229410868081
2.62611595595597   3.28904368853694   2.76481365732076   -3.16172721787869e-15   9.36229333641167
2.63613929929931   3.26787589702937   2.76481356054291   -3.25478661068517e-15   9.36229253106938
2.64616264264266   3.24685813243715   2.76481346514267   -3.44803789242305e-15   9.36229169499661
2.656185985986   3.22614203399836   2.76481337069491   -3.67738893839753e-15   9.36229083022378
2.66620932932934   3.20587228293273   2.76481327680172   -3.89396334583055e-15   9.36228993848733
2.67623267267269   3.18618363682103   2.76481318308936   -4.00647792748781e-15   9.36228902124743
2.68625601601603   3.16719832749822   2.76481308920527   -4.2131268944112e-15   9.3622880797052
2.69627935935937   3.14902390285014   2.76481299481547   -4.26817844912559e-15   9.36228711481924
2.70630270270272   3.13175157120523   2.76481289960192   -4.02557236319871e-15   9.36228612732173
2.71632604604606   3.11545508336613   2.76481280326023   -3.73990713583014e-15   9.36228511773364
2.7263493893894   3.1001901631301   2.76481270549737   -3.34837616001305e-15   9.36228408637936
2.73637273273275   3.08599447376668   2.76481260602963   -3.11409971976895e-15   9.36228303340023
2.74639607607609   3.07288808658656   2.76481250458051   -3.23383858520791e-15   9.36228195876712
2.75641941941943   3.06087439947599   2.76481240087897   -3.52310891926647e-15   9.36228086229187
2.76644276276278   3.04994143885202   2.76481229465746   -3.69738999174376e-15   9.36227974363742
2.77646610610612   3.04006346839007   2.76481218565029   -4.11504538648658e-15   9.36227860232661
2.78648944944946   3.0312028222623   2.76481207359185   -4.86126001753326e-15   9.36227743774945
2.79651279279281   3.02331187939077   2.76481195821498   -5.52990215781378e-15   9.36227624916893
2.80653613613615   3.01633509800401   2.76481183924933   -6.28817318135038e-15   9.36227503572529
2.81655947947949   3.01021103602485   2.7648117164197   -6.99155773502836e-15   9.36227379643856
2.82658282282284   3.00487429180438   2.76481158944443   -8.18425574015694e-15   9.36227253020964
2.83660616616618   3.00025731066406   2.76481145803373   -8.84001856028643e-15   9.36227123581961
2.84662950950952   2.9962920148061   2.76481132188792   -9.40935067030229e-15   9.36226991192737
2.85665285285287   2.99291122662641   2.76481118069567   -9.87834975436847e-15   9.36226855706551
2.86667619619621   2.99004986762005   2.76481103413208   -1.07247967909845e-14   9.36226716963425
2.87669953953955   2.98764592632442   2.76481088185651   -1.18600794335336e-14   9.36226574789286
2.8867228828829   2.98564119865311   2.76481072351017   -1.23292230634299e-14   9.36226428994799
2.89674622622624   2.98398181222925   2.76481055871303   -1.25339579593516e-14   9.36226279373728
2.90676956956958   2.98261855276856   2.76481038705983   -1.24437009688894e-14   9.36226125700497
2.91679291291293   2.98150701515372   2.76481020811422   -1.27045499366905e-14   9.36225967726419
2.92681625625627   2.98060760465981   2.76481002139949   -1.28372326433459e-14   9.36225805173444
2.93683959959962   2.9798854149958   2.76480982638314   -1.30778176569437e-14   9.36225637723342
2.94686294294296   2.97931000964522   2.76480962244944   -1.30668366386452e-14   9.36225464998302
2.9568862862863   2.97885513167738   2.76480940884965   -1.30332066869542e-14   9.3622528652527
2.96690962962965   2.97849836503286   2.76480918460959   -1.29899027559936e-14   9.36225101669436
2.97693297297299   2.97822076752573   2.76480894835599   -1.2811226233157e-14   9.36224909508982
2.98695631631633   2.97800649268824   2.76480869798839   -1.28270335056722e-14   9.36224708597955
2.99697965965968   2.97784241430427   2.76480843005629   -1.20857244737613e-14   9.36224496515886
3.00700300300302   2.97771776417208   2.76480813857466   -1.20119293779223e-14   9.3622426901077
3.01702634634636   2.97762379035741   2.76480781276807   -1.19359849735173e-14   9.36224018366563
3.02704968968971   2.97755343988223   2.76480743277166   -1.17417379569503e-14   9.36223730291569
3.03707303303305   2.97750106619701   2.76480696143474   -1.1633493340744e-14   9.36223377985612
3.04709637637639   2.97746215735098   2.76480632869063   -1.15650351196308e-14   9.36222910825856
3.05711971971974   2.97743307439595   2.76480540174666   -1.15690146762571e-14   9.36222232787877
3.06714306306308   2.97741077910134   2.76480392822643   -1.11170221321268e-14   9.3622116128702
3.07716640640642   2.97739251145184   2.76480142771876   -1.09862525911457e-14   9.36219348672067
3.08718974974977   2.97737534291075   2.76479698491331   -1.07310428862866e-14   9.36216132480357
3.09721309309311   2.97735546634487   2.76478885501475   -1.06420623879182e-14   9.36210249812319
3.10723643643645   2.97732695980498   2.76477371108437   -1.07671091329093e-14   9.36199292538102
3.1172597797798   2.97727952568238   2.76474520837644   -1.08269953359852e-14   9.36178668226524
3.12728312312314   2.97719425752276   2.76469124589944   -1.06322635358941e-14   9.36139618541944
3.13730646646648   2.97703563072282   2.76458874312238   -1.02004592801962e-14   9.36065440846097
3.14732980980983   2.97673628367745   2.76439367746232   -1.01049233256601e-14   9.35924286325315
3.15735315315317   2.97616805961921   2.76402208395753   -9.94648042904558e-15   9.35655441993464
3.16737649649651   2.97508691815443   2.76331382329588   -9.70950159950372e-15   9.35143234485612
3.17739983983986   2.97302830913422   2.761963509233   -9.42745676665642e-15   9.34167508412993
3.1874231831832   2.96910918251327   2.75938889699257   -9.85740275142375e-15   9.32310094439489
3.19744652652654   2.96165600768627   2.75448036135455   -1.00791478428861e-14   9.2877976151069
3.20746986986989   2.9475156951015   2.74512497402892   -1.03919994602728e-14   9.2209041732892
3.21749321321323   2.92081449425585   2.72730600517222   -1.06620866684128e-14   9.0949040127983
3.22751655655657   2.8708495312051   2.69341355700728   -1.09699837223691e-14   8.86024624131178
3.23753989989992   2.77895666463486   2.62913674936139   -1.09106597072369e-14   8.43253538562843
3.24756324324326   2.61542964091079   2.50802962856021   -1.02579998872008e-14   7.68400101923148
3.2575865865866   2.34203531005425   2.28342800746632   -9.07926845104682e-15   6.47001351371729
3.26760992992995   1.93546205973617   1.88396391052572   -6.94012279153233e-15   4.75958894303966
3.27763327327329   1.44763301604479   1.25250326390849   -3.82720908310259e-15   2.8922926142007
3.28765661661664   1.04454341036733   0.529379051510761   -1.04261696012076e-15   1.58248515750067
3.29767995995998   0.854586575586138   0.115837460390137   -7.23730563305903e-17   1.10496191733517
3.30770330330332   0.808117868306348   0.0167211211548837   -1.57673799743373e-17   1.01439118861437
3.31772664664667   0.801061247290223   0.00218104508402903   -1.1968338521291e-23   1.00186006424701
3.32774998999001   0.800136326249502   0.000280159882042905   -1.59121319864922e-28   1.00023861782898
3.33777333333335   0.800017475721878   3.59137491778893e-05   -1.6562575857914e-34   1.00003058328253
3.3477966766767   0.800002239627877   4.60258063416307e-06   -1.41651221328326e-41   1.00000391936141
3.35782002002004   0.800000287013245   5.89830830093439e-07   -1.06937484633051e-49   1.00000050227339
3.36784336336338   0.800000036781224   7.55877980980821e-08   -6.61165998230279e-59   1.00000006436714
3.37786670670673   0.800000004713572   9.68669641147508e-09   -4.47789751081172e-69   1.00000000824875
3.38789005005007   0.800000000604052   1.2413650205561e-09   -2.68960499299556e-80   1.00000000105709
3.39791339339341   0.80000000007741   1.59082503260606e-10   -1.44112529717991e-92   1.00000000013547
3.40793673673676   0.80000000000992   2.03862978853213e-11   -6.85562037479784e-106   1.00000000001736
3.4179600800801   0.800000000001271   2.61222220512162e-12   -2.76285862271966e-120   1.00000000000222
3.42798342342344   0.800000000000163   3.34339085516281e-13   -8.71177561741462e-136   1.00000000000028
3.43800676676679   0.800000000000021   4.24928939374445e-14   -1.90461311044142e-152   1.00000000000004
3.44803011011013   0.800000000000003   5.2641866095994e-15   -2.36339657343353e-170   1
3.45805345345347   0.8   5.53292880101679e-16   -7.76759038884261e-190   1
3.46807679679682   0.8   5.53292863293776e-17   -9.20524647196007e-210   1
3.47810014014016   0.8   0   0   1
3.4881234834835   0.8   0   0   1
3.49814682682685   0.8   0   0   1
3.50817017017019   0.8   0   0   1
3.51819351351353   0.8   0   0   1
3.52821685685688   0.8   0   0   1
3.53824020020022   0.8   0   0   1
3.54826354354356   0.8   0   0   1
3.55828688688691   0.8   0   0   1
3.56831023023025   0.8   0   0   1
3.57833357357359   0.8   0   0   1
3.58835691691694   0.8   0   0   1
3.59838026026028   0.8   0   0   1
3.60840360360362   0.8   0   0   1
3.61842694694697   0.8   0   0   1
3.62845029029031   0.8   0   0   1
3.63847363363366   0.8   0   0   1
3.648496976977   0.8   0   0   1
3.65852032032034   0.8   0   0   1
3.66854366366369   0.8   0   0   1
3.67856700700703   0.8   0   0   1
3.68859035035037   0.8   0   0   1
3.69861369369372   0.8   0   0   1
3.70863703703706   0.8   0   0   1
3.7186603803804   0.8   0   0   1
3.72868372372375   0.8   0   0   1
3.73870706706709   0.8   0   0   1
3.74873041041043   0.8   0   0   1
3.75875375375378   0.8   0   0   1
3.76877709709712   0.8   0   0   1
3.77880044044046   0.8   0   0   1
3.78882378378381   0.8   0   0   1
3.79884712712715   0.8   0   0   1
3.80887047047049   0.8   0   0   1
3.81889381381384   0.8   0   0   1
3.82891715715718   0.8   0   0   1
3.83894050050052   0.8   0   0   1
3.84896384384387   0.8   0   0   1
3.85898718718721   0.8   0   0   1
3.86901053053055   0.8   0   0   1
3.8790338738739   0.8   0   0   1
3.88905721721724   0.8   0   0   1
3.89908056056058   0.8   0   0   1
3.90910390390393   0.8   0   0   1
3.91912724724727   0.8   0   0   1
3.92915059059061   0.8   0   0   1
3.93917393393396   0.8   0   0   1
3.9491972772773   0.8   0   0   1
3.95922062062064   0.8   0   0   1
3.96924396396399   0.8   0   0   1
3.97926730730733   0.8   0   0   1
3.98929065065068   0.8   0   0   1
3.99931399399402   0.8   0   0   1
4.00933733733736   0.8   0   0   1
4.01936068068071   0.8   0   0   1
4.02938402402405   0.8   0   0   1
4.03940736736739   0.8   0   0   1
4.04943071071074   0.8   0   0   1
4.05945405405408   0.8   0   0   1
4.06947739739742   0.8   0   0   1
4.07950074074077   0.8   0   0   1
4.08952408408411   0.8   0   0   1
4.09954742742745   0.8   0   0   1
4.1095707707708   0.8   0   0   1
4.11959411411414   0.8   0   0   1
4.12961745745748   0.8   0   0   1
4.13964080080083   0.8   0   0   1
4.14966414414417   0.8   0   0   1
4.15968748748751   0.8   0   0   1
4.16971083083086   0.8   0   0   1
4.1797341741742   0.8   0   0   1
4.18975751751754   0.8   0   0   1
4.19978086086089   0.8   0   0   1
4.20980420420423   0.8   0   0   1
4.21982754754757   0.8   0   0   1
4.22985089089092   0.8   0   0   1
4.23987423423426   0.8   0   0   1
4.2498975775776   0.8   0   0   1
4.25992092092095   0.8   0   0   1
4.26994426426429   0.8   0   0   1
4.27996760760763   0.8   0   0   1
4.28999095095098   0.8   0   0   1
4.30001429429432   0.8   0   0   1
4.31003763763766   0.8   0   0   1
4.32006098098101   0.8   0   0   1
4.33008432432435   0.8   0   0   1
4.3401076676677   0.8   0   0   1
4.35013101101104   0.8   0   0   1
4.36015435435438   0.8   0   0   1
4.37017769769773   0.8   0   0   1
4.38020104104107   0.8   0   0   1
4.39022438438441   0.8   0   0   1
4.40024772772776   0.8   0   0   1
4.4102710710711   0.8   0   0   1
4.42029441441444   0.8   0   0   1
4.43031775775779   0.8   0   0   1
4.44034110110113   0.8   0   0   1
4.45036444444447   0.8   0   0   1
4.46038778778782   0.8   0   0   1
4.47041113113116   0.8   0   0   1
4.4804344744745   0.8   0   0   1
4.49045781781785   0.8   0   0   1
4.50048116116119   0.8   0   0   1
4.51050450450453   0.8   0   0   1
4.52052784784788   0.8   0   0   1
4.53055119119122   0.8   0   0   1
4.54057453453456   0.8   0   0   1
4.55059787787791   0.8   0   0   1
4.56062122122125   0.8   0   0   1
4.57064456456459   0.8   0   0   1
4.58066790790794   0.8   0   0   1
4.59069125125128   0.8   0   0   1
4.60071459459462   0.8   0   0   1
4.61073793793797   0.8   0   0   1
4.62076128128131   0.8   0   0   1
4.63078462462465   0.8   0   0   1
4.640807967968   0.8   0   0   1
4.65083131131134   0.8   0   0   1
4.66085465465468   0.8   0   0   1
4.67087799799803   0.8   0   0   1
4.68090134134137   0.8   0   0   1
4.69092468468472   0.8   0   0   1
4.70094802802806   0.8   0   0   1
4.7109713713714   0.8   0   0   1
4.72099471471475   0.8   0   0   1
4.73101805805809   0.8   0   0   1
4.74104140140143   0.8   0   0   1
4.75106474474478   0.8   0   0   1
4.76108808808812   0.8   0   0   1
4.77111143143146   0.8   0   0   1
4.78113477477481   0.8   0   0   1
4.79115811811815   0.8   0   0   1
4.80118146146149   0.8   0   0   1
4.81120480480484   0.8   0   0   1
4.82122814814818   0.8   0   0   1
4.83125149149152   0.8   0   0   1
4.84127483483487   0.8   0   0   1
4.85129817817821   0.8   0   0   1
4.86132152152155   0.8   0   0   1
4.8713448648649   0.8   0   0   1
4.88136820820824   0.8   0   0   1
4.89139155155158   0.8   0   0   1
4.90141489489493   0.8   0   0   1
4.91143823823827   0.8   0   0   1
4.92146158158161   0.8   0   0   1
4.93148492492496   0.8   0   0   1
4.9415082682683   0.8   0   0   1
4.95153161161164   0.8   0   0   1
4.96155495495499   0.8   0   0   1
4.97157829829833   0.8   0   0   1
4.98160164164167   0.8   0   0   1
4.99162498498502   0.8   0   0   1
5.00164832832836   0.8   0   0   1
5.0116716716717   0.8   0   0   1
5.02169501501505   0.8   0   0   1
5.03171835835839   0.8   0   0   1
5.04174170170173   0.8   0   0   1
5.05176504504508   0.8   0   0   1
5.06178838838842   0.8   0   0   1
5.07181173173177   0.8   0   0   1
5.08183507507511   0.8   0   0   1
5.09185841841845   0.8   0   0   1
5.1018817617618   0.8   0   0   1
5.11190510510514   0.8   0   0   1
5.12192844844848   0.8   0   0   1
5.13195179179183   0.8   0   0   1
5.14197513513517   0.8   0   0   1
5.15199847847851   0.8   0   0   1
5.16202182182186   0.8   0   0   1
5.1720451651652   0.8   0   0   1
5.18206850850854   0.8   0   0   1
5.19209185185189   0.8   0   0   1
5.20211519519523   0.8   0   0   1
5.21213853853857   0.8   0   0   1
5.22216188188192   0.8   0   0   1
5.23218522522526   0.8   0   0   1
5.2422085685686   0.8   0   0   1
5.25223191191195   0.8   0   0   1
5.26225525525529   0.8   0   0   1
5.27227859859863   0.8   0   0   1
5.28230194194198   0.8   0   0   1
5.29232528528532   0.8   0   0   1
5.30234862862866   0.8   0   0   1
5.31237197197201   0.8   0   0   1
5.32239531531535   0.8   0   0   1
5.33241865865869   0.8   0   0   1
5.34244200200204   0.8   0   0   1
5.35246534534538   0.8   0   0   1
5.36248868868872   0.8   0   0   1
5.37251203203207   0.8   0   0   1
5.38253537537541   0.8   0   0   1
5.39255871871875   0.8   0   0   1
5.4025820620621   0.8   0   0   1
5.41260540540544   0.8   0   0   1
5.42262874874879   0.8   0   0   1
5.43265209209213   0.8   0   0   1
5.44267543543547   0.8   0   0   1
5.45269877877882   0.8   0   0   1
5.46272212212216   0.8   0   0   1
5.4727454654655   0.8   0   0   1
5.48276880880885   0.8   0   0   1
5.49279215215219   0.8   0   0   1
5.50281549549553   0.8   0   0   1
5.51283883883888   0.8   0   0   1
5.52286218218222   0.8   0   0   1
5.53288552552556   0.8   0   0   1
5.54290886886891   0.8   0   0   1
5.55293221221225   0.8   0   0   1
5.56295555555559   0.8   0   0   1
5.57297889889894   0.8   0   0   1
5.58300224224228   0.8   0   0   1
5.59302558558562   0.8   0   0   1
5.60304892892897   0.8   0   0   1
5.61307227227231   0.8   0   0   1
5.62309561561565   0.8   0   0   1
5.633118958959   0.8   0   0   1
5.64314230230234   0.8   0   0   1
5.65316564564568   0.8   0   0   1
5.66318898898903   0.8   0   0   1
5.67321233233237   0.8   0   0   1
5.68323567567571   0.8   0   0   1
5.69325901901906   0.8   0   0   1
5.7032823623624   0.8   0   0   1
5.71330570570574   0.8   0   0   1
5.72332904904909   0.8   0   0   1
5.73335239239243   0.8   0   0   1
5.74337573573577   0.8   0   0   1
5.75339907907912   0.8   0   0   1
5.76342242242246   0.8   0   0   1
5.77344576576581   0.8   0   0   1
5.78346910910915   0.8   0   0   1
5.79349245245249   0.8   0   0   1
5.80351579579584   0.8   0   0   1
5.81353913913918   0.8   0   0   1
5.82356248248252   0.8   0   0   1
5.83358582582587   0.8   0   0   1
5.84360916916921   0.8   0   0   1
5.85363251251255   0.8   0   0   1
5.8636558558559   0.8   0   0   1
5.87367919919924   0.8   0   0   1
5.88370254254258   0.8   0   0   1
5.89372588588593   0.8   0   0   1
5.90374922922927   0.8   0   0   1
5.91377257257261   0.8   0   0   1
5.92379591591596   0.8   0   0   1
5.9338192592593   0.8   0   0   1
5.94384260260264   0.8   0   0   1
5.95386594594599   0.8   0   0   1
5.96388928928933   0.8   0   0   1
5.97391263263267   0.8   0   0   1
5.98393597597602   0.8   0   0   1
5.99395931931936   0.8   0   0   1
6.0039826626627   0.8   0   0   1
6.01400600600605   0.8   0   0   1
6.02402934934939   0.8   0   0   1
6.03405269269273   0.8   0   0   1
6.04407603603608   0.8   0   0   1
6.05409937937942   0.8   0   0   1
6.06412272272276   0.8   0   0   1
6.07414606606611   0.8   0   0   1
6.08416940940945   0.8   0   0   1
6.09419275275279   0.8   0   0   1
6.10421609609614   0.8   0   0   1
6.11423943943948   0.8   0   0   1
6.12426278278283   0.8   0   0   1
6.13428612612617   0.8   0   0   1
6.14430946946951   0.8   0   0   1
6.15433281281286   0.8   0   0   1
6.1643561561562   0.8   0   0   1
6.17437949949954   0.8   0   0   1
6.18440284284289   0.8   0   0   1
6.19442618618623   0.8   0   0   1
6.20444952952957   0.8   0   0   1
6.21447287287292   0.8   0   0   1
6.22449621621626   0.8   0   0   1
6.2345195595596   0.8   0   0   1
6.24454290290295   0.8   0   0   1
6.25456624624629   0.8   0   0   1
6.26458958958963   0.8   0   0   1
6.27461293293298   0.8   0   0   1
6.28463627627632   0.8   0   0   1
6.29465961961966   0.8   0   0   1
6.30468296296301   0.8   0   0   1
6.31470630630635   0.8   0   0   1
6.32472964964969   0.8   0   0   1
6.33475299299304   0.8   0   0   1
6.34477633633638   0.8   0   0   1
6.35479967967972   0.8   0   0   1
6.36482302302307   0.8   0   0   1
6.37484636636641   0.8   0   0   1
6.38486970970975   0.8   0   0   1
6.3948930530531   0.8   0   0   1
6.40491639639644   0.8   0   0   1
6.41493973973978   0.8   0   0   1
6.42496308308313   0.8   0   0   1
6.43498642642647   0.8   0   0   1
6.44500976976981   0.8   0   0   1
6.45503311311316   0.8   0   0   1
6.4650564564565   0.8   0   0   1
6.47507979979985   0.8   0   0   1
6.48510314314319   0.8   0   0   1
6.49512648648653   0.8   0   0   1
6.50514982982988   0.8   0   0   1
6.51517317317322   0.8   0   0   1
6.52519651651656   0.8   0   0   1
6.53521985985991   0.8   0   0   1
6.54524320320325   0.8   0   0   1
6.55526654654659   0.8   0   0   1
6.56528988988994   0.8   0   0   1
6.57531323323328   0.8   0   0   1
6.58533657657662   0.8   0   0   1
6.59535991991997   0.8   0   0   1
6.60538326326331   0.8   0   0   1
6.61540660660665   0.8   0   0   1
6.62542994995   0.8   0   0   1
6.63545329329334   0.8   0   0   1
6.64547663663668   0.8   0   0   1
6.65549997998003   0.8   0   0   1
6.66552332332337   0.8   0   0   1
6.67554666666671   0.8   0   0   1
6.68557001001006   0.8   0   0   1
6.6955933533534   0.8   0   0   1
6.70561669669674   0.8   0   0   1
6.71564004004009   0.8   0   0   1
6.72566338338343   0.8   0   0   1
6.73568672672677   0.8   0   0   1
6.74571007007012   0.8   0   0   1
6.75573341341346   0.8   0   0   1
6.7657567567568   0.8   0   0   1
6.77578010010015   0.8   0   0   1
6.78580344344349   0.8   0   0   1
6.79582678678683   0.8   0   0   1
6.80585013013018   0.8   0   0   1
6.81587347347352   0.8   0   0   1
6.82589681681686   0.8   0   0   1
6.83592016016021   0.8   0   0   1
6.84594350350355   0.8   0   0   1
6.8559668468469   0.8   0   0   1
6.86599019019024   0.8   0   0   1
6.87601353353358   0.8   0   0   1
6.88603687687693   0.8   0   0   1
6.89606022022027   0.8   0   0   1
6.90608356356361   0.8   0   0   1
6.91610690690696   0.8   0   0   1
6.9261302502503   0.8   0   0   1
6.93615359359364   0.8   0   0   1
6.94617693693699   0.8   0   0   1
6.95620028028033   0.8   0   0   1
6.96622362362367   0.8   0   0   1
6.97624696696702   0.8   0   0   1
6.98627031031036   0.8   0   0   1
6.9962936536537   0.8   0   0   1
7.00631699699705   0.8   0   0   1
7.01634034034039   0.8   0   0   1
7.02636368368373   0.8   0   0   1
7.03638702702708   0.8   0   0   1
7.04641037037042   0.8   0   0   1
7.05643371371376   0.8   0   0   1
7.06645705705711   0.8   0   0   1
7.07648040040045   0.8   0   0   1
7.08650374374379   0.8   0   0   1
7.09652708708714   0.8   0   0   1
7.10655043043048   0.8   0   0   1
7.11657377377382   0.8   0   0   1
7.12659711711717   0.8   0   0   1
7.13662046046051   0.8   0   0   1
7.14664380380385   0.8   0   0   1
7.1566671471472   0.8   0   0   1
7.16669049049054   0.8   0   0   1
7.17671383383388   0.8   0   0   1
7.18673717717723   0.8   0   0   1
7.19676052052057   0.8   0   0   1
7.20678386386392   0.8   0   0   1
7.21680720720726   0.8   0   0   1
7.2268305505506   0.8   0   0   1
7.23685389389395   0.8   0   0   1
7.24687723723729   0.8   0   0   1
7.25690058058063   0.8   0   0   1
7.26692392392398   0.8   0   0   1
7.27694726726732   0.8   0   0   1
7.28697061061066   0.8   0   0   1
7.29699395395401   0.8   0   0   1
7.30701729729735   0.8   0   0   1
7.31704064064069   0.8   0   0   1
7.32706398398404   0.8   0   0   1
7.33708732732738   0.8   0   0   1
7.34711067067072   0.8   0   0   1
7.35713401401407   0.8   0   0   1
7.36715735735741   0.8   0   0   1
7.37718070070075   0.8   0   0   1
7.3872040440441   0.8   0   0   1
7.39722738738744   0.8   0   0   1
7.40725073073078   0.8   0   0   1
7.41727407407413   0.8   0   0   1
7.42729741741747   0.8   0   0   1
7.43732076076081   0.8   0   0   1
7.44734410410416   0.8   0   0   1
7.4573674474475   0.8   0   0   1
7.46739079079084   0.8   0   0   1
7.47741413413419   0.8   0   0   1
7.48743747747753   0.8   0   0   1
7.49746082082087   0.8   0   0   1
7.50748416416422   0.8   0   0   1
7.51750750750756   0.8   0   0   1
7.5275308508509   0.8   0   0   1
7.53755419419425   0.8   0   0   1
7.54757753753759   0.8   0   0   1
7.55760088088094   0.8   0   0   1
7.56762422422428   0.8   0   0   1
7.57764756756762   0.8   0   0   1
7.58767091091097   0.8   0   0   1
7.59769425425431   0.8   0   0   1
7.60771759759765   0.8   0   0   1
7.617740940941   0.8   0   0   1
7.62776428428434   0.8   0   0   1
7.63778762762768   0.8   0   0   1
7.64781097097103   0.8   0   0   1
7.65783431431437   0.8   0   0   1
7.66785765765771   0.8   0   0   1
7.67788100100106   0.8   0   0   1
7.6879043443444   0.8   0   0   1
7.69792768768774   0.8   0   0   1
7.70795103103109   0.8   0   0   1
7.71797437437443   0.8   0   0   1
7.72799771771777   0.8   0   0   1
7.73802106106112   0.8   0   0   1
7.74804440440446   0.8   0   0   1
7.7580677477478   0.8   0   0   1
7.76809109109115   0.8   0   0   1
7.77811443443449   0.8   0   0   1
7.78813777777783   0.8   0   0   1
7.79816112112118   0.8   0   0   1
7.80818446446452   0.8   0   0   1
7.81820780780786   0.8   0   0   1
7.82823115115121   0.8   0   0   1
7.83825449449455   0.8   0   0   1
7.84827783783789   0.8   0   0   1
7.85830118118124   0.8   0   0   1
7.86832452452458   0.8   0   0   1
7.87834786786792   0.8   0   0   1
7.88837121121127   0.8   0   0   1
7.89839455455461   0.8   0   0   1
7.90841789789796   0.8   0   0   1
7.9184412412413   0.8   0   0   1
7.92846458458464   0.8   0   0   1
7.93848792792799   0.8   0   0   1
7.94851127127133   0.8   0   0   1
7.95853461461467   0.8   0   0   1
7.96855795795802   0.8   0   0   1
7.97858130130136   0.8   0   0   1
7.9886046446447   0.8   0   0   1
7.99862798798805   0.8   0   0   1
8.00865133133139   0.8   0   0   1
8.01867467467473   0.8   0   0   1
8.02869801801808   0.8   0   0   1
8.03872136136142   0.8   0   0   1
8.04874470470476   0.8   0   0   1
8.05876804804811   0.8   0   0   1
8.06879139139145   0.8   0   0   1
8.07881473473479   0.8   0   0   1
8.08883807807814   0.8   0   0   1
8.09886142142148   0.8   0   0   1
8.10888476476482   0.8   0   0   1
8.11890810810817   0.8   0   0   1
8.12893145145151   0.8   0   0   1
8.13895479479485   0.8   0   0   1
8.1489781381382   0.8   0   0   1
8.15900148148154   0.8   0   0   1
8.16902482482488   0.8   0   0   1
8.17904816816823   0.8   0   0   1
8.18907151151157   0.8   0   0   1
8.19909485485491   0.8   0   0   1
8.20911819819826   0.8   0   0   1
8.2191415415416   0.8   0   0   1
8.22916488488494   0.8   0   0   1
8.23918822822829   0.8   0   0   1
8.24921157157163   0.8   0   0   1
8.25923491491498   0.8   0   0   1
8.26925825825832   0.8   0   0   1
8.27928160160166   0.8   0   0   1
8.28930494494501   0.8   0   0   1
8.29932828828835   0.8   0   0   1
8.30935163163169   0.8   0   0   1
8.31937497497504   0.8   0   0   1
8.32939831831838   0.8   0   0   1
8.33942166166172   0.8   0   0   1
8.34944500500507   0.8   0   0   1
8.35946834834841   0.8   0   0   1
8.36949169169175   0.8   0   0   1
8.3795150350351   0.8   0   0   1
8.38953837837844   0.8   0   0   1
8.39956172172178   0.8   0   0   1
8.40958506506513   0.8   0   0   1
8.41960840840847   0.8   0   0   1
8.42963175175181   0.8   0   0   1
8.43965509509516   0.8   0   0   1
8.4496784384385   0.8   0   0   1
8.45970178178184   0.8   0   0   1
8.46972512512519   0.8   0   0   1
8.47974846846853   0.8   0   0   1
8.48977181181187   0.8   0   0   1
8.49979515515522   0.8   0   0   1
8.50981849849856   0.8   0   0   1
8.5198418418419   0.8   0   0   1
8.52986518518525   0.8   0   0   1
8.53988852852859   0.8   0   0   1
8.54991187187193   0.8   0   0   1
8.55993521521528   0.8   0   0   1
8.56995855855862   0.8   0   0   1
8.57998190190196   0.8   0   0   1
8.59000524524531   0.8   0   0   1
8.60002858858865   0.8   0   0   1
8.610051931932   0.8   0   0   1
8.62007527527534   0.8   0   0   1
8.63009861861868   0.8   0   0   1
8.64012196196203   0.8   0   0   1
8.65014530530537   0.8   0   0   1
8.66016864864871   0.8   0   0   1
8.67019199199206   0.8   0   0   1
8.6802153353354   0.8   0   0   1
8.69023867867874   0.8   0   0   1
8.70026202202209   0.8   0   0   1
8.71028536536543   0.8   0   0   1
8.72030870870877   0.8   0   0   1
8.73033205205212   0.8   0   0   1
8.74035539539546   0.8   0   0   1
8.7503787387388   0.8   0   0   1
8.76040208208215   0.8   0   0   1
8.77042542542549   0.8   0   0   1
8.78044876876883   0.8   0   0   1
8.79047211211218   0.8   0   0   1
8.80049545545552   0.8   0   0   1
8.81051879879886   0.8   0   0   1
8.82054214214221   0.8   0   0   1
8.83056548548555   0.8   0   0   1
8.84058882882889   0.8   0   0   1
8.85061217217224   0.8   0   0   1
8.86063551551558   0.8   0   0   1
8.87065885885892   0.8   0   0   1
8.88068220220227   0.8   0   0   1
8.89070554554561   0.8   0   0   1
8.90072888888895   0.8   0   0   1
8.9107522322323   0.8   0   0   1
8.92077557557564   0.8   0   0   1
8.93079891891898   0.8   0   0   1
8.94082226226233   0.8   0   0   1
8.95084560560567   0.8   0   0   1
8.96086894894901   0.8   0   0   1
8.97089229229236   0.8   0   0   1
8.9809156356357   0.8   0   0   1
8.99093897897905   0.8   0   0   1
9.00096232232239   0.8   0   0   1
9.01098566566573   0.8   0   0   1
9.02100900900908   0.8   0   0   1
9.03103235235242   0.8   0   0   1
9.04105569569576   0.8   0   0   1
9.05107903903911   0.8   0   0   1
9.06110238238245   0.8   0   0   1
9.07112572572579   0.8   0   0   1
9.08114906906914   0.8   0   0   1
9.09117241241248   0.8   0   0   1
9.10119575575582   0.8   0   0   1
9.11121909909917   0.8   0   0   1
9.12124244244251   0.8   0   0   1
9.13126578578585   0.8   0   0   1
9.1412891291292   0.8   0   0   1
9.15131247247254   0.8   0   0   1
9.16133581581588   0.8   0   0   1
9.17135915915923   0.8   0   0   1
9.18138250250257   0.8   0   0   1
9.19140584584591   0.8   0   0   1
9.20142918918926   0.8   0   0   1
9.2114525325326   0.8   0   0   1
9.22147587587594   0.8   0   0   1
9.23149921921929   0.8   0   0   1
9.24152256256263   0.8   0   0   1
9.25154590590597   0.8   0   0   1
9.26156924924932   0.8   0   0   1
9.27159259259266   0.8   0   0   1
9.281615935936   0.8   0   0   1
9.29163927927935   0.8   0   0   1
9.30166262262269   0.8   0   0   1
9.31168596596603   0.8   0   0   1
9.32170930930938   0.8   0   0   1
9.33173265265272   0.8   0   0   1
9.34175599599607   0.8   0   0   1
9.35177933933941   0.8   0   0   1
9.36180268268275   0.8   0   0   1
9.3718260260261   0.8   0   0   1
9.38184936936944   0.8   0   0   1
9.39187271271278   0.8   0   0   1
9.40189605605613   0.8   0   0   1
9.41191939939947   0.8   0   0   1
9.42194274274281   0.8   0   0   1
9.43196608608616   0.8   0   0   1
9.4419894294295   0.8   0   0   1
9.45201277277284   0.8   0   0   1
9.46203611611619   0.8   0   0   1
9.47205945945953   0.8   0   0   1
9.48208280280287   0.8   0   0   1
9.49210614614622   0.8   0   0   1
9.50212948948956   0.8   0   0   1
9.5121528328329   0.8   0   0   1
9.52217617617625   0.8   0   0   1
9.53219951951959   0.8   0   0   1
9.54222286286293   0.8   0   0   1
9.55224620620628   0.8   0   0   1
9.56226954954962   0.8   0   0   1
9.57229289289296   0.8   0   0   1
9.58231623623631   0.8   0   0   1
9.59233957957965   0.8   0   0   1
9.60236292292299   0.8   0   0   1
9.61238626626634   0.8   0   0   1
9.62240960960968   0.8   0   0   1
9.63243295295302   0.8   0   0   1
9.64245629629637   0.8   0   0   1
9.65247963963971   0.8   0   0   1
9.66250298298305   0.8   0   0   1
9.6725263263264   0.8   0   0   1
9.68254966966974   0.8   0   0   1
9.69257301301309   0.8   0   0   1
9.70259635635643   0.8   0   0   1
9.71261969969977   0.8   0   0   1
9.72264304304312   0.8   0   0   1
9.73266638638646   0.8   0   0   1
9.7426897297298   0.8   0   0   1
9.75271307307315   0.8   0   0   1
9.76273641641649   0.8   0   0   1
9.77275975975983   0.8   0   0   1
9.78278310310318   0.8   0   0   1
9.79280644644652   0.8   0   0   1
9.80282978978986   0.8   0   0   1
9.81285313313321   0.8   0   0   1
9.82287647647655   0.8   0   0   1
9.83289981981989   0.8   0   0   1
9.84292316316324   0.8   0   0   1
9.85294650650658   0.8   0   0   1
9.86296984984992   0.8   0   0   1
9.87299319319327   0.8   0   0   1
9.88301653653661   0.8   0   0   1
9.89303987987995   0.8   0   0   1
9.9030632232233   0.8   0   0   1
9.91308656656664   0.8   0   0   1
9.92310990990998   0.8   0   0   1
9.93313325325333   0.8   0   0   1
9.94315659659667   0.8   0   0   1
9.95317993994001   0.8   0   0   1
9.96320328328336   0.8   0   0   1
9.9732266266267   0.8   0   0   1
9.98324996997004   0.8   0   0   1
9.99327331331339   0.8   0   0   1
10.0032966566567   0.8   0   0   1
10.0133200000001   0.8   0   0   1
