variables = x,rho,u,v,p
0   3.8571   2.6293   0   10.3333
0.0100233433433433   3.8571   2.6293   0   10.3333
0.0200466866866867   3.8571   2.6293   0   10.3333
0.03007003003003   3.8571   2.6293   0   10.3333
0.0400933733733734   3.8571   2.6293   0   10.3333
0.0501167167167167   3.8571   2.6293   0   10.3333
0.0601400600600601   3.8571   2.6293   0   10.3333
0.0701634034034034   3.8571   2.6293   0   10.3333
0.0801867467467468   3.8571   2.6293   0   10.3333
0.0902100900900901   3.8571   2.6293   0   10.3333
0.100233433433433   3.8571   2.6293   0   10.3333
0.110256776776777   3.8571   2.6293   0   10.3333
0.12028012012012   3.8571   2.6293   0   10.3333
0.130303463463463   3.8571   2.6293   0   10.3333
0.140326806806807   3.8571   2.6293   0   10.3333
0.15035015015015   3.8571   2.6293   0   10.3333
0.160373493493494   3.8571   2.6293   0   10.3333
0.170396836836837   3.8571   2.6293   0   10.3333
0.18042018018018   3.8571   2.6293   0   10.3333
0.190443523523524   3.8571   2.6293   0   10.3333
0.200466866866867   3.8571   2.6293   0   10.3333
0.21049021021021   3.8571   2.6293   0   10.3333
0.220513553553554   3.8571   2.6293   0   10.3333
0.230536896896897   3.8571   2.6293   0   10.3333
0.24056024024024   3.8571   2.6293   0   10.3333
0.250583583583584   3.8571   2.6293   0   10.3333
0.260606926926927   3.8571   2.6293   0   10.3333
0.27063027027027   3.8571   2.6293   0   10.3333
0.280653613613614   3.8571   2.6293   0   10.3333
0.290676956956957   3.8571   2.6293   0   10.3333
0.3007003003003   3.8571   2.6293   0   10.3333
0.310723643643644   3.8571   2.6293   0   10.3333
0.320746986986987   3.8571   2.6293   0   10.3333
0.330770330330331   3.8571   2.6293   0   10.3333
0.340793673673674   3.8571   2.6293   0   10.3333
0.350817017017017   3.8571   2.6293   0   10.3333
0.360840360360361   3.8571   2.6293   0   10.3333
0.370863703703704   3.8571   2.6293   0   10.3333
0.380887047047047   3.8571   2.6293   0   10.3333
0.390910390390391   3.8571   2.6293   0   10.3333
0.400933733733734   3.8571   2.6293   0   10.3333
0.410957077077078   3.8571   2.6293   0   10.3333
0.420980420420421   3.8571   2.6293   0   10.3333
0.431003763763764   3.8571   2.6293   0   10.3333
0.441027107107108   3.8571   2.6293   0   10.3333
0.451050450450451   3.8571   2.6293   0   10.3333
0.461073793793794   3.8571   2.6293   0   10.3333
0.471097137137138   3.8571   2.6293   0   10.3333
0.481120480480481   3.8571   2.6293   0   10.3333
0.491143823823825   3.8571   2.6293   0   10.3333
0.501167167167168   3.8571   2.6293   0   10.3333
0.511190510510511   3.8571   2.6293   0   10.3333
0.521213853853855   3.8571   2.6293   0   10.3333
0.531237197197198   3.8571   2.6293   0   10.3333
0.541260540540541   3.8571   2.6293   0   10.3333
0.551283883883884   3.8571   2.6293   0   10.3333
0.561307227227228   3.85709999999999   2.6293   4.95280087930655e-17   10.3333
0.571330570570571   3.85709999999997   2.62930000000002   4.83590989160322e-16   10.3332999999999
0.581353913913914   3.85709999999993   2.62930000000004   4.75153881988173e-16   10.3332999999997
0.591377257257258   3.85709999999984   2.6293000000001   5.67412357925594e-16   10.3332999999993
0.601400600600601   3.85709999999964   2.62930000000021   3.44314539575504e-16   10.3332999999984
0.611423943943944   3.85709999999924   2.62930000000046   2.43438113313476e-16   10.3332999999965
0.621447287287288   3.8570999999984   2.62930000000096   6.19441990760707e-17   10.3332999999927
0.631470630630631   3.85709999999668   2.62930000000199   1.05236647633045e-16   10.333299999985
0.641493973973974   3.85709999999318   2.62930000000406   -2.80048534542299e-17   10.3332999999693
0.651517317317318   3.85709999998617   2.62930000000822   1.17820164418477e-16   10.3332999999379
0.661540660660661   3.85709999997227   2.62930000001645   -4.87202539351609e-17   10.3332999998758
0.671564004004004   3.85709999994497   2.62930000003255   -2.74466325344011e-16   10.3332999997543
0.681587347347348   3.85709999989199   2.62930000006371   -5.30988009129846e-17   10.3332999995192
0.691610690690691   3.85709999979028   2.62930000012337   1.8987936368721e-16   10.3332999990692
0.701634034034034   3.85709999959719   2.62930000023632   6.54674682061036e-16   10.3332999982174
0.711657377377378   3.85709999923466   2.62930000044779   9.76882660918929e-16   10.3332999966228
0.721680720720721   3.85709999856158   2.62930000083932   1.11832651603045e-15   10.3332999936712
0.731704064064064   3.85709999732585   2.62930000155613   1.35985665887644e-15   10.3332999882684
0.741727407407408   3.85709999508243   2.6293000028538   1.47181372832627e-15   10.3332999784893
0.751750750750751   3.85709999105522   2.62930000517674   1.11316303569138e-15   10.3332999609872
0.761774094094094   3.85709998390702   2.62930000928828   7.71631637541495e-16   10.3332999300149
0.771797437437437   3.8570999713619   2.62930001648369   8.09531325622675e-16   10.333299875822
0.781820780780781   3.85709994959344   2.62930002893393   7.39431884658584e-16   10.3332997820695
0.791844124124124   3.85709991224759   2.62930005023296   9.0738298239237e-16   10.3332996217143
0.801867467467467   3.85709984890327   2.62930008625688   7.91697872669588e-16   10.3332993505501
0.811890810810811   3.85709974268178   2.62930014649332   7.41532397085782e-16   10.3332988972154
0.821914154154154   3.85709956658752   2.62930024606917   2.72371698123047e-16   10.3332981479561
0.831937497497497   3.85709927798835   2.62930040879789   -4.69582181191605e-17   10.3332969237319
0.841960840840841   3.85709881041342   2.62930067169096   -2.18584578213138e-16   10.3332949463316
0.851984184184184   3.85709806154947   2.62930109153523   -3.81320981832116e-16   10.3332917889825
0.862007527527527   3.85709687594531   2.6293017543332   -3.42676415224413e-16   10.3332868054818
0.872030870870871   3.8570950204868   2.62930278863604   -2.37218668383745e-16   10.3332790301273
0.882054214214214   3.85709215018621   2.62930438406652   -2.28975790487864e-16   10.3332670387363
0.892077557557557   3.85708776126119   2.62930681661696   2.04946302359296e-16   10.3332487588801
0.902100900900901   3.85708112789663   2.62931048259677   7.13361200327793e-16   10.3332212153127
0.912124244244244   3.85707121854937   2.629315943359   1.48973264413989e-15   10.3331801946715
0.922147587587587   3.85705658725978   2.62932398310934   1.87078160404296e-15   10.333119812253
0.932170930930931   3.85703523529266   2.62933568213176   2.39260794026011e-15   10.3330319634662
0.942194274274274   3.85700443868772   2.62935250757707   2.89062835512829e-15   10.3329056440213
0.952217617617617   3.85696053811692   2.62937642347412   3.16743318982345e-15   10.3327261266211
0.96224096096096   3.85689868898781   2.62941002075712   3.46025399621133e-15   10.3324739885018
0.972264304304304   3.8568125721369   2.62945666679235   3.74854649120433e-15   10.3321239941056
0.982287647647647   3.8566940688126   2.62952067210198   3.812363892132e-15   10.3316438507141
0.99231099099099   3.85653290794445   2.62960746973929   3.9047740309002e-15   10.3309928718956
1.00233433433433   3.85631629879713   2.62972380015925   3.56086373460779e-15   10.3301206034634
1.01235767767768   3.8560285677128   2.62987789162264   3.3625661442042e-15   10.3289654880175
1.02238102102102   3.85565082327811   2.63007962343095   3.42589039511072e-15   10.3274536650845
1.03240436436436   3.85516067927272   2.63034065695052   3.67609794811492e-15   10.3254980218299
1.04242770770771   3.8545320684074   2.63067451783007   3.53064248607819e-15   10.3229976213476
1.05245105105105   3.85373518135486   2.63109661243051   2.90537866502479e-15   10.3198376386583
1.06247439439439   3.85273656421187   2.63162416258896   2.22510339241252e-15   10.3158899262252
1.07249773773774   3.8514994028241   2.6322760456211   1.86746972323514e-15   10.3110143094231
1.08252108108108   3.84998401422128   2.63307253092572   1.68941026108936e-15   10.3050606778189
1.09254442442442   3.84814855405508   2.63403491046571   1.65350285564636e-15   10.2978718919075
1.10256776776777   3.84594993518285   2.6351850273035   1.49288045292592e-15   10.289287470491
1.11259111111111   3.8433449375923   2.63654471362264   1.27361448624792e-15   10.2791479661148
1.12261445445445   3.84029147519247   2.63813515652342   1.00777119448334e-15   10.2672998807583
1.1326377977978   3.83674997216243   2.63997621559432   7.35057216187462e-16   10.2536009273253
1.14266114114114   3.83268479195328   2.64208572021293   6.20036734984044e-16   10.2379254096118
1.15268448448449   3.82806565670907   2.64447877631646   5.42793032694519e-16   10.2201694779303
1.16270782782783   3.82286899430181   2.64716711188882   5.48951233477032e-16   10.2002560208657
1.17273117117117   3.81707915425214   2.65015848781426   9.49020095210253e-16   10.1781389747563
1.18275451451452   3.81068944184898   2.65345619648366   1.02338981719689e-15   10.1538068682966
1.19277785785786   3.8037029306599   2.65705866522155   1.16053593134725e-15   10.1272854654253
1.2028012012012   3.79613302595778   2.66095917591948   1.35898323005147e-15   10.0986394198147
1.21282454454455   3.7880037639534   2.6651457068774   1.45300191617321e-15   10.0679729032911
1.22284788788789   3.77934984285562   2.66960089831363   1.8802436910138e-15   10.0354292136153
1.23287123123123   3.77021639073204   2.67430213967363   2.05738436995592e-15   10.001189400837
1.24289457457458   3.76065848137974   2.67922177490052   2.11386553870699e-15   9.96546997412759
1.25291791791792   3.75074041285373   2.68432742116547   2.33450427493099e-15   9.92851976258797
1.26294126126126   3.74053476428323   2.68958239693099   2.75780764225896e-15   9.89061600556725
1.27296460460461   3.73012124585016   2.6949462562063   3.30434634824197e-15   9.8520597434263
1.28298794794795   3.71958535530461   2.70037542689693   3.15003357441927e-15   9.81317057225877
1.29301129129129   3.70901685332051   2.70582395162175   3.26268904884432e-15   9.77428082021187
1.30303463463464   3.69850807056366   2.71124432862718   3.11119843989853e-15   9.73572920312997
1.31305797797798   3.68815206266476   2.71658844789266   3.15911124851e-15   9.69785402718802
1.32308132132132   3.67804063618917   2.7218086127733   3.34514643149802e-15   9.6609860288001
1.33310466466467   3.6682622795244   2.72685863041825   3.49723644542689e-15   9.62544097842142
1.34312800800801   3.65890004703663   2.7316949449814   3.27589795097238e-15   9.59151222351779
1.35315135135135   3.65002946170707   2.73627777703842   3.72665247894871e-15   9.55946340259804
1.3631746946947   3.64171651865988   2.74057222191261   4.09164354446147e-15   9.52952161928389
1.37319803803804   3.63401588663168   2.74454925053555   4.06212506179093e-15   9.50187141266503
1.38322138138138   3.626969413103   2.74818655105703   4.24879907347373e-15   9.47664988579765
1.39324472472473   3.620605038169   2.75146914963945   4.68140650179572e-15   9.45394334669349
1.40326806806807   3.61493620971942   2.75438975619045   5.11680271194375e-15   9.43378576702481
1.41329141141141   3.60996186713674   2.75694879570279   5.51162518150443e-15   9.41615927018079
1.42331475475476   3.60566702366992   2.75915410757966   5.67567457766463e-15   9.40099672700375
1.4333380980981   3.60202393239484   2.76102032163602   6.15421280111652e-15   9.38818637741034
1.44336144144144   3.59899377270529   2.76256794705853   6.61613934632418e-15   9.37757822881993
1.45338478478479   3.59652875013378   2.76382223559573   7.26602815353385e-15   9.36899183099717
1.46340812812813   3.59457446833738   2.76481189897485   7.88659177630053e-15   9.36222491366016
1.47343147147147   3.59307241316746   2.76556777031981   8.38464551702186e-15   9.35706231450148
1.48345481481482   3.59196238726594   2.76612149903007   8.99086982507407e-15   9.35328462860582
1.49347815815816   3.59118474909383   2.76650435873208   9.33288947374934e-15   9.35067607282583
1.50350150150151   3.59068233956325   2.76674623058328   9.49643986838489e-15   9.34903116846978
1.51352484484485   3.59040201752836   2.76687480240366   9.24952490288155e-15   9.34815998440131
1.52354818818819   3.59029576656847   2.76691500113611   8.88029105969677e-15   9.34789182984069
1.53357153153154   3.59032137438787   2.76688865496522   8.60069156868098e-15   9.34807742290293
1.54359487487488   3.59044271857247   2.7668143642519   8.05384417628893e-15   9.34858967286907
1.55361821821822   3.59062971583627   2.76670754848157   7.47316976169555e-15   9.34932329304688
1.56364156156157   3.59085800541528   2.76658062993582   6.72449589092174e-15   9.35019350461019
1.57366490490491   3.59110844151604   2.76644331326982   6.39725133494775e-15   9.35113410283552
1.58368824824825   3.59136646629643   2.76630292260302   5.82309134779421e-15   9.35209514191869
1.5937115915916   3.59162142585292   2.76616476287836   5.4718922672389e-15   9.35304046093992
1.60373493493494   3.59186587929395   2.76603247889414   5.1795417258298e-15   9.35394522956023
1.61375827827828   3.59209493713428   2.76590839250942   5.01401875635032e-15   9.3547936447079
1.62378162162163   3.59230565145912   2.76579380526666   5.07057772061459e-15   9.35557686428109
1.63380496496497   3.5924964675978   2.76568925953813   5.34755005610934e-15   9.35629122438811
1.64382830830831   3.59266673597197   2.76559475600797   5.48021875268933e-15   9.35693675481927
1.65385165165166   3.59281627353129   2.76550992877953   5.78063227311377e-15   9.35751598385719
1.663874994995   3.59294495671457   2.76543418171961   6.46900513258222e-15   9.35803300774408
1.67389833833834   3.5930523220221   2.76536679098172   6.83634429467126e-15   9.35849279106061
1.68392168168169   3.59313714592979   2.76530697919468   7.25448783381759e-15   9.35890066055685
1.69394502502503   3.59319697301204   2.76525396677248   7.23796285125261e-15   9.35926195517841
1.70396836836837   3.59322755996383   2.76520700539041   7.41471224543108e-15   9.35958179783316
1.71399171171172   3.59322220414117   2.76516539804354   7.32129489259469e-15   9.35986495873871
1.72401505505506   3.59317092890165   2.76512850938193   7.15059461982859e-15   9.36011578511809
1.7340383983984   3.59305950518912   2.76509576929314   6.91101371533766e-15   9.36033817695855
1.74406174174175   3.59286830024861   2.76506667203314   6.8098637845598e-15   9.36053559312106
1.75408508508509   3.59257096069911   2.76504077262468   5.90882829331579e-15   9.36071107606592
1.76410842842843   3.59213295868168   2.76501768175968   5.30350274602045e-15   9.36086728675753
1.77413177177178   3.59151005609176   2.76499706005826   4.41511385082294e-15   9.36100654393255
1.78415511511512   3.59064677185465   2.76497861224403   3.75528145360559e-15   9.3611308639195
1.79417845845846   3.58947496872958   2.76496208157886   2.87332181507825e-15   9.36124199867412
1.80420180180181   3.58791270618064   2.76494724474742   1.56874530828883e-15   9.36134147074027
1.81422514514515   3.58586353053122   2.76493390727757   5.35782332873159e-16   9.36143060455532
1.82424848848849   3.58321638846235   2.76492189951582   -7.67175858538833e-16   9.36151055397663
1.83427183183184   3.57984635037793   2.76491107313642   -1.87308227744676e-15   9.36158232618071
1.84429517517518   3.57561631222427   2.76490129814064   -2.99203065423718e-15   9.36164680223528
1.85431851851853   3.57037980523639   2.76489246029294   -3.60539983281334e-15   9.36170475470983
1.86434186186187   3.56398498193672   2.76488445893873   -4.22167151849341e-15   9.36175686270227
1.87436520520521   3.55627976517859   2.76487720515058   -4.53400003777752e-15   9.36180372464151
1.88438854854856   3.54711804957685   2.76487062015446   -4.61956081487772e-15   9.36184586919117
1.8944118918919   3.53636673857241   2.76486463399321   -4.26835062854219e-15   9.36188376454001
1.90443523523524   3.52391329527629   2.76485918439007   -3.76067779338694e-15   9.36191782632383
1.91445857857859   3.50967339229928   2.7648542157805   -3.83221449408628e-15   9.36194842438636
1.92448192192193   3.49359817648321   2.7648496784852   -3.49194291481045e-15   9.36197588855337
1.93450526526527   3.47568062920892   2.76484552800157   -2.94216310583597e-15   9.36200051356639
1.94452860860862   3.45596050960922   2.76484172439421   -2.55090908319512e-15   9.36202256329924
1.95455195195196   3.43452742058348   2.76483823176839   -1.87005263162586e-15   9.36204227436134
1.9645752952953   3.41152163528937   2.76483501781268   -1.41225495769826e-15   9.3620598591767
1.97459863863865   3.38713245901384   2.76483205339953   -8.02783597946297e-16   9.36207550861476
1.98462198198199   3.36159406747714   2.76482931223417   -1.89969459369632e-16   9.36208939423922
1.99464532532533   3.33517894338364   2.76482677054409   2.19083918012425e-16   9.36210167023248
2.00466866866868   3.30818921178627   2.76482440680258   2.884929200048e-16   9.36211247504581
2.01469201201202   3.28094633453953   2.76482220148103   4.46936276835269e-17   9.36212193281911
2.02471535535536   3.25377974929478   2.76482013682582   -1.83374186571245e-16   9.36213015460846
2.03473869869871   3.22701511703303   2.76481819665616   -4.21370486339158e-16   9.36213723945342
2.04476204204205   3.20096286671672   2.76481636618012   -5.21078474204707e-16   9.36214327531182
2.05478538538539   3.17590769455334   2.76481463182624   -6.27976713840025e-16   9.36214833988332
2.06480872872874   3.15209959258255   2.76481298108864   -7.87389085723258e-16   9.36215250133806
2.07483207207208   3.12974685591438   2.76481140238312   -1.12269897648881e-15   9.36215581895962
2.08485541541542   3.10901136295435   2.76480988491174   -1.38749550588535e-15   9.36215834370339
2.09487875875877   3.0900062536367   2.76480841853173   -1.40353343661066e-15   9.36216011865839
2.10490210210211   3.07279596282682   2.76480699362273   -1.34315891866621e-15   9.36216117938057
2.11492544544545   3.05739841416996   2.7648056009415   -1.479291685564e-15   9.36216155402894
2.1249487887888   3.04378905556602   2.7648042314444   -1.58318596101352e-15   9.36216126316992
2.13497213213214   3.03190632921002   2.76480287604085   -1.69340140891162e-15   9.36216031898983
2.14499547547548   3.02165812059471   2.76480152520864   -1.78815718082673e-15   9.36215872341797
2.15501881881883   3.01292872167282   2.76480016833891   -1.61510780458287e-15   9.36215646420969
2.16504216216217   3.00558586948666   2.76479879255956   -1.53733584032515e-15   9.36215350717296
2.17506550550551   2.99948747612195   2.76479738055723   -1.21638409462792e-15   9.36214978106679
2.18508884884886   2.99448774016559   2.76479590648114   -9.62849605816931e-16   9.36214514853901
2.1951121921922   2.99044241452496   2.76479432817838   -7.08568993291797e-16   9.36213935043189
2.20513553553555   2.98721309122172   2.76479257241748   -6.78402729451209e-16   9.36213189925376
2.21515887887889   2.98467044204073   2.76479050671705   -7.80821900297827e-16   9.36212187560575
2.22518222222223   2.98269641693346   2.76478788559407   -7.29908458146651e-16   9.36210753934809
2.23520556556558   2.9811854422817   2.76478424797478   -6.79137191784865e-16   9.36208558714289
2.24522890890892   2.98004466950075   2.76477872138697   -8.16195418028748e-16   9.36204973510407
2.25525225225226   2.97919328715538   2.76476964825289   -1.30696306183439e-15   9.36198801360799
2.26527559559561   2.97856080174006   2.7647538727265   -1.86747192906934e-15   9.36187760501274
2.27529893893895   2.97808396544189   2.76472537987859   -2.83107621171753e-15   9.36167499423299
2.28532228228229   2.97770159022694   2.76467269933701   -3.94989023896039e-15   9.36129718001619
2.29534562562564   2.97734565626988   2.76457395204733   -4.6893497389739e-15   9.36058584267585
2.30536896896898   2.97692555392829   2.76438740157128   -5.36440411686635e-15   9.35923903459044
2.31539231231232   2.9762993365498   2.76403343198121   -5.89628680775866e-15   9.35668104562597
2.32541565565567   2.97522027437258   2.7633601788201   -6.4352311910537e-15   9.35181479657094
2.33543899899901   2.97323651272839   2.76207800379256   -6.68533307507291e-15   9.34255182626625
2.34546234234235   2.96950219021246   2.75963463244766   -7.3971425781211e-15   9.3249241007362
2.3554856856857   2.96242322988932   2.75497745023188   -8.127869453273e-15   9.29142005947686
2.36550902902904   2.94900094981703   2.74610182801433   -8.51889001121152e-15   9.22791964006157
2.37553237237238   2.92364676447277   2.72919611474352   -8.67249325172051e-15   9.1082367323536
2.38555571571573   2.87615553295595   2.69703603581939   -8.74382559730435e-15   8.88507137603091
2.39557905905907   2.78864581447115   2.63602405452455   -8.49672397067348e-15   8.47736016762997
2.40560240240241   2.63236006953095   2.52097928161355   -8.11364066466524e-15   7.76069734991533
2.41562574574576   2.36930753207918   2.30720888920086   -7.24777425054422e-15   6.58889129181761
2.4256490890891   1.97318670313636   1.92501078261966   -5.56727796658914e-15   4.91303500983251
2.43567243243244   1.48703281994634   1.31180344749269   -3.36937180123065e-15   3.03377218614359
2.44569577577579   1.06989631722944   0.581769656795353   -1.1562168040467e-15   1.65533765686071
2.45571911911913   0.862874638444229   0.133996960597772   -2.22536267951347e-16   1.1225123438887
2.46574246246247   0.809558700217363   0.0197036954034207   -1.42647245110774e-18   1.01698764021478
2.47576580580582   0.801254390666971   0.00257803685861068   -7.26132602974398e-22   1.00219922138075
2.48578914914916   0.800161207001486   0.000331291923100052   -3.0504734322411e-26   1.00028217784677
2.4958124924925   0.80002066611688   4.24702494491065e-05   -1.07709054076526e-31   1.00003616678033
2.50583583583585   0.800002648484106   5.44281082716897e-06   -3.08914694364412e-38   1.00000463486485
2.51585917917919   0.800000339404748   6.97499345950282e-07   -7.04066074332466e-46   1.0000005939586
2.52588252252253   0.80000004349463   8.93843653637939e-08   -1.24867987953689e-54   1.0000000761156
2.53590586586588   0.800000005573813   1.14545593902951e-08   -1.62998209985646e-64   1.00000000975417
2.54592920920922   0.80000000071428   1.46789299899321e-09   -1.38378902434608e-75   1.00000000124999
2.55595255255257   0.800000000091534   1.8810862941181e-10   -5.51249829277487e-88   1.00000000016018
2.56597589589591   0.80000000001173   2.41054923625643e-11   -4.64827127107532e-104   1.00000000002053
2.57599923923925   0.800000000001503   3.08862578529041e-12   -9.46394857529284e-119   1.00000000000263
2.5860225825826   0.800000000000192   3.95317917458619e-13   -5.11825381725168e-134   1.00000000000034
2.59604592592594   0.800000000000024   5.03376211961949e-14   -2.47667395901922e-150   1.00000000000004
2.60606926926928   0.800000000000003   6.21315439932355e-15   -1.01521755306438e-167   1
2.61609261261263   0.8   6.71905877995801e-16   -3.13659170438238e-186   1
2.62611595595597   0.8   5.53333964676434e-17   -5.17215360195835e-206   1
2.63613929929931   0.8   0   0   1
2.64616264264266   0.8   0   0   1
2.656185985986   0.8   0   0   1
2.66620932932934   0.8   0   0   1
2.67623267267269   0.8   0   0   1
2.68625601601603   0.8   0   0   1
2.69627935935937   0.8   0   0   1
2.70630270270272   0.8   0   0   1
2.71632604604606   0.8   0   0   1
2.7263493893894   0.8   0   0   1
2.73637273273275   0.8   0   0   1
2.74639607607609   0.8   0   0   1
2.75641941941943   0.8   0   0   1
2.76644276276278   0.8   0   0   1
2.77646610610612   0.8   0   0   1
2.78648944944946   0.8   0   0   1
2.79651279279281   0.8   0   0   1
2.80653613613615   0.8   0   0   1
2.81655947947949   0.8   0   0   1
2.82658282282284   0.8   0   0   1
2.83660616616618   0.8   0   0   1
2.84662950950952   0.8   0   0   1
2.85665285285287   0.8   0   0   1
2.86667619619621   0.8   0   0   1
2.87669953953955   0.8   0   0   1
2.8867228828829   0.8   0   0   1
2.89674622622624   0.8   0   0   1
2.90676956956958   0.8   0   0   1
2.91679291291293   0.8   0   0   1
2.92681625625627   0.8   0   0   1
2.93683959959962   0.8   0   0   1
2.94686294294296   0.8   0   0   1
2.9568862862863   0.8   0   0   1
2.96690962962965   0.8   0   0   1
2.97693297297299   0.8   0   0   1
2.98695631631633   0.8   0   0   1
2.99697965965968   0.8   0   0   1
3.00700300300302   0.8   0   0   1
3.01702634634636   0.8   0   0   1
3.02704968968971   0.8   0   0   1
3.03707303303305   0.8   0   0   1
3.04709637637639   0.8   0   0   1
3.05711971971974   0.8   0   0   1
3.06714306306308   0.8   0   0   1
3.07716640640642   0.8   0   0   1
3.08718974974977   0.8   0   0   1
3.09721309309311   0.8   0   0   1
3.10723643643645   0.8   0   0   1
3.1172597797798   0.8   0   0   1
3.12728312312314   0.8   0   0   1
3.13730646646648   0.8   0   0   1
3.14732980980983   0.8   0   0   1
3.15735315315317   0.8   0   0   1
3.16737649649651   0.8   0   0   1
3.17739983983986   0.8   0   0   1
3.1874231831832   0.8   0   0   1
3.19744652652654   0.8   0   0   1
3.20746986986989   0.8   0   0   1
3.21749321321323   0.8   0   0   1
3.22751655655657   0.8   0   0   1
3.23753989989992   0.8   0   0   1
3.24756324324326   0.8   0   0   1
3.2575865865866   0.8   0   0   1
3.26760992992995   0.8   0   0   1
3.27763327327329   0.8   0   0   1
3.28765661661664   0.8   0   0   1
3.29767995995998   0.8   0   0   1
3.30770330330332   0.8   0   0   1
3.31772664664667   0.8   0   0   1
3.32774998999001   0.8   0   0   1
3.33777333333335   0.8   0   0   1
3.3477966766767   0.8   0   0   1
3.35782002002004   0.8   0   0   1
3.36784336336338   0.8   0   0   1
3.37786670670673   0.8   0   0   1
3.38789005005007   0.8   0   0   1
3.39791339339341   0.8   0   0   1
3.40793673673676   0.8   0   0   1
3.4179600800801   0.8   0   0   1
3.42798342342344   0.8   0   0   1
3.43800676676679   0.8   0   0   1
3.44803011011013   0.8   0   0   1
3.45805345345347   0.8   0   0   1
3.46807679679682   0.8   0   0   1
3.47810014014016   0.8   0   0   1
3.4881234834835   0.8   0   0   1
3.49814682682685   0.8   0   0   1
3.50817017017019   0.8   0   0   1
3.51819351351353   0.8   0   0   1
3.52821685685688   0.8   0   0   1
3.53824020020022   0.8   0   0   1
3.54826354354356   0.8   0   0   1
3.55828688688691   0.8   0   0   1
3.56831023023025   0.8   0   0   1
3.57833357357359   0.8   0   0   1
3.58835691691694   0.8   0   0   1
3.59838026026028   0.8   0   0   1
3.60840360360362   0.8   0   0   1
3.61842694694697   0.8   0   0   1
3.62845029029031   0.8   0   0   1
3.63847363363366   0.8   0   0   1
3.648496976977   0.8   0   0   1
3.65852032032034   0.8   0   0   1
3.66854366366369   0.8   0   0   1
3.67856700700703   0.8   0   0   1
3.68859035035037   0.8   0   0   1
3.69861369369372   0.8   0   0   1
3.70863703703706   0.8   0   0   1
3.7186603803804   0.8   0   0   1
3.72868372372375   0.8   0   0   1
3.73870706706709   0.8   0   0   1
3.74873041041043   0.8   0   0   1
3.75875375375378   0.8   0   0   1
3.76877709709712   0.8   0   0   1
3.77880044044046   0.8   0   0   1
3.78882378378381   0.8   0   0   1
3.79884712712715   0.8   0   0   1
3.80887047047049   0.8   0   0   1
3.81889381381384   0.8   0   0   1
3.82891715715718   0.8   0   0   1
3.83894050050052   0.8   0   0   1
3.84896384384387   0.8   0   0   1
3.85898718718721   0.8   0   0   1
3.86901053053055   0.8   0   0   1
3.8790338738739   0.8   0   0   1
3.88905721721724   0.8   0   0   1
3.89908056056058   0.8   0   0   1
3.90910390390393   0.8   0   0   1
3.91912724724727   0.8   0   0   1
3.92915059059061   0.8   0   0   1
3.93917393393396   0.8   0   0   1
3.9491972772773   0.8   0   0   1
3.95922062062064   0.8   0   0   1
3.96924396396399   0.8   0   0   1
3.97926730730733   0.8   0   0   1
3.98929065065068   0.8   0   0   1
3.99931399399402   0.8   0   0   1
4.00933733733736   0.8   0   0   1
4.01936068068071   0.8   0   0   1
4.02938402402405   0.8   0   0   1
4.03940736736739   0.8   0   0   1
4.04943071071074   0.8   0   0   1
4.05945405405408   0.8   0   0   1
4.06947739739742   0.8   0   0   1
4.07950074074077   0.8   0   0   1
4.08952408408411   0.8   0   0   1
4.09954742742745   0.8   0   0   1
4.1095707707708   0.8   0   0   1
4.11959411411414   0.8   0   0   1
4.12961745745748   0.8   0   0   1
4.13964080080083   0.8   0   0   1
4.14966414414417   0.8   0   0   1
4.15968748748751   0.8   0   0   1
4.16971083083086   0.8   0   0   1
4.1797341741742   0.8   0   0   1
4.18975751751754   0.8   0   0   1
4.19978086086089   0.8   0   0   1
4.20980420420423   0.8   0   0   1
4.21982754754757   0.8   0   0   1
4.22985089089092   0.8   0   0   1
4.23987423423426   0.8   0   0   1
4.2498975775776   0.8   0   0   1
4.25992092092095   0.8   0   0   1
4.26994426426429   0.8   0   0   1
4.27996760760763   0.8   0   0   1
4.28999095095098   0.8   0   0   1
4.30001429429432   0.8   0   0   1
4.31003763763766   0.8   0   0   1
4.32006098098101   0.8   0   0   1
4.33008432432435   0.8   0   0   1
4.3401076676677   0.8   0   0   1
4.35013101101104   0.8   0   0   1
4.36015435435438   0.8   0   0   1
4.37017769769773   0.8   0   0   1
4.38020104104107   0.8   0   0   1
4.39022438438441   0.8   0   0   1
4.40024772772776   0.8   0   0   1
4.4102710710711   0.8   0   0   1
4.42029441441444   0.8   0   0   1
4.43031775775779   0.8   0   0   1
4.44034110110113   0.8   0   0   1
4.45036444444447   0.8   0   0   1
4.46038778778782   0.8   0   0   1
4.47041113113116   0.8   0   0   1
4.4804344744745   0.8   0   0   1
4.49045781781785   0.8   0   0   1
4.50048116116119   0.8   0   0   1
4.51050450450453   0.8   0   0   1
4.52052784784788   0.8   0   0   1
4.53055119119122   0.8   0   0   1
4.54057453453456   0.8   0   0   1
4.55059787787791   0.8   0   0   1
4.56062122122125   0.8   0   0   1
4.57064456456459   0.8   0   0   1
4.58066790790794   0.8   0   0   1
4.59069125125128   0.8   0   0   1
4.60071459459462   0.8   0   0   1
4.61073793793797   0.8   0   0   1
4.62076128128131   0.8   0   0   1
4.63078462462465   0.8   0   0   1
4.640807967968   0.8   0   0   1
4.65083131131134   0.8   0   0   1
4.66085465465468   0.8   0   0   1
4.67087799799803   0.8   0   0   1
4.68090134134137   0.8   0   0   1
4.69092468468472   0.8   0   0   1
4.70094802802806   0.8   0   0   1
4.7109713713714   0.8   0   0   1
4.72099471471475   0.8   0   0   1
4.73101805805809   0.8   0   0   1
4.74104140140143   0.8   0   0   1
4.75106474474478   0.8   0   0   1
4.76108808808812   0.8   0   0   1
4.77111143143146   0.8   0   0   1
4.78113477477481   0.8   0   0   1
4.79115811811815   0.8   0   0   1
4.80118146146149   0.8   0   0   1
4.81120480480484   0.8   0   0   1
4.82122814814818   0.8   0   0   1
4.83125149149152   0.8   0   0   1
4.84127483483487   0.8   0   0   1
4.85129817817821   0.8   0   0   1
4.86132152152155   0.8   0   0   1
4.8713448648649   0.8   0   0   1
4.88136820820824   0.8   0   0   1
4.89139155155158   0.8   0   0   1
4.90141489489493   0.8   0   0   1
4.91143823823827   0.8   0   0   1
4.92146158158161   0.8   0   0   1
4.93148492492496   0.8   0   0   1
4.9415082682683   0.8   0   0   1
4.95153161161164   0.8   0   0   1
4.96155495495499   0.8   0   0   1
4.97157829829833   0.8   0   0   1
4.98160164164167   0.8   0   0   1
4.99162498498502   0.8   0   0   1
5.00164832832836   0.8   0   0   1
5.0116716716717   0.8   0   0   1
5.02169501501505   0.8   0   0   1
5.03171835835839   0.8   0   0   1
5.04174170170173   0.8   0   0   1
5.05176504504508   0.8   0   0   1
5.06178838838842   0.8   0   0   1
5.07181173173177   0.8   0   0   1
5.08183507507511   0.8   0   0   1
5.09185841841845   0.8   0   0   1
5.1018817617618   0.8   0   0   1
5.11190510510514   0.8   0   0   1
5.12192844844848   0.8   0   0   1
5.13195179179183   0.8   0   0   1
5.14197513513517   0.8   0   0   1
5.15199847847851   0.8   0   0   1
5.16202182182186   0.8   0   0   1
5.1720451651652   0.8   0   0   1
5.18206850850854   0.8   0   0   1
5.19209185185189   0.8   0   0   1
5.20211519519523   0.8   0   0   1
5.21213853853857   0.8   0   0   1
5.22216188188192   0.8   0   0   1
5.23218522522526   0.8   0   0   1
5.2422085685686   0.8   0   0   1
5.25223191191195   0.8   0   0   1
5.26225525525529   0.8   0   0   1
5.27227859859863   0.8   0   0   1
5.28230194194198   0.8   0   0   1
5.29232528528532   0.8   0   0   1
5.30234862862866   0.8   0   0   1
5.31237197197201   0.8   0   0   1
5.32239531531535   0.8   0   0   1
5.33241865865869   0.8   0   0   1
5.34244200200204   0.8   0   0   1
5.35246534534538   0.8   0   0   1
5.36248868868872   0.8   0   0   1
5.37251203203207   0.8   0   0   1
5.38253537537541   0.8   0   0   1
5.39255871871875   0.8   0   0   1
5.4025820620621   0.8   0   0   1
5.41260540540544   0.8   0   0   1
5.42262874874879   0.8   0   0   1
5.43265209209213   0.8   0   0   1
5.44267543543547   0.8   0   0   1
5.45269877877882   0.8   0   0   1
5.46272212212216   0.8   0   0   1
5.4727454654655   0.8   0   0   1
5.48276880880885   0.8   0   0   1
5.49279215215219   0.8   0   0   1
5.50281549549553   0.8   0   0   1
5.51283883883888   0.8   0   0   1
5.52286218218222   0.8   0   0   1
5.53288552552556   0.8   0   0   1
5.54290886886891   0.8   0   0   1
5.55293221221225   0.8   0   0   1
5.56295555555559   0.8   0   0   1
5.57297889889894   0.8   0   0   1
5.58300224224228   0.8   0   0   1
5.59302558558562   0.8   0   0   1
5.60304892892897   0.8   0   0   1
5.61307227227231   0.8   0   0   1
5.62309561561565   0.8   0   0   1
5.633118958959   0.8   0   0   1
5.64314230230234   0.8   0   0   1
5.65316564564568   0.8   0   0   1
5.66318898898903   0.8   0   0   1
5.67321233233237   0.8   0   0   1
5.68323567567571   0.8   0   0   1
5.69325901901906   0.8   0   0   1
5.7032823623624   0.8   0   0   1
5.71330570570574   0.8   0   0   1
5.72332904904909   0.8   0   0   1
5.73335239239243   0.8   0   0   1
5.74337573573577   0.8   0   0   1
5.75339907907912   0.8   0   0   1
5.76342242242246   0.8   0   0   1
5.77344576576581   0.8   0   0   1
5.78346910910915   0.8   0   0   1
5.79349245245249   0.8   0   0   1
5.80351579579584   0.8   0   0   1
5.81353913913918   0.8   0   0   1
5.82356248248252   0.8   0   0   1
5.83358582582587   0.8   0   0   1
5.84360916916921   0.8   0   0   1
5.85363251251255   0.8   0   0   1
5.8636558558559   0.8   0   0   1
5.87367919919924   0.8   0   0   1
5.88370254254258   0.8   0   0   1
5.89372588588593   0.8   0   0   1
5.90374922922927   0.8   0   0   1
5.91377257257261   0.8   0   0   1
5.92379591591596   0.8   0   0   1
5.9338192592593   0.8   0   0   1
5.94384260260264   0.8   0   0   1
5.95386594594599   0.8   0   0   1
5.96388928928933   0.8   0   0   1
5.97391263263267   0.8   0   0   1
5.98393597597602   0.8   0   0   1
5.99395931931936   0.8   0   0   1
6.0039826626627   0.8   0   0   1
6.01400600600605   0.8   0   0   1
6.02402934934939   0.8   0   0   1
6.03405269269273   0.8   0   0   1
6.04407603603608   0.8   0   0   1
6.05409937937942   0.8   0   0   1
6.06412272272276   0.8   0   0   1
6.07414606606611   0.8   0   0   1
6.08416940940945   0.8   0   0   1
6.09419275275279   0.8   0   0   1
6.10421609609614   0.8   0   0   1
6.11423943943948   0.8   0   0   1
6.12426278278283   0.8   0   0   1
6.13428612612617   0.8   0   0   1
6.14430946946951   0.8   0   0   1
6.15433281281286   0.8   0   0   1
6.1643561561562   0.8   0   0   1
6.17437949949954   0.8   0   0   1
6.18440284284289   0.8   0   0   1
6.19442618618623   0.8   0   0   1
6.20444952952957   0.8   0   0   1
6.21447287287292   0.8   0   0   1
6.22449621621626   0.8   0   0   1
6.2345195595596   0.8   0   0   1
6.24454290290295   0.8   0   0   1
6.25456624624629   0.8   0   0   1
6.26458958958963   0.8   0   0   1
6.27461293293298   0.8   0   0   1
6.28463627627632   0.8   0   0   1
6.29465961961966   0.8   0   0   1
6.30468296296301   0.8   0   0   1
6.31470630630635   0.8   0   0   1
6.32472964964969   0.8   0   0   1
6.33475299299304   0.8   0   0   1
6.34477633633638   0.8   0   0   1
6.35479967967972   0.8   0   0   1
6.36482302302307   0.8   0   0   1
6.37484636636641   0.8   0   0   1
6.38486970970975   0.8   0   0   1
6.3948930530531   0.8   0   0   1
6.40491639639644   0.8   0   0   1
6.41493973973978   0.8   0   0   1
6.42496308308313   0.8   0   0   1
6.43498642642647   0.8   0   0   1
6.44500976976981   0.8   0   0   1
6.45503311311316   0.8   0   0   1
6.4650564564565   0.8   0   0   1
6.47507979979985   0.8   0   0   1
6.48510314314319   0.8   0   0   1
6.49512648648653   0.8   0   0   1
6.50514982982988   0.8   0   0   1
6.51517317317322   0.8   0   0   1
6.52519651651656   0.8   0   0   1
6.53521985985991   0.8   0   0   1
6.54524320320325   0.8   0   0   1
6.55526654654659   0.8   0   0   1
6.56528988988994   0.8   0   0   1
6.57531323323328   0.8   0   0   1
6.58533657657662   0.8   0   0   1
6.59535991991997   0.8   0   0   1
6.60538326326331   0.8   0   0   1
6.61540660660665   0.8   0   0   1
6.62542994995   0.8   0   0   1
6.63545329329334   0.8   0   0   1
6.64547663663668   0.8   0   0   1
6.65549997998003   0.8   0   0   1
6.66552332332337   0.8   0   0   1
6.67554666666671   0.8   0   0   1
6.68557001001006   0.8   0   0   1
6.6955933533534   0.8   0   0   1
6.70561669669674   0.8   0   0   1
6.71564004004009   0.8   0   0   1
6.72566338338343   0.8   0   0   1
6.73568672672677   0.8   0   0   1
6.74571007007012   0.8   0   0   1
6.75573341341346   0.8   0   0   1
6.7657567567568   0.8   0   0   1
6.77578010010015   0.8   0   0   1
6.78580344344349   0.8   0   0   1
6.79582678678683   0.8   0   0   1
6.80585013013018   0.8   0   0   1
6.81587347347352   0.8   0   0   1
6.82589681681686   0.8   0   0   1
6.83592016016021   0.8   0   0   1
6.84594350350355   0.8   0   0   1
6.8559668468469   0.8   0   0   1
6.86599019019024   0.8   0   0   1
6.87601353353358   0.8   0   0   1
6.88603687687693   0.8   0   0   1
6.89606022022027   0.8   0   0   1
6.90608356356361   0.8   0   0   1
6.91610690690696   0.8   0   0   1
6.9261302502503   0.8   0   0   1
6.93615359359364   0.8   0   0   1
6.94617693693699   0.8   0   0   1
6.95620028028033   0.8   0   0   1
6.96622362362367   0.8   0   0   1
6.97624696696702   0.8   0   0   1
6.98627031031036   0.8   0   0   1
6.9962936536537   0.8   0   0   1
7.00631699699705   0.8   0   0   1
7.01634034034039   0.8   0   0   1
7.02636368368373   0.8   0   0   1
7.03638702702708   0.8   0   0   1
7.04641037037042   0.8   0   0   1
7.05643371371376   0.8   0   0   1
7.06645705705711   0.8   0   0   1
7.07648040040045   0.8   0   0   1
7.08650374374379   0.8   0   0   1
7.09652708708714   0.8   0   0   1
7.10655043043048   0.8   0   0   1
7.11657377377382   0.8   0   0   1
7.12659711711717   0.8   0   0   1
7.13662046046051   0.8   0   0   1
7.14664380380385   0.8   0   0   1
7.1566671471472   0.8   0   0   1
7.16669049049054   0.8   0   0   1
7.17671383383388   0.8   0   0   1
7.18673717717723   0.8   0   0   1
7.19676052052057   0.8   0   0   1
7.20678386386392   0.8   0   0   1
7.21680720720726   0.8   0   0   1
7.2268305505506   0.8   0   0   1
7.23685389389395   0.8   0   0   1
7.24687723723729   0.8   0   0   1
7.25690058058063   0.8   0   0   1
7.26692392392398   0.8   0   0   1
7.27694726726732   0.8   0   0   1
7.28697061061066   0.8   0   0   1
7.29699395395401   0.8   0   0   1
7.30701729729735   0.8   0   0   1
7.31704064064069   0.8   0   0   1
7.32706398398404   0.8   0   0   1
7.33708732732738   0.8   0   0   1
7.34711067067072   0.8   0   0   1
7.35713401401407   0.8   0   0   1
7.36715735735741   0.8   0   0   1
7.37718070070075   0.8   0   0   1
7.3872040440441   0.8   0   0   1
7.39722738738744   0.8   0   0   1
7.40725073073078   0.8   0   0   1
7.41727407407413   0.8   0   0   1
7.42729741741747   0.8   0   0   1
7.43732076076081   0.8   0   0   1
7.44734410410416   0.8   0   0   1
7.4573674474475   0.8   0   0   1
7.46739079079084   0.8   0   0   1
7.47741413413419   0.8   0   0   1
7.48743747747753   0.8   0   0   1
7.49746082082087   0.8   0   0   1
7.50748416416422   0.8   0   0   1
7.51750750750756   0.8   0   0   1
7.5275308508509   0.8   0   0   1
7.53755419419425   0.8   0   0   1
7.54757753753759   0.8   0   0   1
7.55760088088094   0.8   0   0   1
7.56762422422428   0.8   0   0   1
7.57764756756762   0.8   0   0   1
7.58767091091097   0.8   0   0   1
7.59769425425431   0.8   0   0   1
7.60771759759765   0.8   0   0   1
7.617740940941   0.8   0   0   1
7.62776428428434   0.8   0   0   1
7.63778762762768   0.8   0   0   1
7.64781097097103   0.8   0   0   1
7.65783431431437   0.8   0   0   1
7.66785765765771   0.8   0   0   1
7.67788100100106   0.8   0   0   1
7.6879043443444   0.8   0   0   1
7.69792768768774   0.8   0   0   1
7.70795103103109   0.8   0   0   1
7.71797437437443   0.8   0   0   1
7.72799771771777   0.8   0   0   1
7.73802106106112   0.8   0   0   1
7.74804440440446   0.8   0   0   1
7.7580677477478   0.8   0   0   1
7.76809109109115   0.8   0   0   1
7.77811443443449   0.8   0   0   1
7.78813777777783   0.8   0   0   1
7.79816112112118   0.8   0   0   1
7.80818446446452   0.8   0   0   1
7.81820780780786   0.8   0   0   1
7.82823115115121   0.8   0   0   1
7.83825449449455   0.8   0   0   1
7.84827783783789   0.8   0   0   1
7.85830118118124   0.8   0   0   1
7.86832452452458   0.8   0   0   1
7.87834786786792   0.8   0   0   1
7.88837121121127   0.8   0   0   1
7.89839455455461   0.8   0   0   1
7.90841789789796   0.8   0   0   1
7.9184412412413   0.8   0   0   1
7.92846458458464   0.8   0   0   1
7.93848792792799   0.8   0   0   1
7.94851127127133   0.8   0   0   1
7.95853461461467   0.8   0   0   1
7.96855795795802   0.8   0   0   1
7.97858130130136   0.8   0   0   1
7.9886046446447   0.8   0   0   1
7.99862798798805   0.8   0   0   1
8.00865133133139   0.8   0   0   1
8.01867467467473   0.8   0   0   1
8.02869801801808   0.8   0   0   1
8.03872136136142   0.8   0   0   1
8.04874470470476   0.8   0   0   1
8.05876804804811   0.8   0   0   1
8.06879139139145   0.8   0   0   1
8.07881473473479   0.8   0   0   1
8.08883807807814   0.8   0   0   1
8.09886142142148   0.8   0   0   1
8.10888476476482   0.8   0   0   1
8.11890810810817   0.8   0   0   1
8.12893145145151   0.8   0   0   1
8.13895479479485   0.8   0   0   1
8.1489781381382   0.8   0   0   1
8.15900148148154   0.8   0   0   1
8.16902482482488   0.8   0   0   1
8.17904816816823   0.8   0   0   1
8.18907151151157   0.8   0   0   1
8.19909485485491   0.8   0   0   1
8.20911819819826   0.8   0   0   1
8.2191415415416   0.8   0   0   1
8.22916488488494   0.8   0   0   1
8.23918822822829   0.8   0   0   1
8.24921157157163   0.8   0   0   1
8.25923491491498   0.8   0   0   1
8.26925825825832   0.8   0   0   1
8.27928160160166   0.8   0   0   1
8.28930494494501   0.8   0   0   1
8.29932828828835   0.8   0   0   1
8.30935163163169   0.8   0   0   1
8.31937497497504   0.8   0   0   1
8.32939831831838   0.8   0   0   1
8.33942166166172   0.8   0   0   1
8.34944500500507   0.8   0   0   1
8.35946834834841   0.8   0   0   1
8.36949169169175   0.8   0   0   1
8.3795150350351   0.8   0   0   1
8.38953837837844   0.8   0   0   1
8.39956172172178   0.8   0   0   1
8.40958506506513   0.8   0   0   1
8.41960840840847   0.8   0   0   1
8.42963175175181   0.8   0   0   1
8.43965509509516   0.8   0   0   1
8.4496784384385   0.8   0   0   1
8.45970178178184   0.8   0   0   1
8.46972512512519   0.8   0   0   1
8.47974846846853   0.8   0   0   1
8.48977181181187   0.8   0   0   1
8.49979515515522   0.8   0   0   1
8.50981849849856   0.8   0   0   1
8.5198418418419   0.8   0   0   1
8.52986518518525   0.8   0   0   1
8.53988852852859   0.8   0   0   1
8.54991187187193   0.8   0   0   1
8.55993521521528   0.8   0   0   1
8.56995855855862   0.8   0   0   1
8.57998190190196   0.8   0   0   1
8.59000524524531   0.8   0   0   1
8.60002858858865   0.8   0   0   1
8.610051931932   0.8   0   0   1
8.62007527527534   0.8   0   0   1
8.63009861861868   0.8   0   0   1
8.64012196196203   0.8   0   0   1
8.65014530530537   0.8   0   0   1
8.66016864864871   0.8   0   0   1
8.67019199199206   0.8   0   0   1
8.6802153353354   0.8   0   0   1
8.69023867867874   0.8   0   0   1
8.70026202202209   0.8   0   0   1
8.71028536536543   0.8   0   0   1
8.72030870870877   0.8   0   0   1
8.73033205205212   0.8   0   0   1
8.74035539539546   0.8   0   0   1
8.7503787387388   0.8   0   0   1
8.76040208208215   0.8   0   0   1
8.77042542542549   0.8   0   0   1
8.78044876876883   0.8   0   0   1
8.79047211211218   0.8   0   0   1
8.80049545545552   0.8   0   0   1
8.81051879879886   0.8   0   0   1
8.82054214214221   0.8   0   0   1
8.83056548548555   0.8   0   0   1
8.84058882882889   0.8   0   0   1
8.85061217217224   0.8   0   0   1
8.86063551551558   0.8   0   0   1
8.87065885885892   0.8   0   0   1
8.88068220220227   0.8   0   0   1
8.89070554554561   0.8   0   0   1
8.90072888888895   0.8   0   0   1
8.9107522322323   0.8   0   0   1
8.92077557557564   0.8   0   0   1
8.93079891891898   0.8   0   0   1
8.94082226226233   0.8   0   0   1
8.95084560560567   0.8   0   0   1
8.96086894894901   0.8   0   0   1
8.97089229229236   0.8   0   0   1
8.9809156356357   0.8   0   0   1
8.99093897897905   0.8   0   0   1
9.00096232232239   0.8   0   0   1
9.01098566566573   0.8   0   0   1
9.02100900900908   0.8   0   0   1
9.03103235235242   0.8   0   0   1
9.04105569569576   0.8   0   0   1
9.05107903903911   0.8   0   0   1
9.06110238238245   0.8   0   0   1
9.07112572572579   0.8   0   0   1
9.08114906906914   0.8   0   0   1
9.09117241241248   0.8   0   0   1
9.10119575575582   0.8   0   0   1
9.11121909909917   0.8   0   0   1
9.12124244244251   0.8   0   0   1
9.13126578578585   0.8   0   0   1
9.1412891291292   0.8   0   0   1
9.15131247247254   0.8   0   0   1
9.16133581581588   0.8   0   0   1
9.17135915915923   0.8   0   0   1
9.18138250250257   0.8   0   0   1
9.19140584584591   0.8   0   0   1
9.20142918918926   0.8   0   0   1
9.2114525325326   0.8   0   0   1
9.22147587587594   0.8   0   0   1
9.23149921921929   0.8   0   0   1
9.24152256256263   0.8   0   0   1
9.25154590590597   0.8   0   0   1
9.26156924924932   0.8   0   0   1
9.27159259259266   0.8   0   0   1
9.281615935936   0.8   0   0   1
9.29163927927935   0.8   0   0   1
9.30166262262269   0.8   0   0   1
9.31168596596603   0.8   0   0   1
9.32170930930938   0.8   0   0   1
9.33173265265272   0.8   0   0   1
9.34175599599607   0.8   0   0   1
9.35177933933941   0.8   0   0   1
9.36180268268275   0.8   0   0   1
9.3718260260261   0.8   0   0   1
9.38184936936944   0.8   0   0   1
9.39187271271278   0.8   0   0   1
9.40189605605613   0.8   0   0   1
9.41191939939947   0.8   0   0   1
9.42194274274281   0.8   0   0   1
9.43196608608616   0.8   0   0   1
9.4419894294295   0.8   0   0   1
9.45201277277284   0.8   0   0   1
9.46203611611619   0.8   0   0   1
9.47205945945953   0.8   0   0   1
9.48208280280287   0.8   0   0   1
9.49210614614622   0.8   0   0   1
9.50212948948956   0.8   0   0   1
9.5121528328329   0.8   0   0   1
9.52217617617625   0.8   0   0   1
9.53219951951959   0.8   0   0   1
9.54222286286293   0.8   0   0   1
9.55224620620628   0.8   0   0   1
9.56226954954962   0.8   0   0   1
9.57229289289296   0.8   0   0   1
9.58231623623631   0.8   0   0   1
9.59233957957965   0.8   0   0   1
9.60236292292299   0.8   0   0   1
9.61238626626634   0.8   0   0   1
9.62240960960968   0.8   0   0   1
9.63243295295302   0.8   0   0   1
9.64245629629637   0.8   0   0   1
9.65247963963971   0.8   0   0   1
9.66250298298305   0.8   0   0   1
9.6725263263264   0.8   0   0   1
9.68254966966974   0.8   0   0   1
9.69257301301309   0.8   0   0   1
9.70259635635643   0.8   0   0   1
9.71261969969977   0.8   0   0   1
9.72264304304312   0.8   0   0   1
9.73266638638646   0.8   0   0   1
9.7426897297298   0.8   0   0   1
9.75271307307315   0.8   0   0   1
9.76273641641649   0.8   0   0   1
9.77275975975983   0.8   0   0   1
9.78278310310318   0.8   0   0   1
9.79280644644652   0.8   0   0   1
9.80282978978986   0.8   0   0   1
9.81285313313321   0.8   0   0   1
9.82287647647655   0.8   0   0   1
9.83289981981989   0.8   0   0   1
9.84292316316324   0.8   0   0   1
9.85294650650658   0.8   0   0   1
9.86296984984992   0.8   0   0   1
9.87299319319327   0.8   0   0   1
9.88301653653661   0.8   0   0   1
9.89303987987995   0.8   0   0   1
9.9030632232233   0.8   0   0   1
9.91308656656664   0.8   0   0   1
9.92310990990998   0.8   0   0   1
9.93313325325333   0.8   0   0   1
9.94315659659667   0.8   0   0   1
9.95317993994001   0.8   0   0   1
9.96320328328336   0.8   0   0   1
9.9732266266267   0.8   0   0   1
9.98324996997004   0.8   0   0   1
9.99327331331339   0.8   0   0   1
10.0032966566567   0.8   0   0   1
10.0133200000001   0.8   0   0   1
