variables = x,rho,u,v,p
0   3.8571   2.6293   0   10.3333
0.0100233433433433   3.8571   2.6293   0   10.3333
0.0200466866866867   3.8571   2.6293   0   10.3333
0.03007003003003   3.8571   2.6293   0   10.3333
0.0400933733733734   3.8571   2.6293   0   10.3333
0.0501167167167167   3.8571   2.6293   0   10.3333
0.0601400600600601   3.8571   2.6293   0   10.3333
0.0701634034034034   3.8571   2.6293   0   10.3333
0.0801867467467468   3.8571   2.6293   0   10.3333
0.0902100900900901   3.8571   2.6293   0   10.3333
0.100233433433433   3.8571   2.6293   0   10.3333
0.110256776776777   3.8571   2.6293   0   10.3333
0.12028012012012   3.8571   2.6293   0   10.3333
0.130303463463463   3.8571   2.6293   0   10.3333
0.140326806806807   3.8571   2.6293   0   10.3333
0.15035015015015   3.8571   2.6293   0   10.3333
0.160373493493494   3.8571   2.6293   0   10.3333
0.170396836836837   3.8571   2.6293   0   10.3333
0.18042018018018   3.8571   2.6293   0   10.3333
0.190443523523524   3.8571   2.6293   0   10.3333
0.200466866866867   3.8571   2.6293   0   10.3333
0.21049021021021   3.8571   2.6293   0   10.3333
0.220513553553554   3.8571   2.6293   0   10.3333
0.230536896896897   3.8571   2.6293   0   10.3333
0.24056024024024   3.8571   2.6293   0   10.3333
0.250583583583584   3.8571   2.6293   0   10.3333
0.260606926926927   3.8571   2.6293   0   10.3333
0.27063027027027   3.8571   2.6293   0   10.3333
0.280653613613614   3.8571   2.6293   0   10.3333
0.290676956956957   3.8571   2.6293   0   10.3333
0.3007003003003   3.8571   2.6293   0   10.3333
0.310723643643644   3.8571   2.6293   0   10.3333
0.320746986986987   3.8571   2.6293   0   10.3333
0.330770330330331   3.8571   2.6293   0   10.3333
0.340793673673674   3.8571   2.6293   0   10.3333
0.350817017017017   3.8571   2.6293   0   10.3333
0.360840360360361   3.8571   2.6293   0   10.3333
0.370863703703704   3.8571   2.6293   0   10.3333
0.380887047047047   3.8571   2.6293   0   10.3333
0.390910390390391   3.8571   2.6293   0   10.3333
0.400933733733734   3.8571   2.6293   0   10.3333
0.410957077077078   3.8571   2.6293   0   10.3333
0.420980420420421   3.8571   2.6293   0   10.3333
0.431003763763764   3.8571   2.6293   0   10.3333
0.441027107107108   3.8571   2.6293   0   10.3333
0.451050450450451   3.8571   2.6293   0   10.3333
0.461073793793794   3.8571   2.6293   0   10.3333
0.471097137137138   3.8571   2.6293   0   10.3333
0.481120480480481   3.8571   2.6293   0   10.3333
0.491143823823825   3.8571   2.6293   0   10.3333
0.501167167167168   3.8571   2.6293   0   10.3333
0.511190510510511   3.8571   2.6293   0   10.3333
0.521213853853855   3.8571   2.6293   0   10.3333
0.531237197197198   3.8571   2.6293   0   10.3333
0.541260540540541   3.8571   2.6293   -8.12821817633841e-17   10.3333
0.551283883883884   3.85709999999998   2.62930000000001   -3.21372463906324e-17   10.3332999999999
0.561307227227228   3.85709999999994   2.62930000000004   -9.22655247303597e-17   10.3332999999997
0.571330570570571   3.85709999999986   2.62930000000008   -2.57100387894753e-16   10.3332999999994
0.581353913913914   3.85709999999971   2.62930000000017   -3.03238543765962e-16   10.3332999999987
0.591377257257258   3.85709999999944   2.62930000000032   -2.67794003700344e-16   10.3332999999976
0.601400600600601   3.85709999999894   2.62930000000061   -4.32469531367685e-16   10.3332999999954
0.611423943943944   3.85709999999802   2.62930000000115   -4.37195568156091e-16   10.3332999999913
0.621447287287288   3.85709999999633   2.62930000000213   -6.19630079753512e-16   10.3332999999839
0.631470630630631   3.85709999999326   2.62930000000391   -6.44807927797193e-16   10.3332999999705
0.641493973973974   3.85709999998772   2.62930000000711   -1.04035843728115e-15   10.3332999999464
0.651517317317318   3.85709999997783   2.62930000001282   -1.24335361009765e-15   10.3332999999034
0.661540660660661   3.85709999996028   2.62930000002291   -1.30919577963327e-15   10.3332999998273
0.671564004004004   3.85709999992939   2.62930000004065   -1.53520232110244e-15   10.3332999996938
0.681587347347348   3.8570999998755   2.62930000007154   -1.84038636226611e-15   10.3332999994611
0.691610690690691   3.85709999978217   2.62930000012491   -2.06127876579277e-15   10.3332999990592
0.701634034034034   3.8570999996219   2.62930000021639   -2.05735889437645e-15   10.3332999983704
0.711657377377378   3.85709999934884   2.62930000037194   -2.21940319083775e-15   10.3332999971994
0.721680720720721   3.85709999888736   2.62930000063428   -2.34090343716374e-15   10.3332999952247
0.731704064064064   3.85709999811377   2.62930000107318   -2.49718270940856e-15   10.3332999919214
0.741727407407408   3.85709999682742   2.62930000180152   -2.17230414196745e-15   10.3332999864405
0.751750750750751   3.85709999470575   2.6293000030004   -2.17467387991974e-15   10.3332999774198
0.761774094094094   3.85709999123466   2.62930000495783   -1.89212272756703e-15   10.3332999626935
0.771797437437437   3.85709998560195   2.62930000812783   -1.78583699921041e-15   10.3332999388479
0.781820780780781   3.85709997653571   2.62930001321986   -1.70635311134938e-15   10.3332999005493
0.791844124124124   3.85709996206163   2.62930002133274   -1.36465849422821e-15   10.3332998395382
0.801867467467467   3.85709993914225   2.62930003415331   -1.20466981639434e-15   10.3332997431365
0.811890810810811   3.85709990314585   2.62930005424808   -1.10779224439489e-15   10.3332995920579
0.821914154154154   3.8570998470728   2.62930008548711   -1.37926905342233e-15   10.3332993572241
0.831937497497497   3.85709976043969   2.62930013365374   -1.32204914350461e-15   10.3332989951878
0.841960840840841   3.85709962768695   2.62930020731248   -8.07984467207611e-16   10.3332984416166
0.851984184184184   3.85709942593006   2.62930031903158   -5.40975704455098e-16   10.3332976021183
0.862007527527527   3.85709912181775   2.62930048708643   -1.51435464472021e-16   10.3332963394571
0.872030870870871   3.85709866719004   2.6293007378074   1.1084412278815e-16   10.3332944559386
0.882054214214214   3.85709799314402   2.62930110878002   2.91863871581064e-16   10.3332916694028
0.892077557557557   3.85709700201425   2.62930165315759   6.29442446168429e-16   10.3332875808781
0.902100900900901   3.85709555665971   2.62930244540599   9.99652508389904e-16   10.3332816315014
0.912124244244244   3.85709346632051   2.62930358886595   1.73780625188066e-15   10.3332730458195
0.922147587587587   3.85709046817099   2.62930522558702   1.95164465278999e-15   10.3332607580723
0.932170930930931   3.85708620355784   2.62930754895635   1.72992477476318e-15   10.3332433175458
0.942194274274274   3.85708018778293   2.62931081970753   1.30958287554663e-15   10.3332187686188
0.952217617617617   3.857071772186   2.62931538594342   1.13882920567981e-15   10.3331845007671
0.96224096096096   3.85706009721964   2.6293217078316   1.42725667309457e-15   10.3331370636126
0.972264304304304   3.85704403521202   2.62933038761997   1.89282526939021e-15   10.3330719421905
0.982287647647647   3.8570221216067   2.62934220556093   1.82780252969089e-15   10.3329832880675
0.99231099099099   3.85699247368152   2.6293581622096   1.95094586274328e-15   10.3328636028711
1.00233433433433   3.85695269610822   2.62937952736361   2.26488346058256e-15   10.3327033722983
1.01235767767768   3.85689977324398   2.62940789562548   2.48049510230647e-15   10.3324906508364
1.02238102102102   3.8568299487637   2.62944524818864   3.20080371895953e-15   10.3322106003091
1.03240436436436   3.85673859415138   2.62949401997211   3.59354477859047e-15   10.331844988966
1.04242770770771   3.8566200686591   2.62955717066745   3.77206382973082e-15   10.3313716620922
1.05245105105105   3.85646757458086   2.62963825763171   3.75137554049759e-15   10.3307639998948
1.06247439439439   3.8562730130172   2.62974150789599   4.21361785710008e-15   10.3299903834794
1.07249773773774   3.85602684664452   2.62987188590357   4.10681921693314e-15   10.3290136947251
1.08252108108108   3.85571797724149   2.63003515300121   4.07424841440779e-15   10.3277908803889
1.09254442442442   3.85533364674061   2.63023791424606   4.09582553461473e-15   10.3262726143188
1.10256776776777   3.85485937122828   2.63048764782549   4.01284722633071e-15   10.3244030937191
1.11259111111111   3.85427891748216   2.63079271238159   3.79276841740798e-15   10.322120005501
1.12261445445445   3.85357433119588   2.63116232783671   3.68257174439358e-15   10.3193546964568
1.1326377977978   3.85272602492275   2.63160652596133   3.65671164881995e-15   10.3160325760683
1.14266114114114   3.85171293194731   2.63213606791372   3.73858953926449e-15   10.3120737731521
1.15268448448449   3.85051272980708   2.63276232727986   3.89965951094961e-15   10.3073940574666
1.16270782782783   3.84910213414494   2.63349713868861   4.38411539188898e-15   10.3019060253446
1.17273117117117   3.84745726015381   2.6343526137716   4.92973940852515e-15   10.2955205350834
1.18275451451452   3.84555404530945   2.63534092796194   5.53022124893785e-15   10.2881483641726
1.19277785785786   3.84336872364095   2.63647408324525   5.84121718695685e-15   10.2797020474886
1.2028012012012   3.84087833873404   2.63776365336253   6.53813568235538e-15   10.2700978443887
1.21282454454455   3.83806128024838   2.63922051900227   6.75212044378363e-15   10.2592577741241
1.22284788788789   3.83489782715477   2.64085460112718   6.81850941081412e-15   10.2471116538711
1.23287123123123   3.83137068028307   2.64267460071553   6.72246994313986e-15   10.233599072351
1.24289457457458   3.82746546715247   2.64468775286108   6.64851524101837e-15   10.2186712345391
1.25291791791792   3.82317120337329   2.6468996024131   6.59313167273902e-15   10.2022926190415
1.26294126126126   3.81848069702618   2.64931380723267   6.60431685448837e-15   10.1844423987462
1.27296460460461   3.81339088513521   2.65193197380015   6.32963822340385e-15   10.1651155864927
1.28298794794795   3.80790309441187   2.65475352845521   6.00288361719253e-15   10.144323879776
1.29301129129129   3.8020232216017   2.65777562610612   6.24814425192246e-15   10.1220961909107
1.30303463463464   3.79576183177004   2.66099309692001   6.61280243050613e-15   10.0984788607035
1.31305797797798   3.78913417551194   2.66439843038972   6.95386139429524e-15   10.0735355637501
1.32308132132132   3.78216012820752   2.66798179532766   7.10727795609347e-15   10.0473469214289
1.33310466466467   3.77486405597255   2.67173109379502   7.17058472451654e-15   10.0200098441938
1.34312800800801   3.76727461384333   2.67563204673803   7.3434583786942e-15   9.99163662779475
1.35315135135135   3.75942448200977   2.67966830914792   7.50550133675282e-15   9.96235382872535
1.3631746946947   3.75135004565193   2.68382161283958   8.24699708484537e-15   9.93230094285661
1.37319803803804   3.74309102326139   2.68807193539016   8.59775436976497e-15   9.90162890833662
1.38322138138138   3.73469004739447   2.69239769431255   8.78893357773928e-15   9.87049845002695
1.39324472472473   3.72619220078196   2.69677596607018   9.04295376380255e-15   9.83907827865522
1.40326806806807   3.71764450979613   2.70118272997368   9.28730075395831e-15   9.80754315418094
1.41329141141141   3.70909539663653   2.70559313724076   9.45485435920649e-15   9.77607182027418
1.42331475475476   3.70059409141886   2.70998180545553   9.5172216699973e-15   9.74484481592255
1.4333380980981   3.69219000579151   2.71432313825304   9.4610161547295e-15   9.71404217154997
1.44336144144144   3.68393207088143   2.71859166921511   9.28306232118463e-15   9.68384100104619
1.45338478478479   3.67586804434804   2.72276242766599   8.98839763133121e-15   9.65441300796406
1.46340812812813   3.66804379409261   2.7268113223084   8.9190323237006e-15   9.62592193376589
1.47343147147147   3.66050256962616   2.73071553650863   8.9793310022146e-15   9.59852098798536
1.48345481481482   3.6532842760293   2.73445392665   8.55386719287887e-15   9.57235031372124
1.49347815815816   3.64642476951165   2.73800741252408   7.8731304437312e-15   9.54753455579957
1.50350150150151   3.63995519735871   2.74135934647665   7.44158138710151e-15   9.52418061165909
1.51352484484485   3.63390140801809   2.74449584627771   7.07851162346453e-15   9.50237565469445
1.52354818818819   3.62828345867281   2.74740607576276   6.88167126959304e-15   9.48218552450003
1.53357153153154   3.62311524736333   2.75008245749117   6.74031581597798e-15   9.46365357643289
1.54359487487488   3.61840429416401   2.75252080320439   6.56851978645048e-15   9.44680007285501
1.55361821821822   3.61415169091691   2.75472035082845   6.36713618430857e-15   9.43162217979232
1.56364156156157   3.61035223168271   2.75668370107161   6.5649814104863e-15   9.41809460603623
1.57366490490491   3.60699472680673   2.75841665205017   6.71777151519617e-15   9.40617088850696
1.58368824824825   3.60406249304428   2.75992793639262   6.91247751543665e-15   9.3957852906458
1.5937115915916   3.6015340015008   2.76122887135339   7.22314050664261e-15   9.38685524314725
1.60373493493494   3.59938365529089   2.76233293799035   7.69248350901065e-15   9.37928422227816
1.61375827827828   3.59758266083976   2.76325530983646   8.09384782500765e-15   9.37296493398161
1.62378162162163   3.596099951485   2.76401235426475   8.43024807849957e-15   9.36778265482416
1.63380496496497   3.59490312001463   2.76462113063873   9.02976380425809e-15   9.3636185753584
1.64382830830831   3.59395931813529   2.76509890832118   9.40789900165601e-15   9.36035299797382
1.65385165165166   3.59323608534253   2.76546272487396   9.89970117500798e-15   9.35786825872001
1.663874994995   3.59270207665816   2.76572900069755   1.05351710254597e-14   9.35605126863282
1.67389833833834   3.59232766736815   2.76591322143002   1.08829312124729e-14   9.35479560170143
1.68392168168169   3.59208542229238   2.76602969419127   1.15495511635814e-14   9.35400309038296
1.69394502502503   3.59195042632886   2.76609137872522   1.13967826647387e-14   9.35358492225602
1.70396836836837   3.59190048126237   2.76610979007571   1.13844250589601e-14   9.35346226029491
1.71399171171172   3.59191618054526   2.76609496591557   1.13210122043077e-14   9.3535664324232
1.72401505505506   3.59198087862721   2.76605548918029   1.09741789700242e-14   9.35383875243081
1.7340383983984   3.59208057434596   2.765998555253   1.08884372630548e-14   9.35423004382191
1.74406174174175   3.59220372901069   2.76593007251871   1.09266934128418e-14   9.35469994120893
1.75408508508509   3.59234103937482   2.76585478549039   1.05310028067928e-14   9.35521604148771
1.76410842842843   3.59248518405547   2.76577641070845   1.03454229328264e-14   9.35575297050938
1.77413177177178   3.5926305594912   2.7656977770184   9.89720994354527e-15   9.35629142167902
1.78415511511512   3.59277301860222   2.76562096344469   9.98443135806651e-15   9.35681721215636
1.79417845845846   3.59290962224512   2.7655474295359   1.017494343548e-14   9.35732039122538
1.80420180180181   3.59303841058927   2.76547813463024   1.0853877745185e-14   9.35779442480823
1.81422514514515   3.59315819886435   2.76541364389164   1.16242929105939e-14   9.35823547063444
1.82424848848849   3.59326839964878   2.76535422014458   1.19933803968679e-14   9.35864175060359
1.83427183183184   3.59336887203774   2.76529990146837   1.19805560637181e-14   9.35901302055003
1.84429517517518   3.59345979665012   2.76525056520342   1.17451756976117e-14   9.35935013291902
1.85431851851853   3.59354157447289   2.76520597949207   1.18345104719881e-14   9.35965468466203
1.86434186186187   3.59361474694453   2.76516584375713   1.20256535556851e-14   9.3599287407516
1.87436520520521   3.59367993437937   2.76512981964635   1.21202440751899e-14   9.36017462286119
1.88438854854856   3.59373778976115   2.76509755397882   1.17003968230322e-14   9.36039475270801
1.8944118918919   3.59378896501929   2.76506869515141   1.15843200543017e-14   9.36059154008596
1.90443523523524   3.59383408708317   2.76504290433194   1.15987479041537e-14   9.3607673065193
1.91445857857859   3.59387374123497   2.76501986260287   1.13255331553562e-14   9.36092423657941
1.92448192192193   3.59390845950572   2.7649992750455   1.08583684784039e-14   9.36106435009629
1.93450526526527   3.59393871204523   2.76498087258349   1.00590415840959e-14   9.36118948966951
1.94452860860862   3.59396489951729   2.76496441224434   9.35618560664065e-15   9.36130131897591
1.95455195195196   3.59398734460243   2.76494967635541   8.37124085335178e-15   9.36140132834511
1.9645752952953   3.59400628061785   2.76493647106841   7.15902195516648e-15   9.36149084491143
1.97459863863865   3.59402183507436   2.76492462450439   6.14713295006276e-15   9.36157104534813
1.98462198198199   3.59403400568028   2.76491398472866   5.39352679345678e-15   9.36164296975413
1.99464532532533   3.59404262587369   2.76490441770003   4.45295473162473e-15   9.36170753570743
2.00466866866868   3.59404731642937   2.76489580528916   3.51942597520883e-15   9.36176555183961
2.01469201201202   3.59404741906887   2.76488804342362   2.4568196841482e-15   9.3618177305384
2.02471535535536   3.59404190734175   2.76488104039057   1.71544021832912e-15   9.36186469956811
2.03473869869871   3.59402926940026   2.76487471530939   3.98221586265708e-16   9.36190701252474
2.04476204204205   3.59400735674001   2.76486899677421   -2.63035292391144e-16   9.36194515812712
2.05478538538539   3.59397319262586   2.76486382165833   -8.84051818525332e-16   9.36197956839851
2.06480872872874   3.59392273389267   2.76485913406831   -1.37743917839015e-15   9.36201062582349
2.07483207207208   3.59385058024516   2.7648548844332   -1.30538049522712e-15   9.36203866957946
2.08485541541542   3.59374962623537   2.76485102871386   -1.69551850287943e-15   9.36206400094609
2.09487875875877   3.59361065292145   2.76484752771768   -1.32383563362687e-15   9.36208688799295
2.10490210210211   3.59342185894387   2.76484434650509   -8.36086938310992e-16   9.36210756963913
2.11492544544545   3.59316833448993   2.76484145387546   -5.90541343570672e-16   9.36212625916968
2.1249487887888   3.59283148639312   2.76483882192134   -2.52164377194948e-16   9.36214314728434
2.13497213213214   3.59238842837774   2.76483642564148   -1.77418081159608e-17   9.36215840474442
2.14499547547548   3.59181135705736   2.76483424260422   2.88758453373299e-16   9.36217218467522
2.15501881881883   3.59106694144177   2.76483225265423   6.92426479517668e-16   9.36218462457273
2.16504216216217   3.59011576098689   2.76483043765634   8.57373880217997e-16   9.36219584805694
2.17506550550551   3.58891183408474   2.76482878127136   6.37701714529503e-16   9.36220596640727
2.18508884884886   3.58740228467785   2.76482726875941   8.83155649552183e-16   9.36221507991045
2.1951121921922   3.58552719865543   2.7648258868071   1.14851062605972e-15   9.36222327904673
2.20513553553555   3.58321972308673   2.76482462337524   1.59823449653255e-15   9.36223064553623
2.21515887887889   3.58040645945503   2.7648234675645   1.54088372062705e-15   9.36223725326377
2.22518222222223   3.57700819627901   2.7648224094966   1.36125611168473e-15   9.36224316909813
2.23520556556558   3.57294101646334   2.76482144020919   1.45312207465129e-15   9.36224845361891
2.24522890890892   3.56811780030725   2.7648205515625   1.44546275455359e-15   9.36225316176237
2.25525225225226   3.56245012657051   2.76481973615664   1.20679974491625e-15   9.36225734339588
2.26527559559561   3.55585055199693   2.76481898725793   7.97608230350511e-16   9.36226104382928
2.27529893893895   3.54823522526979   2.76481829873338   4.49357786689337e-16   9.36226430427018
2.28532228228229   3.5395267659381   2.76481766499236   2.86864221720473e-16   9.36226716222935
2.29534562562564   3.52965731411913   2.76481708093448   3.45030302235873e-16   9.36226965188147
2.30536896896898   3.5185716346468   2.76481654190305   5.15530741344649e-16   9.36227180438595
2.31539231231232   3.5062301417325   2.76481604364349   1.21802267227432e-15   9.36227364817177
2.32541565565567   3.49261169893788   2.76481558226593   1.35558829275018e-15   9.36227520919038
2.33543899899901   3.47771604582661   2.76481515421173   1.5843631272192e-15   9.36227651113956
2.34546234234235   3.46156570809485   2.76481475622325   1.93480913374342e-15   9.3622775756617
2.3554856856857   3.44420726270406   2.76481438531655   2.14480363708675e-15   9.36227842251901
2.36550902902904   3.42571185329048   2.76481403875673   2.44523205926763e-15   9.36227906974841
2.37553237237238   3.40617488291676   2.7648137140354   2.48976136021446e-15   9.36227953379868
2.38555571571573   3.38571484939077   2.76481340885026   2.47212974638937e-15   9.36227982965168
2.39557905905907   3.36447133065035   2.76481312108636   2.61247065691698e-15   9.36227997093026
2.40560240240241   3.34260217142266   2.76481284879887   2.34451936097611e-15   9.36227996999433
2.41562574574576   3.32027996462421   2.76481259019729   2.07164234340352e-15   9.36227983802712
2.4256490890891   3.29768795889941   2.76481234363086   2.16901086824062e-15   9.36227958511299
2.43567243243244   3.27501555469061   2.76481210757504   2.11566518972301e-15   9.36227922030827
2.44569577577579   3.25245357315518   2.76481188061899   2.06177955707428e-15   9.36227875170621
2.45571911911913   3.2301894936153   2.76481166145396   1.99094883686175e-15   9.36227818649704
2.46574246246247   3.20840285534082   2.76481144886249   1.70641286678927e-15   9.36227753102397
2.47576580580582   3.18726100844705   2.76481124170838   1.60421224284256e-15   9.36227679083559
2.48578914914916   3.16691537746368   2.7648110389273   9.512365274665e-16   9.36227597073527
2.4958124924925   3.14749837133468   2.76481083951807   -2.83732104316257e-17   9.36227507482769
2.50583583583585   3.12912103743722   2.76481064253449   -1.22560119026497e-15   9.36227410656268
2.51585917917919   3.11187151721892   2.76481044707769   -2.25744288981654e-15   9.36227306877647
2.52588252252253   3.09581431995233   2.76481025228895   -3.30440105893706e-15   9.36227196373005
2.53590586586588   3.08099039152859   2.76481005734295   -4.83014745414326e-15   9.36227079314478
2.54592920920922   3.06741791951928   2.76480986144135   -5.99904894789374e-15   9.36226955823479
2.55595255255257   3.05509378585645   2.76480966380674   -7.24862854541971e-15   9.36226825973616
2.56597589589591   3.04399555579344   2.7648094636768   -8.44779942186172e-15   9.36226689793244
2.57599923923925   3.03408387708361   2.76480926029872   -9.71068138738299e-15   9.36226547267635
2.5860225825826   3.02530515670718   2.76480905292372   -1.04560898006236e-14   9.36226398340736
2.59604592592594   3.01759438357867   2.76480884080164   -1.11994394255217e-14   9.36226242916475
2.60606926926928   3.01087797359279   2.76480862317557   -1.16984515718008e-14   9.36226080859561
2.61609261261263   3.00507652686918   2.7648083992762   -1.18482589159172e-14   9.36225911995702
2.62611595595597   3.00010740466463   2.76480816831579   -1.21576130963145e-14   9.36225736111085
2.63613929929931   2.99588705357556   2.76480792948131   -1.19938436003528e-14   9.3622555295084
2.64616264264266   2.99233302582756   2.76480768192583   -1.18689751364247e-14   9.36225362215964
2.656185985986   2.98936566526123   2.76480742475702   -1.16037437900906e-14   9.36225163557717
2.66620932932934   2.9869094479132   2.76480715701972   -1.1368887216469e-14   9.36224956567558
2.67623267267269   2.98489398296933   2.76480687766779   -1.10481228104387e-14   9.36224740758993
2.68625601601603   2.98325469374055   2.76480658551544   -1.09194585471019e-14   9.36224515534385
2.69627935935937   2.98193320887198   2.76480627914961   -1.06068518739227e-14   9.36224280123448
2.70630270270272   2.98087750119803   2.76480595676859   -1.02009035987357e-14   9.36224033468105
2.71632604604606   2.9800418156688   2.76480561587987   -9.90867427554954e-15   9.36223774005419
2.7263493893894   2.97938642892212   2.76480525273001   -9.547136790805e-15   9.36223499256409
2.73637273273275   2.97887728178493   2.76480486122366   -9.56559415644278e-15   9.36223205044968
2.74639607607609   2.97848552269994   2.76480443086821   -9.56907852456728e-15   9.36222884011428
2.75641941941943   2.97818699517743   2.76480394286032   -9.4526215544845e-15   9.36222522780923
2.76644276276278   2.97796169609567   2.76480336262801   -9.31298874865118e-15   9.36222096565873
2.77646610610612   2.97779322393702   2.76480262561166   -9.09452312343976e-15   9.3622155887405
2.78648944944946   2.97766822621601   2.76480161014796   -8.9472757337175e-15   9.36220821880337
2.79651279279281   2.97757584179788   2.76480008575181   -9.11999171837484e-15   9.36219718989069
2.80653613613615   2.97750711305694   2.76479761446878   -9.15874132241523e-15   9.36217933424452
2.81655947947949   2.97745430801336   2.76479336270761   -8.93440635818781e-15   9.36214862019672
2.82658282282284   2.97741003042709   2.7647857423119   -9.27653184800008e-15   9.36209355400981
2.83660616616618   2.97736588087518   2.76477172590528   -9.21926447491881e-15   9.3619922241188
2.84662950950952   2.97731021554693   2.76474554092104   -9.07083179444247e-15   9.3618028489101
2.85665285285287   2.97722413938334   2.76469617851008   -9.14370179298827e-15   9.36144574993695
2.86667619619621   2.97707409031933   2.76460264197132   -9.10556385730566e-15   9.36076897804665
2.87669953953955   2.97679788771425   2.76442488383482   -9.44294191468214e-15   9.35948278970033
2.8867228828829   2.9762782988901   2.76408652088414   -9.69532260492574e-15   9.35703482203788
2.89674622622624   2.97529283784833   2.76344187217709   -9.59934186148676e-15   9.35237257524235
2.90676956956958   2.97341846039172   2.76221311693521   -9.39510971608113e-15   9.34349247320202
2.91679291291293   2.96985114231385   2.75987054239681   -9.38678637545848e-15   9.32658740161328
2.92681625625627   2.96306648056426   2.75540455193232   -9.34018836277879e-15   9.29444850859697
2.93683959959962   2.95018929576862   2.74689237684847   -9.14943649267391e-15   9.23351701536554
2.94686294294296   2.92585202673823   2.73067760147104   -9.01945826604397e-15   9.11861885006317
2.9568862862863   2.88023263764661   2.69982828981214   -8.78056550335975e-15   8.90417813277096
2.96690962962965   2.79605636265401   2.64128894509378   -8.31385938710633e-15   8.51172259182369
2.97693297297299   2.64532362645887   2.53084499068179   -7.66926578732795e-15   7.8195981065316
2.98695631631633   2.39032922393288   2.32533440008635   -6.67647053914742e-15   6.68091735079114
2.99697965965968   2.00268468475055   1.95648961075919   -5.14277497716404e-15   5.03385122997283
3.00700300300302   1.5186748872276   1.35820336497369   -2.87129280716588e-15   3.14877485879994
3.01702634634636   1.09115802807664   0.624984437572906   -8.11134643367838e-16   1.71770128277497
3.02704968968971   0.870201459703653   0.150119686672698   -2.16656511534888e-16   1.13834627385984
3.03707303303305   0.810878312849611   0.0224404584123822   -1.76657698498684e-17   1.01937748305586
3.04709637637639   0.801432664772482   0.00294448342466825   -1.29463171122708e-21   1.00251244480328
3.05711971971974   0.800184195739695   0.00037853534040888   -5.60713445749059e-26   1.00032242820956
3.06714306306308   0.800023614717236   4.85297820642902e-05   -1.91969548628328e-31   1.0000413271599
3.07716640640642   0.800003026429322   6.21950783539779e-06   -5.30137053444923e-38   1.00000529627438
3.08718974974977   0.800000387845252   7.97047030152512e-07   -1.16560352554445e-45   1.00000067872957
3.09721309309311   0.800000049703149   1.02143179209464e-07   -2.01070121293791e-54   1.00000008698052
3.10723643643645   0.800000006369554   1.30898444128722e-08   -2.60479464926752e-64   1.00000001114672
3.1172597797798   0.80000000081627   1.67748797528819e-09   -2.29209661970966e-75   1.00000000142847
3.12728312312314   0.800000000104607   2.14972474057344e-10   -1.04360751227209e-87   1.00000000018306
3.13730646646648   0.800000000013405   2.75484695717131e-11   -1.87069007047512e-104   1.00000000002346
3.14732980980983   0.800000000001718   3.53004196172361e-12   -9.03546546199094e-119   1.000000000003
3.15735315315317   0.80000000000022   4.52185822390568e-13   -3.17889540659528e-134   1.00000000000038
3.16737649649651   0.800000000000028   5.77404807855796e-14   -6.94477832172137e-151   1.00000000000005
3.17739983983986   0.800000000000003   7.19285928138662e-15   -4.89363675070205e-169   1.00000000000001
3.1874231831832   0.8   8.0623255867533e-16   -1.21214046634097e-187   1
3.19744652652654   0.8   6.32339220317446e-17   -1.78120558582549e-207   1
3.20746986986989   0.8   0   0   1
3.21749321321323   0.8   0   0   1
3.22751655655657   0.8   0   0   1
3.23753989989992   0.8   0   0   1
3.24756324324326   0.8   0   0   1
3.2575865865866   0.8   0   0   1
3.26760992992995   0.8   0   0   1
3.27763327327329   0.8   0   0   1
3.28765661661664   0.8   0   0   1
3.29767995995998   0.8   0   0   1
3.30770330330332   0.8   0   0   1
3.31772664664667   0.8   0   0   1
3.32774998999001   0.8   0   0   1
3.33777333333335   0.8   0   0   1
3.3477966766767   0.8   0   0   1
3.35782002002004   0.8   0   0   1
3.36784336336338   0.8   0   0   1
3.37786670670673   0.8   0   0   1
3.38789005005007   0.8   0   0   1
3.39791339339341   0.8   0   0   1
3.40793673673676   0.8   0   0   1
3.4179600800801   0.8   0   0   1
3.42798342342344   0.8   0   0   1
3.43800676676679   0.8   0   0   1
3.44803011011013   0.8   0   0   1
3.45805345345347   0.8   0   0   1
3.46807679679682   0.8   0   0   1
3.47810014014016   0.8   0   0   1
3.4881234834835   0.8   0   0   1
3.49814682682685   0.8   0   0   1
3.50817017017019   0.8   0   0   1
3.51819351351353   0.8   0   0   1
3.52821685685688   0.8   0   0   1
3.53824020020022   0.8   0   0   1
3.54826354354356   0.8   0   0   1
3.55828688688691   0.8   0   0   1
3.56831023023025   0.8   0   0   1
3.57833357357359   0.8   0   0   1
3.58835691691694   0.8   0   0   1
3.59838026026028   0.8   0   0   1
3.60840360360362   0.8   0   0   1
3.61842694694697   0.8   0   0   1
3.62845029029031   0.8   0   0   1
3.63847363363366   0.8   0   0   1
3.648496976977   0.8   0   0   1
3.65852032032034   0.8   0   0   1
3.66854366366369   0.8   0   0   1
3.67856700700703   0.8   0   0   1
3.68859035035037   0.8   0   0   1
3.69861369369372   0.8   0   0   1
3.70863703703706   0.8   0   0   1
3.7186603803804   0.8   0   0   1
3.72868372372375   0.8   0   0   1
3.73870706706709   0.8   0   0   1
3.74873041041043   0.8   0   0   1
3.75875375375378   0.8   0   0   1
3.76877709709712   0.8   0   0   1
3.77880044044046   0.8   0   0   1
3.78882378378381   0.8   0   0   1
3.79884712712715   0.8   0   0   1
3.80887047047049   0.8   0   0   1
3.81889381381384   0.8   0   0   1
3.82891715715718   0.8   0   0   1
3.83894050050052   0.8   0   0   1
3.84896384384387   0.8   0   0   1
3.85898718718721   0.8   0   0   1
3.86901053053055   0.8   0   0   1
3.8790338738739   0.8   0   0   1
3.88905721721724   0.8   0   0   1
3.89908056056058   0.8   0   0   1
3.90910390390393   0.8   0   0   1
3.91912724724727   0.8   0   0   1
3.92915059059061   0.8   0   0   1
3.93917393393396   0.8   0   0   1
3.9491972772773   0.8   0   0   1
3.95922062062064   0.8   0   0   1
3.96924396396399   0.8   0   0   1
3.97926730730733   0.8   0   0   1
3.98929065065068   0.8   0   0   1
3.99931399399402   0.8   0   0   1
4.00933733733736   0.8   0   0   1
4.01936068068071   0.8   0   0   1
4.02938402402405   0.8   0   0   1
4.03940736736739   0.8   0   0   1
4.04943071071074   0.8   0   0   1
4.05945405405408   0.8   0   0   1
4.06947739739742   0.8   0   0   1
4.07950074074077   0.8   0   0   1
4.08952408408411   0.8   0   0   1
4.09954742742745   0.8   0   0   1
4.1095707707708   0.8   0   0   1
4.11959411411414   0.8   0   0   1
4.12961745745748   0.8   0   0   1
4.13964080080083   0.8   0   0   1
4.14966414414417   0.8   0   0   1
4.15968748748751   0.8   0   0   1
4.16971083083086   0.8   0   0   1
4.1797341741742   0.8   0   0   1
4.18975751751754   0.8   0   0   1
4.19978086086089   0.8   0   0   1
4.20980420420423   0.8   0   0   1
4.21982754754757   0.8   0   0   1
4.22985089089092   0.8   0   0   1
4.23987423423426   0.8   0   0   1
4.2498975775776   0.8   0   0   1
4.25992092092095   0.8   0   0   1
4.26994426426429   0.8   0   0   1
4.27996760760763   0.8   0   0   1
4.28999095095098   0.8   0   0   1
4.30001429429432   0.8   0   0   1
4.31003763763766   0.8   0   0   1
4.32006098098101   0.8   0   0   1
4.33008432432435   0.8   0   0   1
4.3401076676677   0.8   0   0   1
4.35013101101104   0.8   0   0   1
4.36015435435438   0.8   0   0   1
4.37017769769773   0.8   0   0   1
4.38020104104107   0.8   0   0   1
4.39022438438441   0.8   0   0   1
4.40024772772776   0.8   0   0   1
4.4102710710711   0.8   0   0   1
4.42029441441444   0.8   0   0   1
4.43031775775779   0.8   0   0   1
4.44034110110113   0.8   0   0   1
4.45036444444447   0.8   0   0   1
4.46038778778782   0.8   0   0   1
4.47041113113116   0.8   0   0   1
4.4804344744745   0.8   0   0   1
4.49045781781785   0.8   0   0   1
4.50048116116119   0.8   0   0   1
4.51050450450453   0.8   0   0   1
4.52052784784788   0.8   0   0   1
4.53055119119122   0.8   0   0   1
4.54057453453456   0.8   0   0   1
4.55059787787791   0.8   0   0   1
4.56062122122125   0.8   0   0   1
4.57064456456459   0.8   0   0   1
4.58066790790794   0.8   0   0   1
4.59069125125128   0.8   0   0   1
4.60071459459462   0.8   0   0   1
4.61073793793797   0.8   0   0   1
4.62076128128131   0.8   0   0   1
4.63078462462465   0.8   0   0   1
4.640807967968   0.8   0   0   1
4.65083131131134   0.8   0   0   1
4.66085465465468   0.8   0   0   1
4.67087799799803   0.8   0   0   1
4.68090134134137   0.8   0   0   1
4.69092468468472   0.8   0   0   1
4.70094802802806   0.8   0   0   1
4.7109713713714   0.8   0   0   1
4.72099471471475   0.8   0   0   1
4.73101805805809   0.8   0   0   1
4.74104140140143   0.8   0   0   1
4.75106474474478   0.8   0   0   1
4.76108808808812   0.8   0   0   1
4.77111143143146   0.8   0   0   1
4.78113477477481   0.8   0   0   1
4.79115811811815   0.8   0   0   1
4.80118146146149   0.8   0   0   1
4.81120480480484   0.8   0   0   1
4.82122814814818   0.8   0   0   1
4.83125149149152   0.8   0   0   1
4.84127483483487   0.8   0   0   1
4.85129817817821   0.8   0   0   1
4.86132152152155   0.8   0   0   1
4.8713448648649   0.8   0   0   1
4.88136820820824   0.8   0   0   1
4.89139155155158   0.8   0   0   1
4.90141489489493   0.8   0   0   1
4.91143823823827   0.8   0   0   1
4.92146158158161   0.8   0   0   1
4.93148492492496   0.8   0   0   1
4.9415082682683   0.8   0   0   1
4.95153161161164   0.8   0   0   1
4.96155495495499   0.8   0   0   1
4.97157829829833   0.8   0   0   1
4.98160164164167   0.8   0   0   1
4.99162498498502   0.8   0   0   1
5.00164832832836   0.8   0   0   1
5.0116716716717   0.8   0   0   1
5.02169501501505   0.8   0   0   1
5.03171835835839   0.8   0   0   1
5.04174170170173   0.8   0   0   1
5.05176504504508   0.8   0   0   1
5.06178838838842   0.8   0   0   1
5.07181173173177   0.8   0   0   1
5.08183507507511   0.8   0   0   1
5.09185841841845   0.8   0   0   1
5.1018817617618   0.8   0   0   1
5.11190510510514   0.8   0   0   1
5.12192844844848   0.8   0   0   1
5.13195179179183   0.8   0   0   1
5.14197513513517   0.8   0   0   1
5.15199847847851   0.8   0   0   1
5.16202182182186   0.8   0   0   1
5.1720451651652   0.8   0   0   1
5.18206850850854   0.8   0   0   1
5.19209185185189   0.8   0   0   1
5.20211519519523   0.8   0   0   1
5.21213853853857   0.8   0   0   1
5.22216188188192   0.8   0   0   1
5.23218522522526   0.8   0   0   1
5.2422085685686   0.8   0   0   1
5.25223191191195   0.8   0   0   1
5.26225525525529   0.8   0   0   1
5.27227859859863   0.8   0   0   1
5.28230194194198   0.8   0   0   1
5.29232528528532   0.8   0   0   1
5.30234862862866   0.8   0   0   1
5.31237197197201   0.8   0   0   1
5.32239531531535   0.8   0   0   1
5.33241865865869   0.8   0   0   1
5.34244200200204   0.8   0   0   1
5.35246534534538   0.8   0   0   1
5.36248868868872   0.8   0   0   1
5.37251203203207   0.8   0   0   1
5.38253537537541   0.8   0   0   1
5.39255871871875   0.8   0   0   1
5.4025820620621   0.8   0   0   1
5.41260540540544   0.8   0   0   1
5.42262874874879   0.8   0   0   1
5.43265209209213   0.8   0   0   1
5.44267543543547   0.8   0   0   1
5.45269877877882   0.8   0   0   1
5.46272212212216   0.8   0   0   1
5.4727454654655   0.8   0   0   1
5.48276880880885   0.8   0   0   1
5.49279215215219   0.8   0   0   1
5.50281549549553   0.8   0   0   1
5.51283883883888   0.8   0   0   1
5.52286218218222   0.8   0   0   1
5.53288552552556   0.8   0   0   1
5.54290886886891   0.8   0   0   1
5.55293221221225   0.8   0   0   1
5.56295555555559   0.8   0   0   1
5.57297889889894   0.8   0   0   1
5.58300224224228   0.8   0   0   1
5.59302558558562   0.8   0   0   1
5.60304892892897   0.8   0   0   1
5.61307227227231   0.8   0   0   1
5.62309561561565   0.8   0   0   1
5.633118958959   0.8   0   0   1
5.64314230230234   0.8   0   0   1
5.65316564564568   0.8   0   0   1
5.66318898898903   0.8   0   0   1
5.67321233233237   0.8   0   0   1
5.68323567567571   0.8   0   0   1
5.69325901901906   0.8   0   0   1
5.7032823623624   0.8   0   0   1
5.71330570570574   0.8   0   0   1
5.72332904904909   0.8   0   0   1
5.73335239239243   0.8   0   0   1
5.74337573573577   0.8   0   0   1
5.75339907907912   0.8   0   0   1
5.76342242242246   0.8   0   0   1
5.77344576576581   0.8   0   0   1
5.78346910910915   0.8   0   0   1
5.79349245245249   0.8   0   0   1
5.80351579579584   0.8   0   0   1
5.81353913913918   0.8   0   0   1
5.82356248248252   0.8   0   0   1
5.83358582582587   0.8   0   0   1
5.84360916916921   0.8   0   0   1
5.85363251251255   0.8   0   0   1
5.8636558558559   0.8   0   0   1
5.87367919919924   0.8   0   0   1
5.88370254254258   0.8   0   0   1
5.89372588588593   0.8   0   0   1
5.90374922922927   0.8   0   0   1
5.91377257257261   0.8   0   0   1
5.92379591591596   0.8   0   0   1
5.9338192592593   0.8   0   0   1
5.94384260260264   0.8   0   0   1
5.95386594594599   0.8   0   0   1
5.96388928928933   0.8   0   0   1
5.97391263263267   0.8   0   0   1
5.98393597597602   0.8   0   0   1
5.99395931931936   0.8   0   0   1
6.0039826626627   0.8   0   0   1
6.01400600600605   0.8   0   0   1
6.02402934934939   0.8   0   0   1
6.03405269269273   0.8   0   0   1
6.04407603603608   0.8   0   0   1
6.05409937937942   0.8   0   0   1
6.06412272272276   0.8   0   0   1
6.07414606606611   0.8   0   0   1
6.08416940940945   0.8   0   0   1
6.09419275275279   0.8   0   0   1
6.10421609609614   0.8   0   0   1
6.11423943943948   0.8   0   0   1
6.12426278278283   0.8   0   0   1
6.13428612612617   0.8   0   0   1
6.14430946946951   0.8   0   0   1
6.15433281281286   0.8   0   0   1
6.1643561561562   0.8   0   0   1
6.17437949949954   0.8   0   0   1
6.18440284284289   0.8   0   0   1
6.19442618618623   0.8   0   0   1
6.20444952952957   0.8   0   0   1
6.21447287287292   0.8   0   0   1
6.22449621621626   0.8   0   0   1
6.2345195595596   0.8   0   0   1
6.24454290290295   0.8   0   0   1
6.25456624624629   0.8   0   0   1
6.26458958958963   0.8   0   0   1
6.27461293293298   0.8   0   0   1
6.28463627627632   0.8   0   0   1
6.29465961961966   0.8   0   0   1
6.30468296296301   0.8   0   0   1
6.31470630630635   0.8   0   0   1
6.32472964964969   0.8   0   0   1
6.33475299299304   0.8   0   0   1
6.34477633633638   0.8   0   0   1
6.35479967967972   0.8   0   0   1
6.36482302302307   0.8   0   0   1
6.37484636636641   0.8   0   0   1
6.38486970970975   0.8   0   0   1
6.3948930530531   0.8   0   0   1
6.40491639639644   0.8   0   0   1
6.41493973973978   0.8   0   0   1
6.42496308308313   0.8   0   0   1
6.43498642642647   0.8   0   0   1
6.44500976976981   0.8   0   0   1
6.45503311311316   0.8   0   0   1
6.4650564564565   0.8   0   0   1
6.47507979979985   0.8   0   0   1
6.48510314314319   0.8   0   0   1
6.49512648648653   0.8   0   0   1
6.50514982982988   0.8   0   0   1
6.51517317317322   0.8   0   0   1
6.52519651651656   0.8   0   0   1
6.53521985985991   0.8   0   0   1
6.54524320320325   0.8   0   0   1
6.55526654654659   0.8   0   0   1
6.56528988988994   0.8   0   0   1
6.57531323323328   0.8   0   0   1
6.58533657657662   0.8   0   0   1
6.59535991991997   0.8   0   0   1
6.60538326326331   0.8   0   0   1
6.61540660660665   0.8   0   0   1
6.62542994995   0.8   0   0   1
6.63545329329334   0.8   0   0   1
6.64547663663668   0.8   0   0   1
6.65549997998003   0.8   0   0   1
6.66552332332337   0.8   0   0   1
6.67554666666671   0.8   0   0   1
6.68557001001006   0.8   0   0   1
6.6955933533534   0.8   0   0   1
6.70561669669674   0.8   0   0   1
6.71564004004009   0.8   0   0   1
6.72566338338343   0.8   0   0   1
6.73568672672677   0.8   0   0   1
6.74571007007012   0.8   0   0   1
6.75573341341346   0.8   0   0   1
6.7657567567568   0.8   0   0   1
6.77578010010015   0.8   0   0   1
6.78580344344349   0.8   0   0   1
6.79582678678683   0.8   0   0   1
6.80585013013018   0.8   0   0   1
6.81587347347352   0.8   0   0   1
6.82589681681686   0.8   0   0   1
6.83592016016021   0.8   0   0   1
6.84594350350355   0.8   0   0   1
6.8559668468469   0.8   0   0   1
6.86599019019024   0.8   0   0   1
6.87601353353358   0.8   0   0   1
6.88603687687693   0.8   0   0   1
6.89606022022027   0.8   0   0   1
6.90608356356361   0.8   0   0   1
6.91610690690696   0.8   0   0   1
6.9261302502503   0.8   0   0   1
6.93615359359364   0.8   0   0   1
6.94617693693699   0.8   0   0   1
6.95620028028033   0.8   0   0   1
6.96622362362367   0.8   0   0   1
6.97624696696702   0.8   0   0   1
6.98627031031036   0.8   0   0   1
6.9962936536537   0.8   0   0   1
7.00631699699705   0.8   0   0   1
7.01634034034039   0.8   0   0   1
7.02636368368373   0.8   0   0   1
7.03638702702708   0.8   0   0   1
7.04641037037042   0.8   0   0   1
7.05643371371376   0.8   0   0   1
7.06645705705711   0.8   0   0   1
7.07648040040045   0.8   0   0   1
7.08650374374379   0.8   0   0   1
7.09652708708714   0.8   0   0   1
7.10655043043048   0.8   0   0   1
7.11657377377382   0.8   0   0   1
7.12659711711717   0.8   0   0   1
7.13662046046051   0.8   0   0   1
7.14664380380385   0.8   0   0   1
7.1566671471472   0.8   0   0   1
7.16669049049054   0.8   0   0   1
7.17671383383388   0.8   0   0   1
7.18673717717723   0.8   0   0   1
7.19676052052057   0.8   0   0   1
7.20678386386392   0.8   0   0   1
7.21680720720726   0.8   0   0   1
7.2268305505506   0.8   0   0   1
7.23685389389395   0.8   0   0   1
7.24687723723729   0.8   0   0   1
7.25690058058063   0.8   0   0   1
7.26692392392398   0.8   0   0   1
7.27694726726732   0.8   0   0   1
7.28697061061066   0.8   0   0   1
7.29699395395401   0.8   0   0   1
7.30701729729735   0.8   0   0   1
7.31704064064069   0.8   0   0   1
7.32706398398404   0.8   0   0   1
7.33708732732738   0.8   0   0   1
7.34711067067072   0.8   0   0   1
7.35713401401407   0.8   0   0   1
7.36715735735741   0.8   0   0   1
7.37718070070075   0.8   0   0   1
7.3872040440441   0.8   0   0   1
7.39722738738744   0.8   0   0   1
7.40725073073078   0.8   0   0   1
7.41727407407413   0.8   0   0   1
7.42729741741747   0.8   0   0   1
7.43732076076081   0.8   0   0   1
7.44734410410416   0.8   0   0   1
7.4573674474475   0.8   0   0   1
7.46739079079084   0.8   0   0   1
7.47741413413419   0.8   0   0   1
7.48743747747753   0.8   0   0   1
7.49746082082087   0.8   0   0   1
7.50748416416422   0.8   0   0   1
7.51750750750756   0.8   0   0   1
7.5275308508509   0.8   0   0   1
7.53755419419425   0.8   0   0   1
7.54757753753759   0.8   0   0   1
7.55760088088094   0.8   0   0   1
7.56762422422428   0.8   0   0   1
7.57764756756762   0.8   0   0   1
7.58767091091097   0.8   0   0   1
7.59769425425431   0.8   0   0   1
7.60771759759765   0.8   0   0   1
7.617740940941   0.8   0   0   1
7.62776428428434   0.8   0   0   1
7.63778762762768   0.8   0   0   1
7.64781097097103   0.8   0   0   1
7.65783431431437   0.8   0   0   1
7.66785765765771   0.8   0   0   1
7.67788100100106   0.8   0   0   1
7.6879043443444   0.8   0   0   1
7.69792768768774   0.8   0   0   1
7.70795103103109   0.8   0   0   1
7.71797437437443   0.8   0   0   1
7.72799771771777   0.8   0   0   1
7.73802106106112   0.8   0   0   1
7.74804440440446   0.8   0   0   1
7.7580677477478   0.8   0   0   1
7.76809109109115   0.8   0   0   1
7.77811443443449   0.8   0   0   1
7.78813777777783   0.8   0   0   1
7.79816112112118   0.8   0   0   1
7.80818446446452   0.8   0   0   1
7.81820780780786   0.8   0   0   1
7.82823115115121   0.8   0   0   1
7.83825449449455   0.8   0   0   1
7.84827783783789   0.8   0   0   1
7.85830118118124   0.8   0   0   1
7.86832452452458   0.8   0   0   1
7.87834786786792   0.8   0   0   1
7.88837121121127   0.8   0   0   1
7.89839455455461   0.8   0   0   1
7.90841789789796   0.8   0   0   1
7.9184412412413   0.8   0   0   1
7.92846458458464   0.8   0   0   1
7.93848792792799   0.8   0   0   1
7.94851127127133   0.8   0   0   1
7.95853461461467   0.8   0   0   1
7.96855795795802   0.8   0   0   1
7.97858130130136   0.8   0   0   1
7.9886046446447   0.8   0   0   1
7.99862798798805   0.8   0   0   1
8.00865133133139   0.8   0   0   1
8.01867467467473   0.8   0   0   1
8.02869801801808   0.8   0   0   1
8.03872136136142   0.8   0   0   1
8.04874470470476   0.8   0   0   1
8.05876804804811   0.8   0   0   1
8.06879139139145   0.8   0   0   1
8.07881473473479   0.8   0   0   1
8.08883807807814   0.8   0   0   1
8.09886142142148   0.8   0   0   1
8.10888476476482   0.8   0   0   1
8.11890810810817   0.8   0   0   1
8.12893145145151   0.8   0   0   1
8.13895479479485   0.8   0   0   1
8.1489781381382   0.8   0   0   1
8.15900148148154   0.8   0   0   1
8.16902482482488   0.8   0   0   1
8.17904816816823   0.8   0   0   1
8.18907151151157   0.8   0   0   1
8.19909485485491   0.8   0   0   1
8.20911819819826   0.8   0   0   1
8.2191415415416   0.8   0   0   1
8.22916488488494   0.8   0   0   1
8.23918822822829   0.8   0   0   1
8.24921157157163   0.8   0   0   1
8.25923491491498   0.8   0   0   1
8.26925825825832   0.8   0   0   1
8.27928160160166   0.8   0   0   1
8.28930494494501   0.8   0   0   1
8.29932828828835   0.8   0   0   1
8.30935163163169   0.8   0   0   1
8.31937497497504   0.8   0   0   1
8.32939831831838   0.8   0   0   1
8.33942166166172   0.8   0   0   1
8.34944500500507   0.8   0   0   1
8.35946834834841   0.8   0   0   1
8.36949169169175   0.8   0   0   1
8.3795150350351   0.8   0   0   1
8.38953837837844   0.8   0   0   1
8.39956172172178   0.8   0   0   1
8.40958506506513   0.8   0   0   1
8.41960840840847   0.8   0   0   1
8.42963175175181   0.8   0   0   1
8.43965509509516   0.8   0   0   1
8.4496784384385   0.8   0   0   1
8.45970178178184   0.8   0   0   1
8.46972512512519   0.8   0   0   1
8.47974846846853   0.8   0   0   1
8.48977181181187   0.8   0   0   1
8.49979515515522   0.8   0   0   1
8.50981849849856   0.8   0   0   1
8.5198418418419   0.8   0   0   1
8.52986518518525   0.8   0   0   1
8.53988852852859   0.8   0   0   1
8.54991187187193   0.8   0   0   1
8.55993521521528   0.8   0   0   1
8.56995855855862   0.8   0   0   1
8.57998190190196   0.8   0   0   1
8.59000524524531   0.8   0   0   1
8.60002858858865   0.8   0   0   1
8.610051931932   0.8   0   0   1
8.62007527527534   0.8   0   0   1
8.63009861861868   0.8   0   0   1
8.64012196196203   0.8   0   0   1
8.65014530530537   0.8   0   0   1
8.66016864864871   0.8   0   0   1
8.67019199199206   0.8   0   0   1
8.6802153353354   0.8   0   0   1
8.69023867867874   0.8   0   0   1
8.70026202202209   0.8   0   0   1
8.71028536536543   0.8   0   0   1
8.72030870870877   0.8   0   0   1
8.73033205205212   0.8   0   0   1
8.74035539539546   0.8   0   0   1
8.7503787387388   0.8   0   0   1
8.76040208208215   0.8   0   0   1
8.77042542542549   0.8   0   0   1
8.78044876876883   0.8   0   0   1
8.79047211211218   0.8   0   0   1
8.80049545545552   0.8   0   0   1
8.81051879879886   0.8   0   0   1
8.82054214214221   0.8   0   0   1
8.83056548548555   0.8   0   0   1
8.84058882882889   0.8   0   0   1
8.85061217217224   0.8   0   0   1
8.86063551551558   0.8   0   0   1
8.87065885885892   0.8   0   0   1
8.88068220220227   0.8   0   0   1
8.89070554554561   0.8   0   0   1
8.90072888888895   0.8   0   0   1
8.9107522322323   0.8   0   0   1
8.92077557557564   0.8   0   0   1
8.93079891891898   0.8   0   0   1
8.94082226226233   0.8   0   0   1
8.95084560560567   0.8   0   0   1
8.96086894894901   0.8   0   0   1
8.97089229229236   0.8   0   0   1
8.9809156356357   0.8   0   0   1
8.99093897897905   0.8   0   0   1
9.00096232232239   0.8   0   0   1
9.01098566566573   0.8   0   0   1
9.02100900900908   0.8   0   0   1
9.03103235235242   0.8   0   0   1
9.04105569569576   0.8   0   0   1
9.05107903903911   0.8   0   0   1
9.06110238238245   0.8   0   0   1
9.07112572572579   0.8   0   0   1
9.08114906906914   0.8   0   0   1
9.09117241241248   0.8   0   0   1
9.10119575575582   0.8   0   0   1
9.11121909909917   0.8   0   0   1
9.12124244244251   0.8   0   0   1
9.13126578578585   0.8   0   0   1
9.1412891291292   0.8   0   0   1
9.15131247247254   0.8   0   0   1
9.16133581581588   0.8   0   0   1
9.17135915915923   0.8   0   0   1
9.18138250250257   0.8   0   0   1
9.19140584584591   0.8   0   0   1
9.20142918918926   0.8   0   0   1
9.2114525325326   0.8   0   0   1
9.22147587587594   0.8   0   0   1
9.23149921921929   0.8   0   0   1
9.24152256256263   0.8   0   0   1
9.25154590590597   0.8   0   0   1
9.26156924924932   0.8   0   0   1
9.27159259259266   0.8   0   0   1
9.281615935936   0.8   0   0   1
9.29163927927935   0.8   0   0   1
9.30166262262269   0.8   0   0   1
9.31168596596603   0.8   0   0   1
9.32170930930938   0.8   0   0   1
9.33173265265272   0.8   0   0   1
9.34175599599607   0.8   0   0   1
9.35177933933941   0.8   0   0   1
9.36180268268275   0.8   0   0   1
9.3718260260261   0.8   0   0   1
9.38184936936944   0.8   0   0   1
9.39187271271278   0.8   0   0   1
9.40189605605613   0.8   0   0   1
9.41191939939947   0.8   0   0   1
9.42194274274281   0.8   0   0   1
9.43196608608616   0.8   0   0   1
9.4419894294295   0.8   0   0   1
9.45201277277284   0.8   0   0   1
9.46203611611619   0.8   0   0   1
9.47205945945953   0.8   0   0   1
9.48208280280287   0.8   0   0   1
9.49210614614622   0.8   0   0   1
9.50212948948956   0.8   0   0   1
9.5121528328329   0.8   0   0   1
9.52217617617625   0.8   0   0   1
9.53219951951959   0.8   0   0   1
9.54222286286293   0.8   0   0   1
9.55224620620628   0.8   0   0   1
9.56226954954962   0.8   0   0   1
9.57229289289296   0.8   0   0   1
9.58231623623631   0.8   0   0   1
9.59233957957965   0.8   0   0   1
9.60236292292299   0.8   0   0   1
9.61238626626634   0.8   0   0   1
9.62240960960968   0.8   0   0   1
9.63243295295302   0.8   0   0   1
9.64245629629637   0.8   0   0   1
9.65247963963971   0.8   0   0   1
9.66250298298305   0.8   0   0   1
9.6725263263264   0.8   0   0   1
9.68254966966974   0.8   0   0   1
9.69257301301309   0.8   0   0   1
9.70259635635643   0.8   0   0   1
9.71261969969977   0.8   0   0   1
9.72264304304312   0.8   0   0   1
9.73266638638646   0.8   0   0   1
9.7426897297298   0.8   0   0   1
9.75271307307315   0.8   0   0   1
9.76273641641649   0.8   0   0   1
9.77275975975983   0.8   0   0   1
9.78278310310318   0.8   0   0   1
9.79280644644652   0.8   0   0   1
9.80282978978986   0.8   0   0   1
9.81285313313321   0.8   0   0   1
9.82287647647655   0.8   0   0   1
9.83289981981989   0.8   0   0   1
9.84292316316324   0.8   0   0   1
9.85294650650658   0.8   0   0   1
9.86296984984992   0.8   0   0   1
9.87299319319327   0.8   0   0   1
9.88301653653661   0.8   0   0   1
9.89303987987995   0.8   0   0   1
9.9030632232233   0.8   0   0   1
9.91308656656664   0.8   0   0   1
9.92310990990998   0.8   0   0   1
9.93313325325333   0.8   0   0   1
9.94315659659667   0.8   0   0   1
9.95317993994001   0.8   0   0   1
9.96320328328336   0.8   0   0   1
9.9732266266267   0.8   0   0   1
9.98324996997004   0.8   0   0   1
9.99327331331339   0.8   0   0   1
10.0032966566567   0.8   0   0   1
10.0133200000001   0.8   0   0   1
