variables = x,rho,u,v,p
0   3.8571   2.6293   0   10.3333
0.0100233433433433   3.8571   2.6293   0   10.3333
0.0200466866866867   3.8571   2.6293   0   10.3333
0.03007003003003   3.8571   2.6293   0   10.3333
0.0400933733733734   3.8571   2.6293   0   10.3333
0.0501167167167167   3.8571   2.6293   0   10.3333
0.0601400600600601   3.8571   2.6293   0   10.3333
0.0701634034034034   3.8571   2.6293   0   10.3333
0.0801867467467468   3.8571   2.6293   0   10.3333
0.0902100900900901   3.8571   2.6293   0   10.3333
0.100233433433433   3.8571   2.6293   0   10.3333
0.110256776776777   3.8571   2.6293   0   10.3333
0.12028012012012   3.8571   2.6293   0   10.3333
0.130303463463463   3.8571   2.6293   0   10.3333
0.140326806806807   3.8571   2.6293   0   10.3333
0.15035015015015   3.8571   2.6293   0   10.3333
0.160373493493494   3.8571   2.6293   0   10.3333
0.170396836836837   3.8571   2.6293   0   10.3333
0.18042018018018   3.8571   2.6293   0   10.3333
0.190443523523524   3.8571   2.6293   0   10.3333
0.200466866866867   3.8571   2.6293   0   10.3333
0.21049021021021   3.8571   2.6293   0   10.3333
0.220513553553554   3.8571   2.6293   0   10.3333
0.230536896896897   3.8571   2.6293   0   10.3333
0.24056024024024   3.8571   2.6293   0   10.3333
0.250583583583584   3.8571   2.6293   0   10.3333
0.260606926926927   3.8571   2.6293   0   10.3333
0.27063027027027   3.8571   2.6293   0   10.3333
0.280653613613614   3.8571   2.6293   0   10.3333
0.290676956956957   3.8571   2.6293   0   10.3333
0.3007003003003   3.8571   2.6293   0   10.3333
0.310723643643644   3.8571   2.6293   0   10.3333
0.320746986986987   3.8571   2.6293   0   10.3333
0.330770330330331   3.8571   2.6293   0   10.3333
0.340793673673674   3.8571   2.6293   0   10.3333
0.350817017017017   3.8571   2.6293   0   10.3333
0.360840360360361   3.8571   2.6293   0   10.3333
0.370863703703704   3.8571   2.6293   0   10.3333
0.380887047047047   3.8571   2.6293   0   10.3333
0.390910390390391   3.8571   2.6293   0   10.3333
0.400933733733734   3.8571   2.6293   0   10.3333
0.410957077077078   3.8571   2.6293   0   10.3333
0.420980420420421   3.8571   2.6293   0   10.3333
0.431003763763764   3.8571   2.6293   0   10.3333
0.441027107107108   3.8571   2.6293   0   10.3333
0.451050450450451   3.8571   2.6293   0   10.3333
0.461073793793794   3.8571   2.6293   0   10.3333
0.471097137137138   3.8571   2.6293   0   10.3333
0.481120480480481   3.8571   2.6293   0   10.3333
0.491143823823825   3.8571   2.6293   0   10.3333
0.501167167167168   3.8571   2.6293   0   10.3333
0.511190510510511   3.8571   2.6293   0   10.3333
0.521213853853855   3.8571   2.6293   0   10.3333
0.531237197197198   3.8571   2.6293   0   10.3333
0.541260540540541   3.8571   2.6293   -8.88610794366149e-17   10.3333
0.551283883883884   3.85709999999998   2.62930000000001   -2.2562652451002e-17   10.3332999999999
0.561307227227228   3.85709999999994   2.62930000000004   3.04123624815567e-16   10.3332999999997
0.571330570570571   3.85709999999985   2.62930000000009   3.70959828495816e-16   10.3332999999993
0.581353913913914   3.85709999999969   2.62930000000017   4.23621162100685e-16   10.3332999999987
0.591377257257258   3.85709999999941   2.62930000000034   3.5657034429945e-16   10.3332999999974
0.601400600600601   3.85709999999889   2.62930000000064   5.46571601663983e-16   10.3332999999952
0.611423943943944   3.85709999999796   2.62930000000118   4.24237942498196e-16   10.3332999999911
0.621447287287288   3.85709999999629   2.62930000000214   3.76240857036904e-16   10.3332999999839
0.631470630630631   3.85709999999335   2.62930000000384   4.11467463110348e-16   10.3332999999711
0.641493973973974   3.85709999998814   2.62930000000683   4.25835199592643e-16   10.3332999999486
0.651517317317318   3.85709999997903   2.62930000001206   1.60365196448099e-16   10.3332999999092
0.661540660660661   3.85709999996317   2.62930000002113   3.93413449450707e-18   10.3332999998408
0.671564004004004   3.85709999993582   2.62930000003677   -6.86863751822368e-17   10.3332999997231
0.681587347347348   3.85709999988895   2.6293000000635   -5.26424433433075e-16   10.3332999995218
0.691610690690691   3.85709999980928   2.62930000010887   -9.2435525562123e-16   10.3332999991803
0.701634034034034   3.85709999967484   2.62930000018528   -1.29008389128519e-15   10.3332999986051
0.711657377377378   3.85709999944969   2.629300000313   -1.42483680821107e-15   10.3332999976438
0.721680720720721   3.85709999907542   2.62930000052491   -1.80540502984794e-15   10.3332999960491
0.731704064064064   3.85709999845797   2.62930000087386   -1.850702217036e-15   10.3332999934235
0.741727407407408   3.85709999744701   2.62930000144414   -1.99656525168286e-15   10.3332999891331
0.751750750750751   3.85709999580417   2.62930000236912   -1.98149605964685e-15   10.3332999821749
0.761774094094094   3.85709999315465   2.62930000385809   -1.79567362488387e-15   10.3332999709755
0.771797437437437   3.85709998891384   2.62930000623686   -1.50665902340361e-15   10.3332999530856
0.781820780780781   3.85709998217734   2.62930001000842   -1.16822281433423e-15   10.3332999247244
0.791844124124124   3.8570999715574   2.62930001594304   -9.63134905026937e-16   10.333299880103
0.801867467467467   3.85709995494215   2.62930002521049   -1.02007268766644e-15   10.3332998104312
0.811890810810811   3.85709992914423   2.62930003957267   -1.08291028049291e-15   10.3332997024708
0.821914154154154   3.85709988939289   2.62930006166136   -9.14353465285863e-16   10.3332995364504
0.831937497497497   3.85709982860678   2.6293000953749   -6.77225829699192e-16   10.3332992830875
0.841960840840841   3.85709973636273   2.62930014643954   -8.34166982991213e-16   10.3332988993748
0.851984184184184   3.85709959744741   2.62930022319575   -1.11132994508252e-15   10.3332983226787
0.862007527527527   3.85709938984334   2.6293003376892   -1.60619750180838e-15   10.3332974625535
0.872030870870871   3.85709908195606   2.62930050716892   -1.74861094745028e-15   10.3332961895007
0.882054214214214   3.85709862883518   2.6293007561241   -1.90595300285358e-15   10.3332943196903
0.892077557557557   3.85709796707736   2.6293011190243   -2.08297341495664e-15   10.3332915944084
0.902100900900901   3.85709700802335   2.62930164396732   -1.82030329252425e-15   10.3332876527022
0.912124244244244   3.85709562877544   2.62930239748312   -1.87867717204475e-15   10.3332819953607
0.922147587587587   3.85709366046688   2.62930347079062   -2.05332757059487e-15   10.3332739380117
0.932170930930931   3.85709087311407   2.62930498785469   -1.76175467781209e-15   10.3332625507336
0.942194274274274   3.85708695628176   2.62930711564112   -1.32690675480477e-15   10.333246581208
0.952217617617617   3.857081494697   2.62931007701303   -5.61956488748686e-16   10.3332243580978
0.96224096096096   3.85707393786969   2.62931416674816   -1.8409628085796e-16   10.3331936710679
0.972264304304304   3.8570635627294   2.62931977117681   2.567235775693e-16   10.3331516237213
0.982287647647647   3.8570494282838   2.62932739193524   9.96566817013307e-16   10.3330944557599
0.99231099099099   3.85703032136169   2.62933767429239   1.53611216653095e-15   10.3330173309687
1.00233433433433   3.85700469264237   2.62935144042772   2.11059995165814e-15   10.3329140882284
1.01235767767768   3.85697058241079   2.62936972790552   2.7963301357081e-15   10.332776953765
1.02238102102102   3.8569255358332   2.6293938334   3.28286220802647e-15   10.332596214294
1.03240436436436   3.85686650803228   2.62942536146685   3.562382977721e-15   10.3323598526723
1.04242770770771   3.85678975986142   2.62946627783246   3.87875111792173e-15   10.3320531501298
1.05245105105105   3.8566907460302   2.62951896628231   3.92990057710546e-15   10.331658262104
1.06247439439439   3.85656399810024   2.62958628778717   3.96852757843273e-15   10.3311537780637
1.07249773773774   3.85640300582153   2.62967164002708   4.05081570543213e-15   10.3305142793397
1.08252108108108   3.85620010126333   2.62977901498584   4.03926132402309e-15   10.329709912696
1.09254442442442   3.85594635114733   2.62991305182662   4.07356303208362e-15   10.3287060009009
1.10256776776777   3.8556314636328   2.63007908186448   4.16547593687318e-15   10.3274627145836
1.11259111111111   3.85524371644467   2.630283162169   4.30844719348144e-15   10.3259348318487
1.12261445445445   3.85476991358387   2.63053209420437   4.44193694619925e-15   10.324071613108
1.1326377977978   3.85419537782769   2.63083342398753   4.82730327153572e-15   10.3218168180692
1.14266114114114   3.85350398574778   2.63119542054557   5.1160776630675e-15   10.3191088895376
1.15268448448449   3.85267825100252   2.63162702999885   5.50428644236914e-15   10.3158813245202
1.16270782782783   3.85169946019484   2.63213780338034   6.0951321478831e-15   10.3120632470774
1.17273117117117   3.85054786366432   2.63273779729744   6.7009544798049e-15   10.3075801896428
1.18275451451452   3.84920292129117   2.63343744770183   7.18487397613765e-15   10.3023550804873
1.19277785785786   3.84764360085583   2.6342474182841   7.62324995504275e-15   10.2963094251685
1.2028012012012   3.84584872388683   2.63517842627016   8.18363950061953e-15   10.2893646598298
1.21282454454455   3.84379735142345   2.63624104957375   8.5743726702382e-15   10.2814436448146
1.22284788788789   3.84146919990503   2.63744552026496   8.5428608805788e-15   10.2724722589443
1.23287123123123   3.83884507564576   2.63880151007153   8.51018160111086e-15   10.2623810486148
1.24289457457458   3.83590731519622   2.64031791408086   8.24456527632216e-15   10.2511068820766
1.25291791791792   3.83264021841678   2.64200263892585   7.93765728219213e-15   10.2385945581563
1.26294126126126   3.82903046131932   2.64386240151642   7.50739371903118e-15   10.2247983203182
1.27296460460461   3.82506747663974   2.64590254384814   7.43115027057866e-15   10.2096832311559
1.28298794794795   3.82074379159337   2.64812686863388   7.47881650809315e-15   10.1932263687696
1.29301129129129   3.81605531420594   2.65053749953607   7.243465848571e-15   10.1754178144589
1.30303463463464   3.81100156183908   2.65313476870726   6.62790555405886e-15   10.1562614101009
1.31305797797798   3.80558582786624   2.65591713326245   6.25462744351704e-15   10.1357752727851
1.32308132132132   3.79981528473047   2.65888112128414   6.19893957904339e-15   10.1139920631059
1.33310466466467   3.79370102367973   2.66202130706987   6.03938582770433e-15   10.0909590113879
1.34312800800801   3.78725803320671   2.66533031461896   6.05320659823087e-15   10.0667377126111
1.35315135135135   3.78050511953862   2.66879884785335   6.23801846066276e-15   10.041403705634
1.3631746946947   3.77346477338592   2.67241574578558   6.75587658191302e-15   10.0150458553506
1.37319803803804   3.76616298756738   2.67616806077965   7.0819815019004e-15   9.9877655576995
1.38322138138138   3.75862903011779   2.6800411581722   7.31170411678272e-15   9.9596757871313
1.39324472472473   3.75089517711812   2.6840188357967   7.28393431782459e-15   9.9309000045031
1.40326806806807   3.74299640885763   2.68808346233415   7.33816433724167e-15   9.90157094076561
1.41329141141141   3.73497007214738   2.69221613384541   7.12489784516539e-15   9.87182926864652
1.42331475475476   3.72685551077438   2.69639684826266   7.26954167164659e-15   9.84182217125901
1.4333380980981   3.718693665337   2.7006046979684   7.5526466131806e-15   9.81170181362671
1.44336144144144   3.71052664315791   2.70481808080644   7.65993947490095e-15   9.78162372096402
1.45338478478479   3.70239725874798   2.70901492989039   7.99048066768236e-15   9.75174506659083
1.46340812812813   3.69434854549502   2.71317296234777   7.75549139699911e-15   9.7222228729565
1.47343147147147   3.68642323995887   2.71726994661804   7.84194595220105e-15   9.6932121316708
1.48345481481482   3.67866324141829   2.72128398708564   8.05280333623235e-15   9.66486385284868
1.49347815815816   3.67110905114389   2.72519382367256   8.32488811261824e-15   9.63732306047261
1.50350150150151   3.6637991982167   2.72897914256868   8.28013952395231e-15   9.61072675866198
1.51352484484485   3.65676966146015   2.73262089261079   8.06575766428257e-15   9.58520190328425
1.52354818818819   3.6500533000165   2.73610160004453   8.04639097937677e-15   9.56086342355861
1.53357153153154   3.64367930801591   2.73940567266979   7.76831022967099e-15   9.53781234824957
1.54359487487488   3.63767271133368   2.74251968287183   7.79224560366234e-15   9.51613409957231
1.55361821821822   3.63205392624386   2.74543261798793   7.88153060440218e-15   9.49589702375238
1.56364156156157   3.6268384004905   2.74813608606536   7.8937120769939e-15   9.47715122902799
1.57366490490491   3.62203635658843   2.75062446551352   7.85790577670349e-15   9.45992779865325
1.58368824824825   3.61765265481642   2.7528949885601   8.03896649040774e-15   9.44423843743592
1.5937115915916   3.61368678930683   2.7549477508171   8.40448413134619e-15   9.4300755953435
1.60373493493494   3.61013302499415   2.75678564256095   8.6492833729145e-15   9.41741309124957
1.61375827827828   3.60698067628923   2.75841420132485   9.03579017508334e-15   9.40620723520125
1.62378162162163   3.60421452071909   2.7598413897763   9.60498909670208e-15   9.39639842056803
1.63380496496497   3.60181533307521   2.76107730721726   1.0219055777325e-14   9.3879131304552
1.64382830830831   3.59976051857   2.76213384697899   1.05380696349674e-14   9.38066627839989
1.65385165165166   3.59802481780404   2.76302431509843   1.05649738251463e-14   9.37456378403225
1.663874994995   3.59658105255669   2.7637630276514   1.06977727294784e-14   9.36950527201307
1.67389833833834   3.59540087988686   2.76436490479959   1.0517959689805e-14   9.36538677832669
1.68392168168169   3.59445552287032   2.76484507895337   1.06064607457869e-14   9.36210335217793
1.69394502502503   3.59371644934619   2.76521853257966   1.03820821813917e-14   9.35955145364768
1.70396836836837   3.59315597491198   2.76549977833531   1.03397493416671e-14   9.35763106544391
1.71399171171172   3.59274777254088   2.76570259071112   1.0116879112314e-14   9.35624745951721
1.72401505505506   3.5924672779654   2.76583979459095   9.97591930323527e-15   9.35531258371076
1.7340383983984   3.59229198674496   2.76592311241663   1.01733312613273e-14   9.35474605773716
1.74406174174175   3.5922016451589   2.76596306829846   1.03286396029734e-14   9.3544757896795
1.75408508508509   3.59217834231422   2.76596894464389   1.06916325024816e-14   9.35443824243797
1.76410842842843   3.59220651486087   2.76594878481993   1.08382428522247e-14   9.35457839319796
1.77413177177178   3.59227287835683   2.76590943405995   1.11090096181708e-14   9.35484943775906
1.78415511511512   3.59236630065268   2.76585661023619   1.1195675052805e-14   9.35521229561652
1.79417845845846   3.59247763281316   2.76579499615468   1.13382754161567e-14   9.35563497158793
1.80420180180181   3.59259951227728   2.76572834556273   1.12182205275125e-14   9.35609182633494
1.81422514514515   3.59272615143024   2.76565959594954   1.16233296114457e-14   9.35656280226428
1.82424848848849   3.59285312277684   2.76559098232906   1.17808249223747e-14   9.35703264392122
1.83427183183184   3.59297714970065   2.76552414739614   1.19442428090235e-14   9.3574901439472
1.84429517517518   3.59309590956478   2.76546024464139   1.20015778989871e-14   9.35792743765132
1.85431851851853   3.59320785381122   2.76540003211871   1.23288892111492e-14   9.3583393617679
1.86434186186187   3.59331204785054   2.76534395553255   1.22071910681615e-14   9.35872288639403
1.87436520520521   3.59340803196547   2.76529222012085   1.19578122474523e-14   9.35907662361977
1.88438854854856   3.5934957032032   2.76524485144466   1.1535684855793e-14   9.35940041204911
1.8944118918919   3.59357521729902   2.76520174566395   1.12837242223063e-14   9.35969497322807
1.90443523523524   3.5936469090307   2.76516271019445   1.08742923466068e-14   9.35996163384685
1.91445857857859   3.59371122901175   2.76512749582665   1.04585740623221e-14   9.36020210631648
1.92448192192193   3.5937686947455   2.76509582146818   1.0131285558392e-14   9.36041831977553
1.93450526526527   3.59381985373528   2.76506739266989   9.71543274723929e-15   9.36061229358916
1.94452860860862   3.59386525653371   2.76504191503705   9.65264073482291e-15   9.36078604580668
1.95455195195196   3.59390543777712   2.76501910353039   9.13338788614036e-15   9.36094152970799
1.9645752952953   3.59394090345495   2.76499868854272   8.42248759998055e-15   9.36108059238017
1.97459863863865   3.59397212288197   2.76498041951026   7.79316719572708e-15   9.3612049501345
1.98462198198199   3.59399952405064   2.76496406669186   7.0587855038878e-15   9.36131617643539
1.99464532532533   3.59402349122602   2.76494942163096   6.91316555492004e-15   9.36141569882079
2.00466866866868   3.59404436379366   2.76493629670935   6.44928967982705e-15   9.36150480202032
2.01469201201202   3.59406243547186   2.76492452410878   6.74142218417953e-15   9.36158463510983
2.02471535535536   3.59407795304744   2.76491395441906   6.88415364040317e-15   9.36165622107347
2.03473869869871   3.59409111378116   2.7649044550671   7.15752249818979e-15   9.36172046758134
2.04476204204205   3.5941020605517   2.76489590869044   7.19947450574751e-15   9.36177817814039
2.05478538538539   3.59411087365993   2.76488821153861   7.10638374391347e-15   9.36183006304818
2.06480872872874   3.59411755799571   2.76488127195609   6.73652008937476e-15   9.36187674978528
2.07483207207208   3.59412202397662   2.76487500897757   6.82914549523287e-15   9.36191879263509
2.08485541541542   3.59412406030247   2.76486935105086   6.56663563026759e-15   9.36195668142841
2.09487875875877   3.59412329613953   2.76486423489153   6.18564164692712e-15   9.36199084938526
2.10490210210211   3.59411914986654   2.76485960446594   5.93120498998052e-15   9.36202168007611
2.11492544544545   3.59411076100452   2.76485541009535   5.69045925282892e-15   9.36204951355468
2.1249487887888   3.59409690144744   2.76485160767086   4.99015348880523e-15   9.36207465173117
2.13497213213214   3.59407586166029   2.7648481579682   4.65155870530632e-15   9.36209736306213
2.14499547547548   3.59404530717598   2.76484502605111   4.5526800126693e-15   9.3621178866335
2.15501881881883   3.59400210058107   2.7648421807526   4.02091084872474e-15   9.36213643571073
2.16504216216217   3.59394208432388   2.76483959422411   3.26956229673413e-15   9.3621532008241
2.17506550550551   3.59385982020565   2.76483724154354   2.53136758539599e-15   9.36216835245069
2.18508884884886   3.59374828243252   2.76483510037425   1.81244296495082e-15   9.36218204334812
2.1951121921922   3.5935985027101   2.76483315066789   1.35813296962455e-15   9.36219441058751
2.20513553553555   3.59339916813629   2.76483137440515   1.06623583390706e-15   9.36220557732769
2.21515887887889   3.5931361756433   2.76482975536905   7.12147096878127e-16   9.36221565436641
2.22518222222223   3.5927921504628   2.7648282789463   4.91901855052106e-16   9.36222474149947
2.23520556556558   3.5923459404852   2.764826931953   1.05026307897181e-16   9.36223292871395
2.24522890890892   3.59177210332646   2.76482570248121   -1.3963969349959e-16   9.36224029723836
2.25525225225226   3.59104040819309   2.76482457976374   -9.89570815076146e-17   9.36224692046876
2.26527559559561   3.59011537994723   2.76482355405473   6.80269634331081e-17   9.36225286478745
2.27529893893895   3.58895591773606   2.76482261652386   1.41889789501007e-16   9.36225819028799
2.28532228228229   3.5875150247078   2.76482175916266   9.03879412701199e-16   9.36226295141901
2.29534562562564   3.58573968818767   2.76482097470123   1.37844990681145e-15   9.36226719755655
2.30536896896898   3.58357095071475   2.76482025653419   1.50767577997646e-15   9.36227097351417
2.31539231231232   3.58094421105866   2.76481959865464   1.60092403445754e-15   9.36227431999815
2.32541565565567   3.57778979033394   2.76481899559536   1.55291596544221e-15   9.36227727401423
2.33543899899901   3.57403379133582   2.76481844237621   1.71761773288286e-15   9.36227986923161
2.34546234234235   3.56959926913793   2.76481793445715   1.81952133101577e-15   9.36228213630889
2.3554856856857   3.56440771795235   2.76481746769619   2.25624140188954e-15   9.36228410318596
2.36550902902904   3.55838086363834   2.7648170383117   2.54644330601036e-15   9.36228579534578
2.37553237237238   3.55144273370597   2.76481664284866   2.84108272570073e-15   9.3622872360487
2.38555571571573   3.54352195809254   2.76481627814838   2.54254177586729e-15   9.36228844654232
2.39557905905907   3.53455423550083   2.76481594132123   2.07314117233652e-15   9.36228944624922
2.40560240240241   3.52448488293844   2.76481562972223   2.06009716679355e-15   9.36229025293466
2.41562574574576   3.51327137160421   2.76481534092893   1.82114536065965e-15   9.36229088285612
2.4256490890891   3.50088574171373   2.76481507272161   1.04963326122409e-15   9.36229135089653
2.43567243243244   3.48731678337177   2.76481482306525   5.93959498113206e-16   9.36229167068267
2.44569577577579   3.47257187105961   2.76481459009331   1.69962160580898e-16   9.3622918546903
2.45571911911913   3.45667834623161   2.76481437209291   -1.68669730999212e-16   9.36229191433738
2.46574246246247   3.43968435600215   2.76481416749143   -4.36964927312488e-16   9.36229186006675
2.47576580580582   3.42165907558062   2.76481397484421   -1.27406985113304e-15   9.36229170141936
2.48578914914916   3.40269226713562   2.76481379282334   -1.37691307063399e-15   9.36229144709936
2.4958124924925   3.3828931568652   2.76481362020731   -1.58362051958065e-15   9.36229110503209
2.50583583583585   3.36238864358709   2.76481345587154   -1.62715280229817e-15   9.36229068241597
2.51585917917919   3.34132088426607   2.76481329877965   -1.50961050267293e-15   9.36229018576914
2.52588252252253   3.31984433258182   2.76481314797527   -1.33790553981362e-15   9.36228962097189
2.53590586586588   3.2981223339687   2.76481300257462   -1.14535139776194e-15   9.36228899330533
2.54592920920922   3.27632340277936   2.76481286175948   -8.40466228799752e-16   9.36228830748725
2.55595255255257   3.25461732291675   2.76481272477074   -5.8496251103876e-16   9.36228756770551
2.56597589589591   3.23317122146223   2.76481259090237   -3.65197917829082e-16   9.36228677764938
2.57599923923925   3.21214576503059   2.76481245949578   3.31027941472091e-17   9.36228594053932
2.5860225825826   3.1916916208818   2.76481232993465   1.61221262971087e-16   9.36228505915535
2.59604592592594   3.17194630981736   2.76481220163996   8.05961330764689e-17   9.36228413586412
2.60606926926928   3.15303155666542   2.76481207406554   3.97639152132867e-16   9.36228317264483
2.61609261261263   3.13505121817094   2.7648119466937   5.57450498694917e-16   9.36228217111404
2.62611595595597   3.1180898390732   2.76481181903133   7.60269513525781e-16   9.36228113254905
2.63613929929931   3.10221185691384   2.76481169060609   2.73639837613542e-16   9.36228005791023
2.64616264264266   3.08746144649866   2.76481156096289   -4.83513992791401e-16   9.36227894786166
2.656185985986   3.0738629676127   2.76481142966058   -1.19122583991631e-15   9.36227780279026
2.66620932932934   3.06142195598048   2.76481129626869   -2.51619798064526e-15   9.36227662282319
2.67623267267269   3.05012657865006   2.7648111603645   -3.99167392170267e-15   9.3622754078432
2.68625601601603   3.03994946164752   2.76481102153006   -5.00637104513877e-15   9.36227415750206
2.69627935935937   3.03084979017819   2.76481087934936   -6.58139924587285e-15   9.36227287123171
2.70630270270272   3.02277557973228   2.76481073340561   -7.99004945222271e-15   9.36227154825311
2.71632604604606   3.01566601973037   2.76481058327849   -9.13747833675732e-15   9.36227018758275
2.7263493893894   3.00945379908496   2.76481042854145   -9.90604840660137e-15   9.36226878803655
2.73637273273275   3.0040673343287   2.76481026875898   -1.11706877727199e-14   9.36226734823122
2.74639607607609   2.99943283472574   2.76481010348376   -1.1904875234267e-14   9.36226586658277
2.75641941941943   2.99547615397391   2.76480993225371   -1.27592512756565e-14   9.36226434130178
2.76644276276278   2.99212439370374   2.76480975458873   -1.34727247112952e-14   9.36226277038492
2.77646610610612   2.98930723908225   2.76480956998696   -1.39844870478476e-14   9.36226115160113
2.78648944944946   2.98695802068484   2.76480937792015   -1.44018932655414e-14   9.36225948247017
2.79651279279281   2.98501450884702   2.7648091778275   -1.44474534800522e-14   9.3622577602285
2.80653613613615   2.9834194565788   2.76480896910653   -1.4350020149742e-14   9.3622559817732
2.81655947947949   2.98212091463946   2.76480875109864   -1.43148148466787e-14   9.36225414356596
2.82658282282284   2.98107234751819   2.76480852306447   -1.39015422845903e-14   9.3622522414631
2.83660616616618   2.98023258197809   2.76480828414016   -1.3330234677549e-14   9.36225027040662
2.84662950950952   2.97956562073564   2.76480803325725   -1.24631303797247e-14   9.3622482238518
2.85665285285287   2.9790403530746   2.76480776899359   -1.19778339062488e-14   9.36224609269508
2.86667619619621   2.97863019207734   2.76480748929273   -1.14169037652007e-14   9.36224386324994
2.87669953953955   2.97831266504124   2.76480719093286   -1.1186873542701e-14   9.36224151340979
2.8867228828829   2.97806897984494   2.76480686851824   -1.04851063273892e-14   9.36223900535394
2.89674622622624   2.97788358577896   2.76480651256005   -1.01977479505915e-14   9.36223627166191
2.90676956956958   2.97774374278847   2.7648061058204   -1.00466646506814e-14   9.36223318885575
2.91679291291293   2.97763910814261   2.76480561634402   -9.78789276183547e-15   9.36222952696296
2.92681625625627   2.97756134390634   2.76480498417128   -9.57303097309987e-15   9.3622248533395
2.93683959959962   2.97750374140509   2.7648040959988   -9.59200859907207e-15   9.36221834924519
2.94686294294296   2.97746084839661   2.76480273685001   -9.40176210683417e-15   9.36220845999416
2.9568862862863   2.97742806748245   2.7648004978919   -9.4933235100524e-15   9.36219222765275
2.96690962962965   2.97740116384916   2.76479660060086   -9.61330612953396e-15   9.36216401820727
2.97693297297299   2.97737556421615   2.76478956136468   -9.46379095270399e-15   9.36211309372824
2.98695631631633   2.97734522305177   2.76477655171999   -9.33635644149787e-15   9.36201898153192
2.99697965965968   2.97730063131482   2.76475217802536   -9.56014088605939e-15   9.3618426417194
3.00700300300302   2.97722516076018   2.76470615374774   -9.52632241999725e-15   9.36150962229594
3.01702634634636   2.97708820878541   2.764618859543   -9.54525295667517e-15   9.36087793842994
3.02704968968971   2.97683222260062   2.76445287476682   -9.52113655825259e-15   9.35967684127937
3.03707303303305   2.97634804627796   2.76413682611384   -9.75775139967575e-15   9.35739016098564
3.04709637637639   2.9754280400627   2.76353458695875   -9.98236577950168e-15   9.35303429576397
3.05711971971974   2.973677013399   2.76238655394846   -1.00407177305152e-14   9.34473658337674
3.06714306306308   2.97034349761119   2.76019773635248   -1.01953029392526e-14   9.3289377761107
3.07716640640642   2.96400202942463   2.7560246665493   -1.03943169605862e-14   9.29889511664655
3.08718974974977   2.95196195177608   2.74807033170111   -1.0366746196194e-14   9.24191471702967
3.09721309309311   2.9291929431961   2.73291674262429   -1.04301536971456e-14   9.13438597881451
3.10723643643645   2.8864643243751   2.70408114672384   -9.89926642435914e-15   8.93341289419263
3.1172597797798   2.80745043586995   2.64934223233197   -9.62320463302939e-15   8.56461130788137
3.12728312312314   2.6653762197576   2.54597972336477   -9.29384337846056e-15   7.91088729175572
3.13730646646648   2.42314445020633   2.35323765924342   -8.49529284076369e-15   6.82512297319909
3.14732980980983   2.04948498212201   2.00532645868213   -6.72342559983794e-15   5.22689859281498
3.15735315315317   1.57037854230628   1.43176330659902   -4.12555904498443e-15   3.33916407734819
3.16737649649651   1.12763038670191   0.697539753659844   -1.38598925407135e-15   1.82717072671798
3.17739983983986   0.883565993561946   0.179646196039236   -3.61658798802039e-16   1.16796215636002
3.1874231831832   0.813395047867042   0.0276742869439779   -3.53182495023427e-17   1.02396711809533
3.19744652652654   0.801776296499622   0.00365089561771101   -4.73321351469247e-17   1.00311668076473
3.20746986986989   0.800228558028317   0.000469703558602831   -3.01537685826846e-21   1.00040010853345
3.21749321321323   0.800029305023783   6.02237417896035e-05   -9.05580535353874e-31   1.0000512859551
3.22751655655657   0.800003755733313   7.718275332778e-06   -3.28593571571374e-37   1.00000657256882
3.23753989989992   0.800000481307675   9.89118419068241e-07   -9.80666296773155e-45   1.00000084228901
3.24756324324326   0.800000061680475   1.26757366255238e-07   -2.42872634930534e-53   1.00000010794084
3.2575865865866   0.800000007904461   1.6244178415985e-08   -4.99110095382036e-63   1.0000000138328
3.26760992992995   0.80000000101297   2.08171943078821e-09   -8.06519905851258e-74   1.0000000017727
3.27763327327329   0.800000000129814   2.66775581127717e-10   -9.91991506750946e-86   1.00000000022717
3.28765661661664   0.800000000016636   3.41871743657495e-11   -8.75998754605785e-99   1.00000000002911
3.29767995995998   0.800000000002132   4.38053333476698e-12   -4.02528122784352e-113   1.00000000000373
3.30770330330332   0.800000000000273   5.60913902374681e-13   -1.37283611609283e-132   1.00000000000048
3.31772664664667   0.800000000000035   7.14777127829463e-14   -4.67870067343543e-149   1.00000000000006
3.32774998999001   0.800000000000004   8.90803736503471e-15   -9.47422113892939e-167   1.00000000000001
3.33777333333335   0.8   1.00383383140364e-15   -8.63032015315735e-186   1
3.3477966766767   0.8   7.90420317787109e-17   -1.33449985551802e-205   1
3.35782002002004   0.8   0   0   1
3.36784336336338   0.8   0   0   1
3.37786670670673   0.8   0   0   1
3.38789005005007   0.8   0   0   1
3.39791339339341   0.8   0   0   1
3.40793673673676   0.8   0   0   1
3.4179600800801   0.8   0   0   1
3.42798342342344   0.8   0   0   1
3.43800676676679   0.8   0   0   1
3.44803011011013   0.8   0   0   1
3.45805345345347   0.8   0   0   1
3.46807679679682   0.8   0   0   1
3.47810014014016   0.8   0   0   1
3.4881234834835   0.8   0   0   1
3.49814682682685   0.8   0   0   1
3.50817017017019   0.8   0   0   1
3.51819351351353   0.8   0   0   1
3.52821685685688   0.8   0   0   1
3.53824020020022   0.8   0   0   1
3.54826354354356   0.8   0   0   1
3.55828688688691   0.8   0   0   1
3.56831023023025   0.8   0   0   1
3.57833357357359   0.8   0   0   1
3.58835691691694   0.8   0   0   1
3.59838026026028   0.8   0   0   1
3.60840360360362   0.8   0   0   1
3.61842694694697   0.8   0   0   1
3.62845029029031   0.8   0   0   1
3.63847363363366   0.8   0   0   1
3.648496976977   0.8   0   0   1
3.65852032032034   0.8   0   0   1
3.66854366366369   0.8   0   0   1
3.67856700700703   0.8   0   0   1
3.68859035035037   0.8   0   0   1
3.69861369369372   0.8   0   0   1
3.70863703703706   0.8   0   0   1
3.7186603803804   0.8   0   0   1
3.72868372372375   0.8   0   0   1
3.73870706706709   0.8   0   0   1
3.74873041041043   0.8   0   0   1
3.75875375375378   0.8   0   0   1
3.76877709709712   0.8   0   0   1
3.77880044044046   0.8   0   0   1
3.78882378378381   0.8   0   0   1
3.79884712712715   0.8   0   0   1
3.80887047047049   0.8   0   0   1
3.81889381381384   0.8   0   0   1
3.82891715715718   0.8   0   0   1
3.83894050050052   0.8   0   0   1
3.84896384384387   0.8   0   0   1
3.85898718718721   0.8   0   0   1
3.86901053053055   0.8   0   0   1
3.8790338738739   0.8   0   0   1
3.88905721721724   0.8   0   0   1
3.89908056056058   0.8   0   0   1
3.90910390390393   0.8   0   0   1
3.91912724724727   0.8   0   0   1
3.92915059059061   0.8   0   0   1
3.93917393393396   0.8   0   0   1
3.9491972772773   0.8   0   0   1
3.95922062062064   0.8   0   0   1
3.96924396396399   0.8   0   0   1
3.97926730730733   0.8   0   0   1
3.98929065065068   0.8   0   0   1
3.99931399399402   0.8   0   0   1
4.00933733733736   0.8   0   0   1
4.01936068068071   0.8   0   0   1
4.02938402402405   0.8   0   0   1
4.03940736736739   0.8   0   0   1
4.04943071071074   0.8   0   0   1
4.05945405405408   0.8   0   0   1
4.06947739739742   0.8   0   0   1
4.07950074074077   0.8   0   0   1
4.08952408408411   0.8   0   0   1
4.09954742742745   0.8   0   0   1
4.1095707707708   0.8   0   0   1
4.11959411411414   0.8   0   0   1
4.12961745745748   0.8   0   0   1
4.13964080080083   0.8   0   0   1
4.14966414414417   0.8   0   0   1
4.15968748748751   0.8   0   0   1
4.16971083083086   0.8   0   0   1
4.1797341741742   0.8   0   0   1
4.18975751751754   0.8   0   0   1
4.19978086086089   0.8   0   0   1
4.20980420420423   0.8   0   0   1
4.21982754754757   0.8   0   0   1
4.22985089089092   0.8   0   0   1
4.23987423423426   0.8   0   0   1
4.2498975775776   0.8   0   0   1
4.25992092092095   0.8   0   0   1
4.26994426426429   0.8   0   0   1
4.27996760760763   0.8   0   0   1
4.28999095095098   0.8   0   0   1
4.30001429429432   0.8   0   0   1
4.31003763763766   0.8   0   0   1
4.32006098098101   0.8   0   0   1
4.33008432432435   0.8   0   0   1
4.3401076676677   0.8   0   0   1
4.35013101101104   0.8   0   0   1
4.36015435435438   0.8   0   0   1
4.37017769769773   0.8   0   0   1
4.38020104104107   0.8   0   0   1
4.39022438438441   0.8   0   0   1
4.40024772772776   0.8   0   0   1
4.4102710710711   0.8   0   0   1
4.42029441441444   0.8   0   0   1
4.43031775775779   0.8   0   0   1
4.44034110110113   0.8   0   0   1
4.45036444444447   0.8   0   0   1
4.46038778778782   0.8   0   0   1
4.47041113113116   0.8   0   0   1
4.4804344744745   0.8   0   0   1
4.49045781781785   0.8   0   0   1
4.50048116116119   0.8   0   0   1
4.51050450450453   0.8   0   0   1
4.52052784784788   0.8   0   0   1
4.53055119119122   0.8   0   0   1
4.54057453453456   0.8   0   0   1
4.55059787787791   0.8   0   0   1
4.56062122122125   0.8   0   0   1
4.57064456456459   0.8   0   0   1
4.58066790790794   0.8   0   0   1
4.59069125125128   0.8   0   0   1
4.60071459459462   0.8   0   0   1
4.61073793793797   0.8   0   0   1
4.62076128128131   0.8   0   0   1
4.63078462462465   0.8   0   0   1
4.640807967968   0.8   0   0   1
4.65083131131134   0.8   0   0   1
4.66085465465468   0.8   0   0   1
4.67087799799803   0.8   0   0   1
4.68090134134137   0.8   0   0   1
4.69092468468472   0.8   0   0   1
4.70094802802806   0.8   0   0   1
4.7109713713714   0.8   0   0   1
4.72099471471475   0.8   0   0   1
4.73101805805809   0.8   0   0   1
4.74104140140143   0.8   0   0   1
4.75106474474478   0.8   0   0   1
4.76108808808812   0.8   0   0   1
4.77111143143146   0.8   0   0   1
4.78113477477481   0.8   0   0   1
4.79115811811815   0.8   0   0   1
4.80118146146149   0.8   0   0   1
4.81120480480484   0.8   0   0   1
4.82122814814818   0.8   0   0   1
4.83125149149152   0.8   0   0   1
4.84127483483487   0.8   0   0   1
4.85129817817821   0.8   0   0   1
4.86132152152155   0.8   0   0   1
4.8713448648649   0.8   0   0   1
4.88136820820824   0.8   0   0   1
4.89139155155158   0.8   0   0   1
4.90141489489493   0.8   0   0   1
4.91143823823827   0.8   0   0   1
4.92146158158161   0.8   0   0   1
4.93148492492496   0.8   0   0   1
4.9415082682683   0.8   0   0   1
4.95153161161164   0.8   0   0   1
4.96155495495499   0.8   0   0   1
4.97157829829833   0.8   0   0   1
4.98160164164167   0.8   0   0   1
4.99162498498502   0.8   0   0   1
5.00164832832836   0.8   0   0   1
5.0116716716717   0.8   0   0   1
5.02169501501505   0.8   0   0   1
5.03171835835839   0.8   0   0   1
5.04174170170173   0.8   0   0   1
5.05176504504508   0.8   0   0   1
5.06178838838842   0.8   0   0   1
5.07181173173177   0.8   0   0   1
5.08183507507511   0.8   0   0   1
5.09185841841845   0.8   0   0   1
5.1018817617618   0.8   0   0   1
5.11190510510514   0.8   0   0   1
5.12192844844848   0.8   0   0   1
5.13195179179183   0.8   0   0   1
5.14197513513517   0.8   0   0   1
5.15199847847851   0.8   0   0   1
5.16202182182186   0.8   0   0   1
5.1720451651652   0.8   0   0   1
5.18206850850854   0.8   0   0   1
5.19209185185189   0.8   0   0   1
5.20211519519523   0.8   0   0   1
5.21213853853857   0.8   0   0   1
5.22216188188192   0.8   0   0   1
5.23218522522526   0.8   0   0   1
5.2422085685686   0.8   0   0   1
5.25223191191195   0.8   0   0   1
5.26225525525529   0.8   0   0   1
5.27227859859863   0.8   0   0   1
5.28230194194198   0.8   0   0   1
5.29232528528532   0.8   0   0   1
5.30234862862866   0.8   0   0   1
5.31237197197201   0.8   0   0   1
5.32239531531535   0.8   0   0   1
5.33241865865869   0.8   0   0   1
5.34244200200204   0.8   0   0   1
5.35246534534538   0.8   0   0   1
5.36248868868872   0.8   0   0   1
5.37251203203207   0.8   0   0   1
5.38253537537541   0.8   0   0   1
5.39255871871875   0.8   0   0   1
5.4025820620621   0.8   0   0   1
5.41260540540544   0.8   0   0   1
5.42262874874879   0.8   0   0   1
5.43265209209213   0.8   0   0   1
5.44267543543547   0.8   0   0   1
5.45269877877882   0.8   0   0   1
5.46272212212216   0.8   0   0   1
5.4727454654655   0.8   0   0   1
5.48276880880885   0.8   0   0   1
5.49279215215219   0.8   0   0   1
5.50281549549553   0.8   0   0   1
5.51283883883888   0.8   0   0   1
5.52286218218222   0.8   0   0   1
5.53288552552556   0.8   0   0   1
5.54290886886891   0.8   0   0   1
5.55293221221225   0.8   0   0   1
5.56295555555559   0.8   0   0   1
5.57297889889894   0.8   0   0   1
5.58300224224228   0.8   0   0   1
5.59302558558562   0.8   0   0   1
5.60304892892897   0.8   0   0   1
5.61307227227231   0.8   0   0   1
5.62309561561565   0.8   0   0   1
5.633118958959   0.8   0   0   1
5.64314230230234   0.8   0   0   1
5.65316564564568   0.8   0   0   1
5.66318898898903   0.8   0   0   1
5.67321233233237   0.8   0   0   1
5.68323567567571   0.8   0   0   1
5.69325901901906   0.8   0   0   1
5.7032823623624   0.8   0   0   1
5.71330570570574   0.8   0   0   1
5.72332904904909   0.8   0   0   1
5.73335239239243   0.8   0   0   1
5.74337573573577   0.8   0   0   1
5.75339907907912   0.8   0   0   1
5.76342242242246   0.8   0   0   1
5.77344576576581   0.8   0   0   1
5.78346910910915   0.8   0   0   1
5.79349245245249   0.8   0   0   1
5.80351579579584   0.8   0   0   1
5.81353913913918   0.8   0   0   1
5.82356248248252   0.8   0   0   1
5.83358582582587   0.8   0   0   1
5.84360916916921   0.8   0   0   1
5.85363251251255   0.8   0   0   1
5.8636558558559   0.8   0   0   1
5.87367919919924   0.8   0   0   1
5.88370254254258   0.8   0   0   1
5.89372588588593   0.8   0   0   1
5.90374922922927   0.8   0   0   1
5.91377257257261   0.8   0   0   1
5.92379591591596   0.8   0   0   1
5.9338192592593   0.8   0   0   1
5.94384260260264   0.8   0   0   1
5.95386594594599   0.8   0   0   1
5.96388928928933   0.8   0   0   1
5.97391263263267   0.8   0   0   1
5.98393597597602   0.8   0   0   1
5.99395931931936   0.8   0   0   1
6.0039826626627   0.8   0   0   1
6.01400600600605   0.8   0   0   1
6.02402934934939   0.8   0   0   1
6.03405269269273   0.8   0   0   1
6.04407603603608   0.8   0   0   1
6.05409937937942   0.8   0   0   1
6.06412272272276   0.8   0   0   1
6.07414606606611   0.8   0   0   1
6.08416940940945   0.8   0   0   1
6.09419275275279   0.8   0   0   1
6.10421609609614   0.8   0   0   1
6.11423943943948   0.8   0   0   1
6.12426278278283   0.8   0   0   1
6.13428612612617   0.8   0   0   1
6.14430946946951   0.8   0   0   1
6.15433281281286   0.8   0   0   1
6.1643561561562   0.8   0   0   1
6.17437949949954   0.8   0   0   1
6.18440284284289   0.8   0   0   1
6.19442618618623   0.8   0   0   1
6.20444952952957   0.8   0   0   1
6.21447287287292   0.8   0   0   1
6.22449621621626   0.8   0   0   1
6.2345195595596   0.8   0   0   1
6.24454290290295   0.8   0   0   1
6.25456624624629   0.8   0   0   1
6.26458958958963   0.8   0   0   1
6.27461293293298   0.8   0   0   1
6.28463627627632   0.8   0   0   1
6.29465961961966   0.8   0   0   1
6.30468296296301   0.8   0   0   1
6.31470630630635   0.8   0   0   1
6.32472964964969   0.8   0   0   1
6.33475299299304   0.8   0   0   1
6.34477633633638   0.8   0   0   1
6.35479967967972   0.8   0   0   1
6.36482302302307   0.8   0   0   1
6.37484636636641   0.8   0   0   1
6.38486970970975   0.8   0   0   1
6.3948930530531   0.8   0   0   1
6.40491639639644   0.8   0   0   1
6.41493973973978   0.8   0   0   1
6.42496308308313   0.8   0   0   1
6.43498642642647   0.8   0   0   1
6.44500976976981   0.8   0   0   1
6.45503311311316   0.8   0   0   1
6.4650564564565   0.8   0   0   1
6.47507979979985   0.8   0   0   1
6.48510314314319   0.8   0   0   1
6.49512648648653   0.8   0   0   1
6.50514982982988   0.8   0   0   1
6.51517317317322   0.8   0   0   1
6.52519651651656   0.8   0   0   1
6.53521985985991   0.8   0   0   1
6.54524320320325   0.8   0   0   1
6.55526654654659   0.8   0   0   1
6.56528988988994   0.8   0   0   1
6.57531323323328   0.8   0   0   1
6.58533657657662   0.8   0   0   1
6.59535991991997   0.8   0   0   1
6.60538326326331   0.8   0   0   1
6.61540660660665   0.8   0   0   1
6.62542994995   0.8   0   0   1
6.63545329329334   0.8   0   0   1
6.64547663663668   0.8   0   0   1
6.65549997998003   0.8   0   0   1
6.66552332332337   0.8   0   0   1
6.67554666666671   0.8   0   0   1
6.68557001001006   0.8   0   0   1
6.6955933533534   0.8   0   0   1
6.70561669669674   0.8   0   0   1
6.71564004004009   0.8   0   0   1
6.72566338338343   0.8   0   0   1
6.73568672672677   0.8   0   0   1
6.74571007007012   0.8   0   0   1
6.75573341341346   0.8   0   0   1
6.7657567567568   0.8   0   0   1
6.77578010010015   0.8   0   0   1
6.78580344344349   0.8   0   0   1
6.79582678678683   0.8   0   0   1
6.80585013013018   0.8   0   0   1
6.81587347347352   0.8   0   0   1
6.82589681681686   0.8   0   0   1
6.83592016016021   0.8   0   0   1
6.84594350350355   0.8   0   0   1
6.8559668468469   0.8   0   0   1
6.86599019019024   0.8   0   0   1
6.87601353353358   0.8   0   0   1
6.88603687687693   0.8   0   0   1
6.89606022022027   0.8   0   0   1
6.90608356356361   0.8   0   0   1
6.91610690690696   0.8   0   0   1
6.9261302502503   0.8   0   0   1
6.93615359359364   0.8   0   0   1
6.94617693693699   0.8   0   0   1
6.95620028028033   0.8   0   0   1
6.96622362362367   0.8   0   0   1
6.97624696696702   0.8   0   0   1
6.98627031031036   0.8   0   0   1
6.9962936536537   0.8   0   0   1
7.00631699699705   0.8   0   0   1
7.01634034034039   0.8   0   0   1
7.02636368368373   0.8   0   0   1
7.03638702702708   0.8   0   0   1
7.04641037037042   0.8   0   0   1
7.05643371371376   0.8   0   0   1
7.06645705705711   0.8   0   0   1
7.07648040040045   0.8   0   0   1
7.08650374374379   0.8   0   0   1
7.09652708708714   0.8   0   0   1
7.10655043043048   0.8   0   0   1
7.11657377377382   0.8   0   0   1
7.12659711711717   0.8   0   0   1
7.13662046046051   0.8   0   0   1
7.14664380380385   0.8   0   0   1
7.1566671471472   0.8   0   0   1
7.16669049049054   0.8   0   0   1
7.17671383383388   0.8   0   0   1
7.18673717717723   0.8   0   0   1
7.19676052052057   0.8   0   0   1
7.20678386386392   0.8   0   0   1
7.21680720720726   0.8   0   0   1
7.2268305505506   0.8   0   0   1
7.23685389389395   0.8   0   0   1
7.24687723723729   0.8   0   0   1
7.25690058058063   0.8   0   0   1
7.26692392392398   0.8   0   0   1
7.27694726726732   0.8   0   0   1
7.28697061061066   0.8   0   0   1
7.29699395395401   0.8   0   0   1
7.30701729729735   0.8   0   0   1
7.31704064064069   0.8   0   0   1
7.32706398398404   0.8   0   0   1
7.33708732732738   0.8   0   0   1
7.34711067067072   0.8   0   0   1
7.35713401401407   0.8   0   0   1
7.36715735735741   0.8   0   0   1
7.37718070070075   0.8   0   0   1
7.3872040440441   0.8   0   0   1
7.39722738738744   0.8   0   0   1
7.40725073073078   0.8   0   0   1
7.41727407407413   0.8   0   0   1
7.42729741741747   0.8   0   0   1
7.43732076076081   0.8   0   0   1
7.44734410410416   0.8   0   0   1
7.4573674474475   0.8   0   0   1
7.46739079079084   0.8   0   0   1
7.47741413413419   0.8   0   0   1
7.48743747747753   0.8   0   0   1
7.49746082082087   0.8   0   0   1
7.50748416416422   0.8   0   0   1
7.51750750750756   0.8   0   0   1
7.5275308508509   0.8   0   0   1
7.53755419419425   0.8   0   0   1
7.54757753753759   0.8   0   0   1
7.55760088088094   0.8   0   0   1
7.56762422422428   0.8   0   0   1
7.57764756756762   0.8   0   0   1
7.58767091091097   0.8   0   0   1
7.59769425425431   0.8   0   0   1
7.60771759759765   0.8   0   0   1
7.617740940941   0.8   0   0   1
7.62776428428434   0.8   0   0   1
7.63778762762768   0.8   0   0   1
7.64781097097103   0.8   0   0   1
7.65783431431437   0.8   0   0   1
7.66785765765771   0.8   0   0   1
7.67788100100106   0.8   0   0   1
7.6879043443444   0.8   0   0   1
7.69792768768774   0.8   0   0   1
7.70795103103109   0.8   0   0   1
7.71797437437443   0.8   0   0   1
7.72799771771777   0.8   0   0   1
7.73802106106112   0.8   0   0   1
7.74804440440446   0.8   0   0   1
7.7580677477478   0.8   0   0   1
7.76809109109115   0.8   0   0   1
7.77811443443449   0.8   0   0   1
7.78813777777783   0.8   0   0   1
7.79816112112118   0.8   0   0   1
7.80818446446452   0.8   0   0   1
7.81820780780786   0.8   0   0   1
7.82823115115121   0.8   0   0   1
7.83825449449455   0.8   0   0   1
7.84827783783789   0.8   0   0   1
7.85830118118124   0.8   0   0   1
7.86832452452458   0.8   0   0   1
7.87834786786792   0.8   0   0   1
7.88837121121127   0.8   0   0   1
7.89839455455461   0.8   0   0   1
7.90841789789796   0.8   0   0   1
7.9184412412413   0.8   0   0   1
7.92846458458464   0.8   0   0   1
7.93848792792799   0.8   0   0   1
7.94851127127133   0.8   0   0   1
7.95853461461467   0.8   0   0   1
7.96855795795802   0.8   0   0   1
7.97858130130136   0.8   0   0   1
7.9886046446447   0.8   0   0   1
7.99862798798805   0.8   0   0   1
8.00865133133139   0.8   0   0   1
8.01867467467473   0.8   0   0   1
8.02869801801808   0.8   0   0   1
8.03872136136142   0.8   0   0   1
8.04874470470476   0.8   0   0   1
8.05876804804811   0.8   0   0   1
8.06879139139145   0.8   0   0   1
8.07881473473479   0.8   0   0   1
8.08883807807814   0.8   0   0   1
8.09886142142148   0.8   0   0   1
8.10888476476482   0.8   0   0   1
8.11890810810817   0.8   0   0   1
8.12893145145151   0.8   0   0   1
8.13895479479485   0.8   0   0   1
8.1489781381382   0.8   0   0   1
8.15900148148154   0.8   0   0   1
8.16902482482488   0.8   0   0   1
8.17904816816823   0.8   0   0   1
8.18907151151157   0.8   0   0   1
8.19909485485491   0.8   0   0   1
8.20911819819826   0.8   0   0   1
8.2191415415416   0.8   0   0   1
8.22916488488494   0.8   0   0   1
8.23918822822829   0.8   0   0   1
8.24921157157163   0.8   0   0   1
8.25923491491498   0.8   0   0   1
8.26925825825832   0.8   0   0   1
8.27928160160166   0.8   0   0   1
8.28930494494501   0.8   0   0   1
8.29932828828835   0.8   0   0   1
8.30935163163169   0.8   0   0   1
8.31937497497504   0.8   0   0   1
8.32939831831838   0.8   0   0   1
8.33942166166172   0.8   0   0   1
8.34944500500507   0.8   0   0   1
8.35946834834841   0.8   0   0   1
8.36949169169175   0.8   0   0   1
8.3795150350351   0.8   0   0   1
8.38953837837844   0.8   0   0   1
8.39956172172178   0.8   0   0   1
8.40958506506513   0.8   0   0   1
8.41960840840847   0.8   0   0   1
8.42963175175181   0.8   0   0   1
8.43965509509516   0.8   0   0   1
8.4496784384385   0.8   0   0   1
8.45970178178184   0.8   0   0   1
8.46972512512519   0.8   0   0   1
8.47974846846853   0.8   0   0   1
8.48977181181187   0.8   0   0   1
8.49979515515522   0.8   0   0   1
8.50981849849856   0.8   0   0   1
8.5198418418419   0.8   0   0   1
8.52986518518525   0.8   0   0   1
8.53988852852859   0.8   0   0   1
8.54991187187193   0.8   0   0   1
8.55993521521528   0.8   0   0   1
8.56995855855862   0.8   0   0   1
8.57998190190196   0.8   0   0   1
8.59000524524531   0.8   0   0   1
8.60002858858865   0.8   0   0   1
8.610051931932   0.8   0   0   1
8.62007527527534   0.8   0   0   1
8.63009861861868   0.8   0   0   1
8.64012196196203   0.8   0   0   1
8.65014530530537   0.8   0   0   1
8.66016864864871   0.8   0   0   1
8.67019199199206   0.8   0   0   1
8.6802153353354   0.8   0   0   1
8.69023867867874   0.8   0   0   1
8.70026202202209   0.8   0   0   1
8.71028536536543   0.8   0   0   1
8.72030870870877   0.8   0   0   1
8.73033205205212   0.8   0   0   1
8.74035539539546   0.8   0   0   1
8.7503787387388   0.8   0   0   1
8.76040208208215   0.8   0   0   1
8.77042542542549   0.8   0   0   1
8.78044876876883   0.8   0   0   1
8.79047211211218   0.8   0   0   1
8.80049545545552   0.8   0   0   1
8.81051879879886   0.8   0   0   1
8.82054214214221   0.8   0   0   1
8.83056548548555   0.8   0   0   1
8.84058882882889   0.8   0   0   1
8.85061217217224   0.8   0   0   1
8.86063551551558   0.8   0   0   1
8.87065885885892   0.8   0   0   1
8.88068220220227   0.8   0   0   1
8.89070554554561   0.8   0   0   1
8.90072888888895   0.8   0   0   1
8.9107522322323   0.8   0   0   1
8.92077557557564   0.8   0   0   1
8.93079891891898   0.8   0   0   1
8.94082226226233   0.8   0   0   1
8.95084560560567   0.8   0   0   1
8.96086894894901   0.8   0   0   1
8.97089229229236   0.8   0   0   1
8.9809156356357   0.8   0   0   1
8.99093897897905   0.8   0   0   1
9.00096232232239   0.8   0   0   1
9.01098566566573   0.8   0   0   1
9.02100900900908   0.8   0   0   1
9.03103235235242   0.8   0   0   1
9.04105569569576   0.8   0   0   1
9.05107903903911   0.8   0   0   1
9.06110238238245   0.8   0   0   1
9.07112572572579   0.8   0   0   1
9.08114906906914   0.8   0   0   1
9.09117241241248   0.8   0   0   1
9.10119575575582   0.8   0   0   1
9.11121909909917   0.8   0   0   1
9.12124244244251   0.8   0   0   1
9.13126578578585   0.8   0   0   1
9.1412891291292   0.8   0   0   1
9.15131247247254   0.8   0   0   1
9.16133581581588   0.8   0   0   1
9.17135915915923   0.8   0   0   1
9.18138250250257   0.8   0   0   1
9.19140584584591   0.8   0   0   1
9.20142918918926   0.8   0   0   1
9.2114525325326   0.8   0   0   1
9.22147587587594   0.8   0   0   1
9.23149921921929   0.8   0   0   1
9.24152256256263   0.8   0   0   1
9.25154590590597   0.8   0   0   1
9.26156924924932   0.8   0   0   1
9.27159259259266   0.8   0   0   1
9.281615935936   0.8   0   0   1
9.29163927927935   0.8   0   0   1
9.30166262262269   0.8   0   0   1
9.31168596596603   0.8   0   0   1
9.32170930930938   0.8   0   0   1
9.33173265265272   0.8   0   0   1
9.34175599599607   0.8   0   0   1
9.35177933933941   0.8   0   0   1
9.36180268268275   0.8   0   0   1
9.3718260260261   0.8   0   0   1
9.38184936936944   0.8   0   0   1
9.39187271271278   0.8   0   0   1
9.40189605605613   0.8   0   0   1
9.41191939939947   0.8   0   0   1
9.42194274274281   0.8   0   0   1
9.43196608608616   0.8   0   0   1
9.4419894294295   0.8   0   0   1
9.45201277277284   0.8   0   0   1
9.46203611611619   0.8   0   0   1
9.47205945945953   0.8   0   0   1
9.48208280280287   0.8   0   0   1
9.49210614614622   0.8   0   0   1
9.50212948948956   0.8   0   0   1
9.5121528328329   0.8   0   0   1
9.52217617617625   0.8   0   0   1
9.53219951951959   0.8   0   0   1
9.54222286286293   0.8   0   0   1
9.55224620620628   0.8   0   0   1
9.56226954954962   0.8   0   0   1
9.57229289289296   0.8   0   0   1
9.58231623623631   0.8   0   0   1
9.59233957957965   0.8   0   0   1
9.60236292292299   0.8   0   0   1
9.61238626626634   0.8   0   0   1
9.62240960960968   0.8   0   0   1
9.63243295295302   0.8   0   0   1
9.64245629629637   0.8   0   0   1
9.65247963963971   0.8   0   0   1
9.66250298298305   0.8   0   0   1
9.6725263263264   0.8   0   0   1
9.68254966966974   0.8   0   0   1
9.69257301301309   0.8   0   0   1
9.70259635635643   0.8   0   0   1
9.71261969969977   0.8   0   0   1
9.72264304304312   0.8   0   0   1
9.73266638638646   0.8   0   0   1
9.7426897297298   0.8   0   0   1
9.75271307307315   0.8   0   0   1
9.76273641641649   0.8   0   0   1
9.77275975975983   0.8   0   0   1
9.78278310310318   0.8   0   0   1
9.79280644644652   0.8   0   0   1
9.80282978978986   0.8   0   0   1
9.81285313313321   0.8   0   0   1
9.82287647647655   0.8   0   0   1
9.83289981981989   0.8   0   0   1
9.84292316316324   0.8   0   0   1
9.85294650650658   0.8   0   0   1
9.86296984984992   0.8   0   0   1
9.87299319319327   0.8   0   0   1
9.88301653653661   0.8   0   0   1
9.89303987987995   0.8   0   0   1
9.9030632232233   0.8   0   0   1
9.91308656656664   0.8   0   0   1
9.92310990990998   0.8   0   0   1
9.93313325325333   0.8   0   0   1
9.94315659659667   0.8   0   0   1
9.95317993994001   0.8   0   0   1
9.96320328328336   0.8   0   0   1
9.9732266266267   0.8   0   0   1
9.98324996997004   0.8   0   0   1
9.99327331331339   0.8   0   0   1
10.0032966566567   0.8   0   0   1
10.0133200000001   0.8   0   0   1
