variables = x,rho,u,v,p
0   3.8571   2.6293   0   10.3333
0.0100233433433433   3.8571   2.6293   0   10.3333
0.0200466866866867   3.8571   2.6293   0   10.3333
0.03007003003003   3.8571   2.6293   0   10.3333
0.0400933733733734   3.8571   2.6293   0   10.3333
0.0501167167167167   3.8571   2.6293   0   10.3333
0.0601400600600601   3.8571   2.6293   0   10.3333
0.0701634034034034   3.8571   2.6293   0   10.3333
0.0801867467467468   3.8571   2.6293   0   10.3333
0.0902100900900901   3.8571   2.6293   0   10.3333
0.100233433433433   3.8571   2.6293   0   10.3333
0.110256776776777   3.8571   2.6293   0   10.3333
0.12028012012012   3.8571   2.6293   0   10.3333
0.130303463463463   3.8571   2.6293   0   10.3333
0.140326806806807   3.8571   2.6293   0   10.3333
0.15035015015015   3.8571   2.6293   0   10.3333
0.160373493493494   3.8571   2.6293   0   10.3333
0.170396836836837   3.8571   2.6293   0   10.3333
0.18042018018018   3.8571   2.6293   0   10.3333
0.190443523523524   3.8571   2.6293   0   10.3333
0.200466866866867   3.8571   2.6293   0   10.3333
0.21049021021021   3.8571   2.6293   0   10.3333
0.220513553553554   3.8571   2.6293   0   10.3333
0.230536896896897   3.8571   2.6293   0   10.3333
0.24056024024024   3.8571   2.6293   0   10.3333
0.250583583583584   3.8571   2.6293   0   10.3333
0.260606926926927   3.8571   2.6293   0   10.3333
0.27063027027027   3.8571   2.6293   0   10.3333
0.280653613613614   3.8571   2.6293   0   10.3333
0.290676956956957   3.8571   2.6293   0   10.3333
0.3007003003003   3.8571   2.6293   0   10.3333
0.310723643643644   3.8571   2.6293   0   10.3333
0.320746986986987   3.8571   2.6293   0   10.3333
0.330770330330331   3.8571   2.6293   0   10.3333
0.340793673673674   3.8571   2.6293   0   10.3333
0.350817017017017   3.8571   2.6293   0   10.3333
0.360840360360361   3.8571   2.6293   0   10.3333
0.370863703703704   3.8571   2.6293   0   10.3333
0.380887047047047   3.8571   2.6293   0   10.3333
0.390910390390391   3.8571   2.6293   0   10.3333
0.400933733733734   3.8571   2.6293   0   10.3333
0.410957077077078   3.8571   2.6293   0   10.3333
0.420980420420421   3.8571   2.6293   0   10.3333
0.431003763763764   3.8571   2.6293   0   10.3333
0.441027107107108   3.8571   2.6293   0   10.3333
0.451050450450451   3.8571   2.6293   0   10.3333
0.461073793793794   3.8571   2.6293   0   10.3333
0.471097137137138   3.8571   2.6293   0   10.3333
0.481120480480481   3.8571   2.6293   0   10.3333
0.491143823823825   3.8571   2.6293   0   10.3333
0.501167167167168   3.8571   2.6293   0   10.3333
0.511190510510511   3.8571   2.6293   0   10.3333
0.521213853853855   3.8571   2.6293   0   10.3333
0.531237197197198   3.8571   2.6293   0   10.3333
0.541260540540541   3.8571   2.6293   0   10.3333
0.551283883883884   3.8571   2.6293   0   10.3333
0.561307227227228   3.8571   2.6293   0   10.3333
0.571330570570571   3.85709999999999   2.6293   7.65040442032433e-17   10.3333
0.581353913913914   3.85709999999998   2.62930000000001   -2.82757912260061e-16   10.3332999999999
0.591377257257258   3.85709999999994   2.62930000000004   -3.68589181591509e-16   10.3332999999997
0.601400600600601   3.85709999999984   2.6293000000001   -3.538300997379e-16   10.3332999999992
0.611423943943944   3.85709999999963   2.62930000000023   -2.28356497056343e-16   10.3332999999983
0.621447287287288   3.85709999999917   2.62930000000051   -6.04368181119509e-16   10.3332999999962
0.631470630630631   3.85709999999817   2.62930000000111   -6.46744130203434e-16   10.3332999999916
0.641493973973974   3.85709999999603   2.6293000000024   -3.71726517559353e-16   10.3332999999819
0.651517317317318   3.85709999999152   2.62930000000511   -2.22268123180457e-16   10.3332999999614
0.661540660660661   3.85709999998208   2.62930000001077   -4.00877336180511e-17   10.3332999999186
0.671564004004004   3.85709999996259   2.62930000002241   -1.06114589161603e-16   10.3332999998307
0.681587347347348   3.85709999992285   2.62930000004606   -2.48608469835134e-16   10.3332999996521
0.691610690690691   3.85709999984283   2.62930000009356   -1.95787048349811e-16   10.3332999992936
0.701634034034034   3.85709999968369   2.62930000018771   3.33132537327708e-16   10.3332999985829
0.711657377377378   3.85709999937114   2.62930000037206   5.86552639412678e-16   10.3332999971919
0.721680720720721   3.85709999876494   2.62930000072847   6.69623057310384e-16   10.333299994503
0.731704064064064   3.85709999760393   2.62930000140894   9.14669368286489e-16   10.3332999893706
0.741727407407408   3.85709999540827   2.62930000269174   1.09838079512993e-15   10.3332999796971
0.751750750750751   3.85709999130822   2.62930000507957   1.14525599600505e-15   10.3332999616945
0.761774094094094   3.85709998374883   2.62930000946808   9.20956435835635e-16   10.3332999286153
0.771797437437437   3.85709996998801   2.62930001743128   7.83935900048857e-16   10.3332998686044
0.781820780780781   3.8570999452569   2.62930003169705   8.78577906667839e-16   10.3332997611201
0.791844124124124   3.85709990137671   2.62930005692755   7.62163917916512e-16   10.3332995710639
0.801867467467467   3.85709982451623   2.62930010097927   5.60158279251861e-16   10.3332992393027
0.811890810810811   3.85709969161416   2.62930017690533   2.66636373505438e-16   10.3332986676133
0.821914154154154   3.85709946476414   2.62930030608509   1.19899359305427e-16   10.3332976951558
0.831937497497497   3.85709908254781   2.62930052303467   -2.12098427185576e-17   10.3332960623221
0.841960840840841   3.85709844688319   2.62930088267562   -1.18368893144233e-16   10.3332933561252
0.851984184184184   3.85709740341171   2.62930147112747   1.5609532131342e-16   10.333288929136
0.862007527527527   3.85709571276645   2.62930242144791   3.17490853043118e-16   10.333281781293
0.872030870870871   3.85709300924593   2.62930393616885   3.82488823690337e-18   10.3332703907329
0.882054214214214   3.85708874248475   2.62930631895487   -4.09481984935936e-16   10.3332524762174
0.892077557557557   3.85708209671881   2.62931001820845   -4.15452565185631e-16   10.3332246700147
0.902100900900901   3.85707188128638   2.62931568591066   -3.6960042839739e-16   10.333182076642
0.912124244244244   3.85705638523883   2.62932425533343   -2.09996131379196e-16   10.3331176903079
0.922147587587587   3.85703318856607   2.62933704137754   2.63525787466478e-16   10.3330216430682
0.932170930930931   3.85699892283978   2.62935586704022   5.60711158972374e-16   10.3328802576555
0.942194274274274   3.85694897534952   2.62938321874161   6.81971425477931e-16   10.332674884869
0.952217617617617   3.8568771333719   2.62942243178335   5.90682480987579e-16   10.3323805164685
0.96224096096096   3.85677516934507   2.62947790495065   3.49882117717718e-16   10.3319641816884
0.972264304304304   3.85663237358395   2.62955534014091   -5.33765243123395e-17   10.3313831592284
0.982287647647647   3.85643504873372   2.62966199895546   -2.54140024938832e-16   10.3305830665512
0.99231099099099   3.85616598911032   2.6298069636244   -2.84804805380909e-16   10.3294959230663
1.00233433433433   3.85580397776831   2.630001384818   -1.39297980562341e-16   10.3280383205147
1.01235767767768   3.85532334355787   2.63025869438074   2.78560432559647e-16   10.32610986846
1.02238102102102   3.85469362826118   2.63059475749404   7.03579012215297e-16   10.3235921099753
1.03240436436436   3.85387941862876   2.63102793698338   9.65740863385332e-16   10.3203481166014
1.04242770770771   3.85284039829615   2.63157904312982   1.34019066889178e-15   10.3162229669689
1.05245105105105   3.85153166898717   2.63227114592124   1.71586765121096e-15   10.3110452860921
1.06247439439439   3.84990437853843   2.63312923333943   2.21683571349866e-15   10.3046299707435
1.07249773773774   3.84790667538627   2.63417970873693   2.26076414593228e-15   10.2967821523694
1.08252108108108   3.84548498647063   2.63544973185264   2.56553045849703e-15   10.2873023582868
1.09254442442442   3.84258559015362   2.63696642037805   2.85941202553474e-15   10.2759927333095
1.10256776776777   3.83915643048135   2.63875594080653   3.19402050329904e-15   10.262664088556
1.11259111111111   3.83514909691492   2.64084252714698   3.32989457552057e-15   10.2471434635604
1.12261445445445   3.83052087721701   2.64324747277128   3.20875252623287e-15   10.229281831964
1.1326377977978   3.82523678244876   2.6459881434514   3.43210498571571e-15   10.2089615567724
1.14266114114114   3.81927144285748   2.64907705836642   3.5946120220036e-15   10.1861032106858
1.15268448448449   3.81261078144935   2.6525210809515   3.73526006246417e-15   10.1606714178253
1.16270782782783   3.80525338675377   2.65632075384127   3.55625273380092e-15   10.1326794385503
1.17273117117117   3.79721152539813   2.66046980305491   3.0786997679918e-15   10.1021922993859
1.18275451451452   3.78851175594353   2.66495482728449   2.83255870975627e-15   10.0693283546511
1.19277785785786   3.77919512538108   2.66975517985037   2.58566561510515e-15   10.0342592451643
1.2028012012012   3.76931694663873   2.67484304443336   2.61133193824899e-15   9.99720828456757
1.21282454454455   3.75894616805371   2.68018370152377   2.85846092141673e-15   9.95844735068414
1.22284788788789   3.74816435359619   2.68573598062273   3.17402515369538e-15   9.91829238683839
1.23287123123123   3.73706429618372   2.69145289313454   3.52775981255976e-15   9.87709762861525
1.24289457457458   3.72574828702111   2.69728244176738   3.7146071755586e-15   9.83524867048562
1.25291791791792   3.71432606348556   2.70316860299944   3.76845009775633e-15   9.79315448155548
1.26294126126126   3.70291245896564   2.70905247850349   3.78783444875537e-15   9.75123847900494
1.27296460460461   3.69162478260881   2.71487360809813   3.90896493647798e-15   9.70992878004765
1.28298794794795   3.68057996713142   2.72057142977328   4.1892279535443e-15   9.6696477854278
1.29301129129129   3.66989153988033   2.72608686105503   4.50293731228643e-15   9.63080130346514
1.30303463463464   3.65966649608839   2.73136396062033   4.7611643921318e-15   9.5937675026423
1.31305797797798   3.65000218189756   2.73635161083907   4.87646820314053e-15   9.5588860758125
1.32308132132132   3.64098332444324   2.74100514314794   4.69618623275216e-15   9.52644809666918
1.33310466466467   3.63267937151528   2.74528781223596   4.07705951385492e-15   9.49668712948624
1.34312800800801   3.62514231733862   2.74917201596684   3.40004910573843e-15   9.46977219307642
1.35315135135135   3.6184051872971   2.75264015966762   2.97310974299314e-15   9.44580315710295
1.3631746946947   3.61248132822401   2.75568507860834   2.73114178936857e-15   9.4248090477287
1.37319803803804   3.60736460098411   2.75830996174789   3.03850993408242e-15   9.40674955709529
1.38322138138138   3.60303050194035   2.76052776084432   3.33531611407606e-15   9.39151980075766
1.39324472472473   3.59943815779348   2.76236011669573   3.87498316909137e-15   9.37895807902929
1.40326806806807   3.59653305603456   2.76383588143627   4.34995453906821e-15   9.36885611431633
1.41329141141141   3.59425030386969   2.76498935478892   4.97054143556214e-15   9.36097100247411
1.42331475475476   3.59251816322706   2.76585837656517   5.86283066123336e-15   9.35503797060057
1.4333380980981   3.59126159524551   2.76648242386528   6.69029989487698e-15   9.35078299910677
1.44336144144144   3.59040556554366   2.76690084926762   7.63880071199507e-15   9.34793444408776
1.45338478478479   3.58987790685603   2.76715136904017   7.93875742326761e-15   9.34623296834324
1.46340812812813   3.58961159923332   2.76726887363573   8.2845964137914e-15   9.34543932246085
1.47343147147147   3.58954639884863   2.76728459291103   8.4280092069643e-15   9.34533977142648
1.48345481481482   3.58962981385009   2.76722561157399   8.83822403224371e-15   9.34574919987662
1.49347815815816   3.5898174813008   2.76711470068898   9.01588941901104e-15   9.34651212196235
1.50350150150151   3.59007303805905   2.76697041100206   9.03929415956157e-15   9.34750195386034
1.51352484484485   3.59036759895553   2.76680736376218   8.81393088047629e-15   9.34861897470376
1.52354818818819   3.59067895917937   2.76663667345704   8.34142336083961e-15   9.34978741164868
1.53357153153154   3.59099062764875   2.76646644237107   7.63133208260397e-15   9.35095204986409
1.54359487487488   3.59129077844664   2.76630227668887   6.8448590167142e-15   9.35207470398044
1.55361821821822   3.59157118229341   2.7661477857233   5.98687942916196e-15   9.35313080900088
1.56364156156157   3.59182615311626   2.76600503787542   5.13381573494401e-15   9.35410630837744
1.57366490490491   3.59205151888303   2.7658749578182   4.51348981148792e-15   9.35499494385866
1.58368824824825   3.59224360305224   2.76575765836861   3.8634202459506e-15   9.35579599117873
1.5937115915916   3.59239818471945   2.7656527072736   2.96338452756782e-15   9.35651243987765
1.60373493493494   3.59250939294945   2.76555933373108   2.3246342007363e-15   9.35714958433086
1.61375827827828   3.5925684849098   2.76547658216575   1.84588798060882e-15   9.35771397469104
1.62378162162163   3.59256245934169   2.7654034219634   1.27865717508259e-15   9.35821266836365
1.63380496496497   3.59247246773888   2.76533882194449   9.90934375825416e-16   9.35865272209764
1.64382830830831   3.5922720063516   2.76528179770754   4.19003836716243e-16   9.3590408691989
1.65385165165166   3.5919249033476   2.765231438913   2.00501786607068e-16   9.35938333360433
1.663874994995   3.59138315683182   2.76518692235141   1.38298040921102e-16   9.35968574092882
1.67389833833834   3.59058472929482   2.765147515416   2.28141423575655e-16   9.35995309495731
1.68392168168169   3.58945145903153   2.76511257348334   3.03066898612445e-16   9.36018979567592
1.69394502502503   3.58788730379721   2.76508153375352   3.46813923828736e-16   9.36039968144599
1.70396836836837   3.58577717924579   2.7650539073282   4.32216561525132e-16   9.36058608319905
1.71399171171172   3.58298668596856   2.76502927070773   2.38270202408056e-16   9.36075188261208
1.72401505505506   3.57936302523299   2.76500725744461   2.39062941089774e-16   9.36089956924801
1.7340383983984   3.57473737670544   2.7649875503753   3.51664838502731e-16   9.36103129379649
1.74406174174175   3.5689289458459   2.76496987463742   3.18287078950501e-16   9.36114891600936
1.75408508508509   3.56175078257845   2.76495399154094   2.89798746568203e-16   9.36125404686602
1.76410842842843   3.55301732979641   2.7649396932775   3.25343627006173e-16   9.36134808507176
1.77413177177178   3.54255348969632   2.76492679840521   5.19097949352488e-16   9.36143224830262
1.78415511511512   3.5302048130321   2.76491514802487   7.68527998607697e-17   9.36150759975202
1.79417845845846   3.51584824091952   2.76490460255665   -4.11441511575423e-16   9.36157507057402
1.80420180180181   3.49940268306272   2.76489503902906   -6.97854993163017e-16   9.36163547879598
1.81422514514515   3.48083862210718   2.7648863487994   -1.06531363848918e-15   9.36168954522338
1.82424848848849   3.4601859095323   2.76487843563371   -1.35179204104909e-15   9.36173790679764
1.83427183183184   3.43753897567024   2.76487121408461   -1.49292272877787e-15   9.36178112780501
1.84429517517518   3.41305881754979   2.76486460811431   -1.70391046947424e-15   9.36181970927686
1.85431851851853   3.38697134541325   2.76485854991885   -1.63212766797839e-15   9.36185409687125
1.86434186186187   3.35956194385832   2.7648529789173   -1.34479880233996e-15   9.36188468748196
1.87436520520521   3.3311664101112   2.764847840876   -1.11611801132917e-15   9.36191183478488
1.88438854854856   3.3021587381177   2.76484308714367   -1.1452744747636e-15   9.3619358538998
1.8944118918919   3.27293648984505   2.76483867397791   -1.20984777498644e-15   9.36195702531882
1.90443523523524   3.24390470440194   2.76483456194693   -1.1376234160249e-15   9.36197559822736
1.91445857857859   3.21545941837589   2.76483071539327   -1.40595917256903e-15   9.36199179331968
1.92448192192193   3.18797189433238   2.76482710194775   -1.78177166710412e-15   9.36200580518477
1.93450526526527   3.16177457757927   2.76482369208146   -2.07492161555247e-15   9.36201780430718
1.94452860860862   3.13714963452922   2.76482045868143   -2.2179326202901e-15   9.36202793868353
1.95455195195196   3.11432068964991   2.76481737662916   -1.87385756588985e-15   9.3620363349868
1.9645752952953   3.09344809935366   2.76481442234708   -1.63101329967382e-15   9.36204309909256
1.97459863863865   3.07462781066642   2.76481157325094   -1.20825338185677e-15   9.36204831556832
1.98462198198199   3.0578935797479   2.7648088069929   -6.42177172519702e-16   9.36205204532945
1.99464532532533   3.04322209556147   2.76480610027742   -2.16874818004997e-16   9.362054319913
2.00466866866868   3.03054038542092   2.76480342683547   2.24121747407761e-17   9.36205512938829
2.01469201201202   3.0197347814153   2.76480075376532   3.39938829383418e-16   9.36205439818609
2.02471535535536   3.01066070062945   2.76479803472657   4.80786521886358e-16   9.36205193789665
2.03473869869871   3.00315253040965   2.76479519709306   2.50401239752158e-16   9.36204735608575
2.04476204204205   2.99703299901153   2.76479211753135   -2.17739581185765e-16   9.36203988106614
2.05478538538539   2.99212153364609   2.76478857542952   -2.21476065729995e-16   9.36202802605696
2.06480872872874   2.98824124121433   2.76478416397365   -5.54620363493896e-16   9.36200894646408
2.07483207207208   2.98522426884319   2.76477812029223   -1.04603001912961e-15   9.36197721098404
2.08485541541542   2.98291538557837   2.7647690010198   -1.59352943372425e-15   9.36192245340052
2.09487875875877   2.98117363991932   2.7647540627215   -2.03679092255073e-15   9.36182488773135
2.10490210210211   2.97987184023086   2.76472807898056   -2.80281191913942e-15   9.36164674595146
2.11492544544545   2.97889329054759   2.76468108248566   -3.51146029302652e-15   9.36131593707935
2.1249487887888   2.97812453465187   2.76459405610926   -4.41091725860731e-15   9.36069487225352
2.13497213213214   2.97744151716623   2.76443071147078   -5.37109425515282e-15   9.3595210164569
2.14499547547548   2.97668399308324   2.76412180522839   -5.85757923930404e-15   9.35729360102269
2.15501881881883   2.97560813371437   2.7635352259219   -6.68211257910461e-15   9.35305798370818
2.16504216216217   2.97379809386251   2.76241895732094   -6.8895881752662e-15   9.34499603726696
2.17506550550551   2.97050022604397   2.76029237472096   -7.16115114481127e-15   9.32965113419619
2.18508884884886   2.96431255591941   2.75623924666708   -7.56308404749661e-15   9.30047275265403
2.1951121921922   2.95260818738225   2.74851420130511   -7.35529695159692e-15   9.24512310902766
2.20513553553555   2.93048726747409   2.73379698832304   -7.30294828519615e-15   9.1406357113759
2.21515887887889   2.88895763875471   2.70578886684818   -7.00770832052699e-15   8.94522302243308
2.22518222222223   2.81208496741608   2.65261047971099   -6.96511274973936e-15   8.58621119944749
2.23520556556558   2.6736138812535   2.55215622012662   -6.81008434649001e-15   7.94848699001528
2.24522890890892   2.43675341637144   2.36467242330706   -6.30484445430111e-15   6.88513223878302
2.25525225225226   2.06917127076361   2.02547510016509   -5.0903619194988e-15   5.30859047044533
2.26527559559561   1.59267574574994   1.46265584723642   -3.45413235613744e-15   3.4221751107932
2.27529893893895   1.14402075347548   0.729492225924865   -1.35471536588807e-15   1.87732767920898
2.28532228228229   0.889897781971956   0.193670031811567   -2.1640200922235e-16   1.18231001927735
2.29534562562564   0.814636238823792   0.0302626668355606   -1.34955808561423e-18   1.02624610192572
2.30536896896898   0.801947488949631   0.00400286590005532   -5.43102368802542e-22   1.00341794237099
2.31539231231232   0.800250675754353   0.000515158667561674   -1.75102461677298e-26   1.00043884138697
2.32541565565567   0.800032141078412   6.60521932492721e-05   -3.67234906831958e-32   1.00005624948984
2.33543899899901   0.800004119034911   8.46490723831336e-06   -6.14158395375736e-39   1.00000720835382
2.34546234234235   0.800000527839622   1.08474781797884e-06   -1.40631114118055e-46   1.00000092372004
2.3554856856857   0.800000067639983   1.39004986009606e-07   -2.68281727160427e-55   1.00000011836998
2.36550902902904   0.800000008667681   1.78127054743997e-08   -4.16351359733559e-65   1.00000001516844
2.37553237237238   0.800000001110709   2.28258796976672e-09   -5.06048750875148e-76   1.00000000194374
2.38555571571573   0.80000000014233   2.92497720265188e-10   -4.58539625258802e-88   1.00000000024907
2.39557905905907   0.800000000018238   3.74807852892242e-11   -2.93393372797008e-101   1.00000000003192
2.40560240240241   0.800000000002337   4.80231486437287e-12   -1.11726351770158e-115   1.00000000000409
2.41562574574576   0.800000000000299   6.14944778178212e-13   -7.90192784238265e-132   1.00000000000052
2.4256490890891   0.800000000000038   7.85627918635349e-14   -2.52882819305451e-148   1.00000000000007
2.43567243243244   0.800000000000005   9.87370852973985e-15   -4.92199443933753e-166   1.00000000000001
2.44569577577579   0.800000000000001   1.1462669146872e-15   -5.06056692967236e-185   1
2.45571911911913   0.8   1.02768674206896e-16   -6.04278631499872e-205   1
2.46574246246247   0.8   0   0   1
2.47576580580582   0.8   0   0   1
2.48578914914916   0.8   0   0   1
2.4958124924925   0.8   0   0   1
2.50583583583585   0.8   0   0   1
2.51585917917919   0.8   0   0   1
2.52588252252253   0.8   0   0   1
2.53590586586588   0.8   0   0   1
2.54592920920922   0.8   0   0   1
2.55595255255257   0.8   0   0   1
2.56597589589591   0.8   0   0   1
2.57599923923925   0.8   0   0   1
2.5860225825826   0.8   0   0   1
2.59604592592594   0.8   0   0   1
2.60606926926928   0.8   0   0   1
2.61609261261263   0.8   0   0   1
2.62611595595597   0.8   0   0   1
2.63613929929931   0.8   0   0   1
2.64616264264266   0.8   0   0   1
2.656185985986   0.8   0   0   1
2.66620932932934   0.8   0   0   1
2.67623267267269   0.8   0   0   1
2.68625601601603   0.8   0   0   1
2.69627935935937   0.8   0   0   1
2.70630270270272   0.8   0   0   1
2.71632604604606   0.8   0   0   1
2.7263493893894   0.8   0   0   1
2.73637273273275   0.8   0   0   1
2.74639607607609   0.8   0   0   1
2.75641941941943   0.8   0   0   1
2.76644276276278   0.8   0   0   1
2.77646610610612   0.8   0   0   1
2.78648944944946   0.8   0   0   1
2.79651279279281   0.8   0   0   1
2.80653613613615   0.8   0   0   1
2.81655947947949   0.8   0   0   1
2.82658282282284   0.8   0   0   1
2.83660616616618   0.8   0   0   1
2.84662950950952   0.8   0   0   1
2.85665285285287   0.8   0   0   1
2.86667619619621   0.8   0   0   1
2.87669953953955   0.8   0   0   1
2.8867228828829   0.8   0   0   1
2.89674622622624   0.8   0   0   1
2.90676956956958   0.8   0   0   1
2.91679291291293   0.8   0   0   1
2.92681625625627   0.8   0   0   1
2.93683959959962   0.8   0   0   1
2.94686294294296   0.8   0   0   1
2.9568862862863   0.8   0   0   1
2.96690962962965   0.8   0   0   1
2.97693297297299   0.8   0   0   1
2.98695631631633   0.8   0   0   1
2.99697965965968   0.8   0   0   1
3.00700300300302   0.8   0   0   1
3.01702634634636   0.8   0   0   1
3.02704968968971   0.8   0   0   1
3.03707303303305   0.8   0   0   1
3.04709637637639   0.8   0   0   1
3.05711971971974   0.8   0   0   1
3.06714306306308   0.8   0   0   1
3.07716640640642   0.8   0   0   1
3.08718974974977   0.8   0   0   1
3.09721309309311   0.8   0   0   1
3.10723643643645   0.8   0   0   1
3.1172597797798   0.8   0   0   1
3.12728312312314   0.8   0   0   1
3.13730646646648   0.8   0   0   1
3.14732980980983   0.8   0   0   1
3.15735315315317   0.8   0   0   1
3.16737649649651   0.8   0   0   1
3.17739983983986   0.8   0   0   1
3.1874231831832   0.8   0   0   1
3.19744652652654   0.8   0   0   1
3.20746986986989   0.8   0   0   1
3.21749321321323   0.8   0   0   1
3.22751655655657   0.8   0   0   1
3.23753989989992   0.8   0   0   1
3.24756324324326   0.8   0   0   1
3.2575865865866   0.8   0   0   1
3.26760992992995   0.8   0   0   1
3.27763327327329   0.8   0   0   1
3.28765661661664   0.8   0   0   1
3.29767995995998   0.8   0   0   1
3.30770330330332   0.8   0   0   1
3.31772664664667   0.8   0   0   1
3.32774998999001   0.8   0   0   1
3.33777333333335   0.8   0   0   1
3.3477966766767   0.8   0   0   1
3.35782002002004   0.8   0   0   1
3.36784336336338   0.8   0   0   1
3.37786670670673   0.8   0   0   1
3.38789005005007   0.8   0   0   1
3.39791339339341   0.8   0   0   1
3.40793673673676   0.8   0   0   1
3.4179600800801   0.8   0   0   1
3.42798342342344   0.8   0   0   1
3.43800676676679   0.8   0   0   1
3.44803011011013   0.8   0   0   1
3.45805345345347   0.8   0   0   1
3.46807679679682   0.8   0   0   1
3.47810014014016   0.8   0   0   1
3.4881234834835   0.8   0   0   1
3.49814682682685   0.8   0   0   1
3.50817017017019   0.8   0   0   1
3.51819351351353   0.8   0   0   1
3.52821685685688   0.8   0   0   1
3.53824020020022   0.8   0   0   1
3.54826354354356   0.8   0   0   1
3.55828688688691   0.8   0   0   1
3.56831023023025   0.8   0   0   1
3.57833357357359   0.8   0   0   1
3.58835691691694   0.8   0   0   1
3.59838026026028   0.8   0   0   1
3.60840360360362   0.8   0   0   1
3.61842694694697   0.8   0   0   1
3.62845029029031   0.8   0   0   1
3.63847363363366   0.8   0   0   1
3.648496976977   0.8   0   0   1
3.65852032032034   0.8   0   0   1
3.66854366366369   0.8   0   0   1
3.67856700700703   0.8   0   0   1
3.68859035035037   0.8   0   0   1
3.69861369369372   0.8   0   0   1
3.70863703703706   0.8   0   0   1
3.7186603803804   0.8   0   0   1
3.72868372372375   0.8   0   0   1
3.73870706706709   0.8   0   0   1
3.74873041041043   0.8   0   0   1
3.75875375375378   0.8   0   0   1
3.76877709709712   0.8   0   0   1
3.77880044044046   0.8   0   0   1
3.78882378378381   0.8   0   0   1
3.79884712712715   0.8   0   0   1
3.80887047047049   0.8   0   0   1
3.81889381381384   0.8   0   0   1
3.82891715715718   0.8   0   0   1
3.83894050050052   0.8   0   0   1
3.84896384384387   0.8   0   0   1
3.85898718718721   0.8   0   0   1
3.86901053053055   0.8   0   0   1
3.8790338738739   0.8   0   0   1
3.88905721721724   0.8   0   0   1
3.89908056056058   0.8   0   0   1
3.90910390390393   0.8   0   0   1
3.91912724724727   0.8   0   0   1
3.92915059059061   0.8   0   0   1
3.93917393393396   0.8   0   0   1
3.9491972772773   0.8   0   0   1
3.95922062062064   0.8   0   0   1
3.96924396396399   0.8   0   0   1
3.97926730730733   0.8   0   0   1
3.98929065065068   0.8   0   0   1
3.99931399399402   0.8   0   0   1
4.00933733733736   0.8   0   0   1
4.01936068068071   0.8   0   0   1
4.02938402402405   0.8   0   0   1
4.03940736736739   0.8   0   0   1
4.04943071071074   0.8   0   0   1
4.05945405405408   0.8   0   0   1
4.06947739739742   0.8   0   0   1
4.07950074074077   0.8   0   0   1
4.08952408408411   0.8   0   0   1
4.09954742742745   0.8   0   0   1
4.1095707707708   0.8   0   0   1
4.11959411411414   0.8   0   0   1
4.12961745745748   0.8   0   0   1
4.13964080080083   0.8   0   0   1
4.14966414414417   0.8   0   0   1
4.15968748748751   0.8   0   0   1
4.16971083083086   0.8   0   0   1
4.1797341741742   0.8   0   0   1
4.18975751751754   0.8   0   0   1
4.19978086086089   0.8   0   0   1
4.20980420420423   0.8   0   0   1
4.21982754754757   0.8   0   0   1
4.22985089089092   0.8   0   0   1
4.23987423423426   0.8   0   0   1
4.2498975775776   0.8   0   0   1
4.25992092092095   0.8   0   0   1
4.26994426426429   0.8   0   0   1
4.27996760760763   0.8   0   0   1
4.28999095095098   0.8   0   0   1
4.30001429429432   0.8   0   0   1
4.31003763763766   0.8   0   0   1
4.32006098098101   0.8   0   0   1
4.33008432432435   0.8   0   0   1
4.3401076676677   0.8   0   0   1
4.35013101101104   0.8   0   0   1
4.36015435435438   0.8   0   0   1
4.37017769769773   0.8   0   0   1
4.38020104104107   0.8   0   0   1
4.39022438438441   0.8   0   0   1
4.40024772772776   0.8   0   0   1
4.4102710710711   0.8   0   0   1
4.42029441441444   0.8   0   0   1
4.43031775775779   0.8   0   0   1
4.44034110110113   0.8   0   0   1
4.45036444444447   0.8   0   0   1
4.46038778778782   0.8   0   0   1
4.47041113113116   0.8   0   0   1
4.4804344744745   0.8   0   0   1
4.49045781781785   0.8   0   0   1
4.50048116116119   0.8   0   0   1
4.51050450450453   0.8   0   0   1
4.52052784784788   0.8   0   0   1
4.53055119119122   0.8   0   0   1
4.54057453453456   0.8   0   0   1
4.55059787787791   0.8   0   0   1
4.56062122122125   0.8   0   0   1
4.57064456456459   0.8   0   0   1
4.58066790790794   0.8   0   0   1
4.59069125125128   0.8   0   0   1
4.60071459459462   0.8   0   0   1
4.61073793793797   0.8   0   0   1
4.62076128128131   0.8   0   0   1
4.63078462462465   0.8   0   0   1
4.640807967968   0.8   0   0   1
4.65083131131134   0.8   0   0   1
4.66085465465468   0.8   0   0   1
4.67087799799803   0.8   0   0   1
4.68090134134137   0.8   0   0   1
4.69092468468472   0.8   0   0   1
4.70094802802806   0.8   0   0   1
4.7109713713714   0.8   0   0   1
4.72099471471475   0.8   0   0   1
4.73101805805809   0.8   0   0   1
4.74104140140143   0.8   0   0   1
4.75106474474478   0.8   0   0   1
4.76108808808812   0.8   0   0   1
4.77111143143146   0.8   0   0   1
4.78113477477481   0.8   0   0   1
4.79115811811815   0.8   0   0   1
4.80118146146149   0.8   0   0   1
4.81120480480484   0.8   0   0   1
4.82122814814818   0.8   0   0   1
4.83125149149152   0.8   0   0   1
4.84127483483487   0.8   0   0   1
4.85129817817821   0.8   0   0   1
4.86132152152155   0.8   0   0   1
4.8713448648649   0.8   0   0   1
4.88136820820824   0.8   0   0   1
4.89139155155158   0.8   0   0   1
4.90141489489493   0.8   0   0   1
4.91143823823827   0.8   0   0   1
4.92146158158161   0.8   0   0   1
4.93148492492496   0.8   0   0   1
4.9415082682683   0.8   0   0   1
4.95153161161164   0.8   0   0   1
4.96155495495499   0.8   0   0   1
4.97157829829833   0.8   0   0   1
4.98160164164167   0.8   0   0   1
4.99162498498502   0.8   0   0   1
5.00164832832836   0.8   0   0   1
5.0116716716717   0.8   0   0   1
5.02169501501505   0.8   0   0   1
5.03171835835839   0.8   0   0   1
5.04174170170173   0.8   0   0   1
5.05176504504508   0.8   0   0   1
5.06178838838842   0.8   0   0   1
5.07181173173177   0.8   0   0   1
5.08183507507511   0.8   0   0   1
5.09185841841845   0.8   0   0   1
5.1018817617618   0.8   0   0   1
5.11190510510514   0.8   0   0   1
5.12192844844848   0.8   0   0   1
5.13195179179183   0.8   0   0   1
5.14197513513517   0.8   0   0   1
5.15199847847851   0.8   0   0   1
5.16202182182186   0.8   0   0   1
5.1720451651652   0.8   0   0   1
5.18206850850854   0.8   0   0   1
5.19209185185189   0.8   0   0   1
5.20211519519523   0.8   0   0   1
5.21213853853857   0.8   0   0   1
5.22216188188192   0.8   0   0   1
5.23218522522526   0.8   0   0   1
5.2422085685686   0.8   0   0   1
5.25223191191195   0.8   0   0   1
5.26225525525529   0.8   0   0   1
5.27227859859863   0.8   0   0   1
5.28230194194198   0.8   0   0   1
5.29232528528532   0.8   0   0   1
5.30234862862866   0.8   0   0   1
5.31237197197201   0.8   0   0   1
5.32239531531535   0.8   0   0   1
5.33241865865869   0.8   0   0   1
5.34244200200204   0.8   0   0   1
5.35246534534538   0.8   0   0   1
5.36248868868872   0.8   0   0   1
5.37251203203207   0.8   0   0   1
5.38253537537541   0.8   0   0   1
5.39255871871875   0.8   0   0   1
5.4025820620621   0.8   0   0   1
5.41260540540544   0.8   0   0   1
5.42262874874879   0.8   0   0   1
5.43265209209213   0.8   0   0   1
5.44267543543547   0.8   0   0   1
5.45269877877882   0.8   0   0   1
5.46272212212216   0.8   0   0   1
5.4727454654655   0.8   0   0   1
5.48276880880885   0.8   0   0   1
5.49279215215219   0.8   0   0   1
5.50281549549553   0.8   0   0   1
5.51283883883888   0.8   0   0   1
5.52286218218222   0.8   0   0   1
5.53288552552556   0.8   0   0   1
5.54290886886891   0.8   0   0   1
5.55293221221225   0.8   0   0   1
5.56295555555559   0.8   0   0   1
5.57297889889894   0.8   0   0   1
5.58300224224228   0.8   0   0   1
5.59302558558562   0.8   0   0   1
5.60304892892897   0.8   0   0   1
5.61307227227231   0.8   0   0   1
5.62309561561565   0.8   0   0   1
5.633118958959   0.8   0   0   1
5.64314230230234   0.8   0   0   1
5.65316564564568   0.8   0   0   1
5.66318898898903   0.8   0   0   1
5.67321233233237   0.8   0   0   1
5.68323567567571   0.8   0   0   1
5.69325901901906   0.8   0   0   1
5.7032823623624   0.8   0   0   1
5.71330570570574   0.8   0   0   1
5.72332904904909   0.8   0   0   1
5.73335239239243   0.8   0   0   1
5.74337573573577   0.8   0   0   1
5.75339907907912   0.8   0   0   1
5.76342242242246   0.8   0   0   1
5.77344576576581   0.8   0   0   1
5.78346910910915   0.8   0   0   1
5.79349245245249   0.8   0   0   1
5.80351579579584   0.8   0   0   1
5.81353913913918   0.8   0   0   1
5.82356248248252   0.8   0   0   1
5.83358582582587   0.8   0   0   1
5.84360916916921   0.8   0   0   1
5.85363251251255   0.8   0   0   1
5.8636558558559   0.8   0   0   1
5.87367919919924   0.8   0   0   1
5.88370254254258   0.8   0   0   1
5.89372588588593   0.8   0   0   1
5.90374922922927   0.8   0   0   1
5.91377257257261   0.8   0   0   1
5.92379591591596   0.8   0   0   1
5.9338192592593   0.8   0   0   1
5.94384260260264   0.8   0   0   1
5.95386594594599   0.8   0   0   1
5.96388928928933   0.8   0   0   1
5.97391263263267   0.8   0   0   1
5.98393597597602   0.8   0   0   1
5.99395931931936   0.8   0   0   1
6.0039826626627   0.8   0   0   1
6.01400600600605   0.8   0   0   1
6.02402934934939   0.8   0   0   1
6.03405269269273   0.8   0   0   1
6.04407603603608   0.8   0   0   1
6.05409937937942   0.8   0   0   1
6.06412272272276   0.8   0   0   1
6.07414606606611   0.8   0   0   1
6.08416940940945   0.8   0   0   1
6.09419275275279   0.8   0   0   1
6.10421609609614   0.8   0   0   1
6.11423943943948   0.8   0   0   1
6.12426278278283   0.8   0   0   1
6.13428612612617   0.8   0   0   1
6.14430946946951   0.8   0   0   1
6.15433281281286   0.8   0   0   1
6.1643561561562   0.8   0   0   1
6.17437949949954   0.8   0   0   1
6.18440284284289   0.8   0   0   1
6.19442618618623   0.8   0   0   1
6.20444952952957   0.8   0   0   1
6.21447287287292   0.8   0   0   1
6.22449621621626   0.8   0   0   1
6.2345195595596   0.8   0   0   1
6.24454290290295   0.8   0   0   1
6.25456624624629   0.8   0   0   1
6.26458958958963   0.8   0   0   1
6.27461293293298   0.8   0   0   1
6.28463627627632   0.8   0   0   1
6.29465961961966   0.8   0   0   1
6.30468296296301   0.8   0   0   1
6.31470630630635   0.8   0   0   1
6.32472964964969   0.8   0   0   1
6.33475299299304   0.8   0   0   1
6.34477633633638   0.8   0   0   1
6.35479967967972   0.8   0   0   1
6.36482302302307   0.8   0   0   1
6.37484636636641   0.8   0   0   1
6.38486970970975   0.8   0   0   1
6.3948930530531   0.8   0   0   1
6.40491639639644   0.8   0   0   1
6.41493973973978   0.8   0   0   1
6.42496308308313   0.8   0   0   1
6.43498642642647   0.8   0   0   1
6.44500976976981   0.8   0   0   1
6.45503311311316   0.8   0   0   1
6.4650564564565   0.8   0   0   1
6.47507979979985   0.8   0   0   1
6.48510314314319   0.8   0   0   1
6.49512648648653   0.8   0   0   1
6.50514982982988   0.8   0   0   1
6.51517317317322   0.8   0   0   1
6.52519651651656   0.8   0   0   1
6.53521985985991   0.8   0   0   1
6.54524320320325   0.8   0   0   1
6.55526654654659   0.8   0   0   1
6.56528988988994   0.8   0   0   1
6.57531323323328   0.8   0   0   1
6.58533657657662   0.8   0   0   1
6.59535991991997   0.8   0   0   1
6.60538326326331   0.8   0   0   1
6.61540660660665   0.8   0   0   1
6.62542994995   0.8   0   0   1
6.63545329329334   0.8   0   0   1
6.64547663663668   0.8   0   0   1
6.65549997998003   0.8   0   0   1
6.66552332332337   0.8   0   0   1
6.67554666666671   0.8   0   0   1
6.68557001001006   0.8   0   0   1
6.6955933533534   0.8   0   0   1
6.70561669669674   0.8   0   0   1
6.71564004004009   0.8   0   0   1
6.72566338338343   0.8   0   0   1
6.73568672672677   0.8   0   0   1
6.74571007007012   0.8   0   0   1
6.75573341341346   0.8   0   0   1
6.7657567567568   0.8   0   0   1
6.77578010010015   0.8   0   0   1
6.78580344344349   0.8   0   0   1
6.79582678678683   0.8   0   0   1
6.80585013013018   0.8   0   0   1
6.81587347347352   0.8   0   0   1
6.82589681681686   0.8   0   0   1
6.83592016016021   0.8   0   0   1
6.84594350350355   0.8   0   0   1
6.8559668468469   0.8   0   0   1
6.86599019019024   0.8   0   0   1
6.87601353353358   0.8   0   0   1
6.88603687687693   0.8   0   0   1
6.89606022022027   0.8   0   0   1
6.90608356356361   0.8   0   0   1
6.91610690690696   0.8   0   0   1
6.9261302502503   0.8   0   0   1
6.93615359359364   0.8   0   0   1
6.94617693693699   0.8   0   0   1
6.95620028028033   0.8   0   0   1
6.96622362362367   0.8   0   0   1
6.97624696696702   0.8   0   0   1
6.98627031031036   0.8   0   0   1
6.9962936536537   0.8   0   0   1
7.00631699699705   0.8   0   0   1
7.01634034034039   0.8   0   0   1
7.02636368368373   0.8   0   0   1
7.03638702702708   0.8   0   0   1
7.04641037037042   0.8   0   0   1
7.05643371371376   0.8   0   0   1
7.06645705705711   0.8   0   0   1
7.07648040040045   0.8   0   0   1
7.08650374374379   0.8   0   0   1
7.09652708708714   0.8   0   0   1
7.10655043043048   0.8   0   0   1
7.11657377377382   0.8   0   0   1
7.12659711711717   0.8   0   0   1
7.13662046046051   0.8   0   0   1
7.14664380380385   0.8   0   0   1
7.1566671471472   0.8   0   0   1
7.16669049049054   0.8   0   0   1
7.17671383383388   0.8   0   0   1
7.18673717717723   0.8   0   0   1
7.19676052052057   0.8   0   0   1
7.20678386386392   0.8   0   0   1
7.21680720720726   0.8   0   0   1
7.2268305505506   0.8   0   0   1
7.23685389389395   0.8   0   0   1
7.24687723723729   0.8   0   0   1
7.25690058058063   0.8   0   0   1
7.26692392392398   0.8   0   0   1
7.27694726726732   0.8   0   0   1
7.28697061061066   0.8   0   0   1
7.29699395395401   0.8   0   0   1
7.30701729729735   0.8   0   0   1
7.31704064064069   0.8   0   0   1
7.32706398398404   0.8   0   0   1
7.33708732732738   0.8   0   0   1
7.34711067067072   0.8   0   0   1
7.35713401401407   0.8   0   0   1
7.36715735735741   0.8   0   0   1
7.37718070070075   0.8   0   0   1
7.3872040440441   0.8   0   0   1
7.39722738738744   0.8   0   0   1
7.40725073073078   0.8   0   0   1
7.41727407407413   0.8   0   0   1
7.42729741741747   0.8   0   0   1
7.43732076076081   0.8   0   0   1
7.44734410410416   0.8   0   0   1
7.4573674474475   0.8   0   0   1
7.46739079079084   0.8   0   0   1
7.47741413413419   0.8   0   0   1
7.48743747747753   0.8   0   0   1
7.49746082082087   0.8   0   0   1
7.50748416416422   0.8   0   0   1
7.51750750750756   0.8   0   0   1
7.5275308508509   0.8   0   0   1
7.53755419419425   0.8   0   0   1
7.54757753753759   0.8   0   0   1
7.55760088088094   0.8   0   0   1
7.56762422422428   0.8   0   0   1
7.57764756756762   0.8   0   0   1
7.58767091091097   0.8   0   0   1
7.59769425425431   0.8   0   0   1
7.60771759759765   0.8   0   0   1
7.617740940941   0.8   0   0   1
7.62776428428434   0.8   0   0   1
7.63778762762768   0.8   0   0   1
7.64781097097103   0.8   0   0   1
7.65783431431437   0.8   0   0   1
7.66785765765771   0.8   0   0   1
7.67788100100106   0.8   0   0   1
7.6879043443444   0.8   0   0   1
7.69792768768774   0.8   0   0   1
7.70795103103109   0.8   0   0   1
7.71797437437443   0.8   0   0   1
7.72799771771777   0.8   0   0   1
7.73802106106112   0.8   0   0   1
7.74804440440446   0.8   0   0   1
7.7580677477478   0.8   0   0   1
7.76809109109115   0.8   0   0   1
7.77811443443449   0.8   0   0   1
7.78813777777783   0.8   0   0   1
7.79816112112118   0.8   0   0   1
7.80818446446452   0.8   0   0   1
7.81820780780786   0.8   0   0   1
7.82823115115121   0.8   0   0   1
7.83825449449455   0.8   0   0   1
7.84827783783789   0.8   0   0   1
7.85830118118124   0.8   0   0   1
7.86832452452458   0.8   0   0   1
7.87834786786792   0.8   0   0   1
7.88837121121127   0.8   0   0   1
7.89839455455461   0.8   0   0   1
7.90841789789796   0.8   0   0   1
7.9184412412413   0.8   0   0   1
7.92846458458464   0.8   0   0   1
7.93848792792799   0.8   0   0   1
7.94851127127133   0.8   0   0   1
7.95853461461467   0.8   0   0   1
7.96855795795802   0.8   0   0   1
7.97858130130136   0.8   0   0   1
7.9886046446447   0.8   0   0   1
7.99862798798805   0.8   0   0   1
8.00865133133139   0.8   0   0   1
8.01867467467473   0.8   0   0   1
8.02869801801808   0.8   0   0   1
8.03872136136142   0.8   0   0   1
8.04874470470476   0.8   0   0   1
8.05876804804811   0.8   0   0   1
8.06879139139145   0.8   0   0   1
8.07881473473479   0.8   0   0   1
8.08883807807814   0.8   0   0   1
8.09886142142148   0.8   0   0   1
8.10888476476482   0.8   0   0   1
8.11890810810817   0.8   0   0   1
8.12893145145151   0.8   0   0   1
8.13895479479485   0.8   0   0   1
8.1489781381382   0.8   0   0   1
8.15900148148154   0.8   0   0   1
8.16902482482488   0.8   0   0   1
8.17904816816823   0.8   0   0   1
8.18907151151157   0.8   0   0   1
8.19909485485491   0.8   0   0   1
8.20911819819826   0.8   0   0   1
8.2191415415416   0.8   0   0   1
8.22916488488494   0.8   0   0   1
8.23918822822829   0.8   0   0   1
8.24921157157163   0.8   0   0   1
8.25923491491498   0.8   0   0   1
8.26925825825832   0.8   0   0   1
8.27928160160166   0.8   0   0   1
8.28930494494501   0.8   0   0   1
8.29932828828835   0.8   0   0   1
8.30935163163169   0.8   0   0   1
8.31937497497504   0.8   0   0   1
8.32939831831838   0.8   0   0   1
8.33942166166172   0.8   0   0   1
8.34944500500507   0.8   0   0   1
8.35946834834841   0.8   0   0   1
8.36949169169175   0.8   0   0   1
8.3795150350351   0.8   0   0   1
8.38953837837844   0.8   0   0   1
8.39956172172178   0.8   0   0   1
8.40958506506513   0.8   0   0   1
8.41960840840847   0.8   0   0   1
8.42963175175181   0.8   0   0   1
8.43965509509516   0.8   0   0   1
8.4496784384385   0.8   0   0   1
8.45970178178184   0.8   0   0   1
8.46972512512519   0.8   0   0   1
8.47974846846853   0.8   0   0   1
8.48977181181187   0.8   0   0   1
8.49979515515522   0.8   0   0   1
8.50981849849856   0.8   0   0   1
8.5198418418419   0.8   0   0   1
8.52986518518525   0.8   0   0   1
8.53988852852859   0.8   0   0   1
8.54991187187193   0.8   0   0   1
8.55993521521528   0.8   0   0   1
8.56995855855862   0.8   0   0   1
8.57998190190196   0.8   0   0   1
8.59000524524531   0.8   0   0   1
8.60002858858865   0.8   0   0   1
8.610051931932   0.8   0   0   1
8.62007527527534   0.8   0   0   1
8.63009861861868   0.8   0   0   1
8.64012196196203   0.8   0   0   1
8.65014530530537   0.8   0   0   1
8.66016864864871   0.8   0   0   1
8.67019199199206   0.8   0   0   1
8.6802153353354   0.8   0   0   1
8.69023867867874   0.8   0   0   1
8.70026202202209   0.8   0   0   1
8.71028536536543   0.8   0   0   1
8.72030870870877   0.8   0   0   1
8.73033205205212   0.8   0   0   1
8.74035539539546   0.8   0   0   1
8.7503787387388   0.8   0   0   1
8.76040208208215   0.8   0   0   1
8.77042542542549   0.8   0   0   1
8.78044876876883   0.8   0   0   1
8.79047211211218   0.8   0   0   1
8.80049545545552   0.8   0   0   1
8.81051879879886   0.8   0   0   1
8.82054214214221   0.8   0   0   1
8.83056548548555   0.8   0   0   1
8.84058882882889   0.8   0   0   1
8.85061217217224   0.8   0   0   1
8.86063551551558   0.8   0   0   1
8.87065885885892   0.8   0   0   1
8.88068220220227   0.8   0   0   1
8.89070554554561   0.8   0   0   1
8.90072888888895   0.8   0   0   1
8.9107522322323   0.8   0   0   1
8.92077557557564   0.8   0   0   1
8.93079891891898   0.8   0   0   1
8.94082226226233   0.8   0   0   1
8.95084560560567   0.8   0   0   1
8.96086894894901   0.8   0   0   1
8.97089229229236   0.8   0   0   1
8.9809156356357   0.8   0   0   1
8.99093897897905   0.8   0   0   1
9.00096232232239   0.8   0   0   1
9.01098566566573   0.8   0   0   1
9.02100900900908   0.8   0   0   1
9.03103235235242   0.8   0   0   1
9.04105569569576   0.8   0   0   1
9.05107903903911   0.8   0   0   1
9.06110238238245   0.8   0   0   1
9.07112572572579   0.8   0   0   1
9.08114906906914   0.8   0   0   1
9.09117241241248   0.8   0   0   1
9.10119575575582   0.8   0   0   1
9.11121909909917   0.8   0   0   1
9.12124244244251   0.8   0   0   1
9.13126578578585   0.8   0   0   1
9.1412891291292   0.8   0   0   1
9.15131247247254   0.8   0   0   1
9.16133581581588   0.8   0   0   1
9.17135915915923   0.8   0   0   1
9.18138250250257   0.8   0   0   1
9.19140584584591   0.8   0   0   1
9.20142918918926   0.8   0   0   1
9.2114525325326   0.8   0   0   1
9.22147587587594   0.8   0   0   1
9.23149921921929   0.8   0   0   1
9.24152256256263   0.8   0   0   1
9.25154590590597   0.8   0   0   1
9.26156924924932   0.8   0   0   1
9.27159259259266   0.8   0   0   1
9.281615935936   0.8   0   0   1
9.29163927927935   0.8   0   0   1
9.30166262262269   0.8   0   0   1
9.31168596596603   0.8   0   0   1
9.32170930930938   0.8   0   0   1
9.33173265265272   0.8   0   0   1
9.34175599599607   0.8   0   0   1
9.35177933933941   0.8   0   0   1
9.36180268268275   0.8   0   0   1
9.3718260260261   0.8   0   0   1
9.38184936936944   0.8   0   0   1
9.39187271271278   0.8   0   0   1
9.40189605605613   0.8   0   0   1
9.41191939939947   0.8   0   0   1
9.42194274274281   0.8   0   0   1
9.43196608608616   0.8   0   0   1
9.4419894294295   0.8   0   0   1
9.45201277277284   0.8   0   0   1
9.46203611611619   0.8   0   0   1
9.47205945945953   0.8   0   0   1
9.48208280280287   0.8   0   0   1
9.49210614614622   0.8   0   0   1
9.50212948948956   0.8   0   0   1
9.5121528328329   0.8   0   0   1
9.52217617617625   0.8   0   0   1
9.53219951951959   0.8   0   0   1
9.54222286286293   0.8   0   0   1
9.55224620620628   0.8   0   0   1
9.56226954954962   0.8   0   0   1
9.57229289289296   0.8   0   0   1
9.58231623623631   0.8   0   0   1
9.59233957957965   0.8   0   0   1
9.60236292292299   0.8   0   0   1
9.61238626626634   0.8   0   0   1
9.62240960960968   0.8   0   0   1
9.63243295295302   0.8   0   0   1
9.64245629629637   0.8   0   0   1
9.65247963963971   0.8   0   0   1
9.66250298298305   0.8   0   0   1
9.6725263263264   0.8   0   0   1
9.68254966966974   0.8   0   0   1
9.69257301301309   0.8   0   0   1
9.70259635635643   0.8   0   0   1
9.71261969969977   0.8   0   0   1
9.72264304304312   0.8   0   0   1
9.73266638638646   0.8   0   0   1
9.7426897297298   0.8   0   0   1
9.75271307307315   0.8   0   0   1
9.76273641641649   0.8   0   0   1
9.77275975975983   0.8   0   0   1
9.78278310310318   0.8   0   0   1
9.79280644644652   0.8   0   0   1
9.80282978978986   0.8   0   0   1
9.81285313313321   0.8   0   0   1
9.82287647647655   0.8   0   0   1
9.83289981981989   0.8   0   0   1
9.84292316316324   0.8   0   0   1
9.85294650650658   0.8   0   0   1
9.86296984984992   0.8   0   0   1
9.87299319319327   0.8   0   0   1
9.88301653653661   0.8   0   0   1
9.89303987987995   0.8   0   0   1
9.9030632232233   0.8   0   0   1
9.91308656656664   0.8   0   0   1
9.92310990990998   0.8   0   0   1
9.93313325325333   0.8   0   0   1
9.94315659659667   0.8   0   0   1
9.95317993994001   0.8   0   0   1
9.96320328328336   0.8   0   0   1
9.9732266266267   0.8   0   0   1
9.98324996997004   0.8   0   0   1
9.99327331331339   0.8   0   0   1
10.0032966566567   0.8   0   0   1
10.0133200000001   0.8   0   0   1
