variables = x,rho,u,v,p
0   3.8571   2.6293   0   10.3333
0.0100233433433433   3.8571   2.6293   0   10.3333
0.0200466866866867   3.8571   2.6293   0   10.3333
0.03007003003003   3.8571   2.6293   0   10.3333
0.0400933733733734   3.8571   2.6293   0   10.3333
0.0501167167167167   3.8571   2.6293   0   10.3333
0.0601400600600601   3.8571   2.6293   0   10.3333
0.0701634034034034   3.8571   2.6293   0   10.3333
0.0801867467467468   3.8571   2.6293   0   10.3333
0.0902100900900901   3.8571   2.6293   0   10.3333
0.100233433433433   3.8571   2.6293   0   10.3333
0.110256776776777   3.8571   2.6293   0   10.3333
0.12028012012012   3.8571   2.6293   0   10.3333
0.130303463463463   3.8571   2.6293   0   10.3333
0.140326806806807   3.8571   2.6293   0   10.3333
0.15035015015015   3.8571   2.6293   0   10.3333
0.160373493493494   3.8571   2.6293   0   10.3333
0.170396836836837   3.8571   2.6293   0   10.3333
0.18042018018018   3.8571   2.6293   0   10.3333
0.190443523523524   3.8571   2.6293   0   10.3333
0.200466866866867   3.8571   2.6293   0   10.3333
0.21049021021021   3.8571   2.6293   0   10.3333
0.220513553553554   3.8571   2.6293   0   10.3333
0.230536896896897   3.8571   2.6293   0   10.3333
0.24056024024024   3.8571   2.6293   0   10.3333
0.250583583583584   3.8571   2.6293   0   10.3333
0.260606926926927   3.8571   2.6293   0   10.3333
0.27063027027027   3.8571   2.6293   0   10.3333
0.280653613613614   3.8571   2.6293   0   10.3333
0.290676956956957   3.8571   2.6293   0   10.3333
0.3007003003003   3.8571   2.6293   0   10.3333
0.310723643643644   3.8571   2.6293   0   10.3333
0.320746986986987   3.8571   2.6293   0   10.3333
0.330770330330331   3.8571   2.6293   0   10.3333
0.340793673673674   3.8571   2.6293   0   10.3333
0.350817017017017   3.8571   2.6293   0   10.3333
0.360840360360361   3.8571   2.6293   0   10.3333
0.370863703703704   3.8571   2.6293   0   10.3333
0.380887047047047   3.8571   2.6293   0   10.3333
0.390910390390391   3.8571   2.6293   0   10.3333
0.400933733733734   3.8571   2.6293   0   10.3333
0.410957077077078   3.8571   2.6293   0   10.3333
0.420980420420421   3.8571   2.6293   0   10.3333
0.431003763763764   3.8571   2.6293   0   10.3333
0.441027107107108   3.8571   2.6293   0   10.3333
0.451050450450451   3.8571   2.6293   0   10.3333
0.461073793793794   3.8571   2.6293   0   10.3333
0.471097137137138   3.8571   2.6293   0   10.3333
0.481120480480481   3.8571   2.6293   0   10.3333
0.491143823823825   3.8571   2.6293   0   10.3333
0.501167167167168   3.8571   2.6293   0   10.3333
0.511190510510511   3.8571   2.6293   0   10.3333
0.521213853853855   3.8571   2.6293   0   10.3333
0.531237197197198   3.8571   2.6293   0   10.3333
0.541260540540541   3.8571   2.6293   -6.17209559524932e-17   10.3333
0.551283883883884   3.85709999999998   2.62930000000001   1.04880093889172e-17   10.3332999999999
0.561307227227228   3.85709999999994   2.62930000000004   3.16469932685768e-16   10.3332999999997
0.571330570570571   3.85709999999985   2.62930000000009   4.10274208402463e-16   10.3332999999993
0.581353913913914   3.85709999999969   2.62930000000017   4.35709117500465e-16   10.3332999999987
0.591377257257258   3.85709999999941   2.62930000000034   3.2231529816017e-16   10.3332999999974
0.601400600600601   3.85709999999889   2.62930000000064   3.08245505200919e-16   10.3332999999952
0.611423943943944   3.85709999999796   2.62930000000117   2.10887357293851e-16   10.3332999999911
0.621447287287288   3.85709999999632   2.62930000000212   5.03967312099461e-16   10.333299999984
0.631470630630631   3.85709999999342   2.62930000000379   6.72612206107728e-16   10.3332999999714
0.641493973973974   3.85709999998832   2.62930000000672   6.90843684839024e-16   10.3332999999494
0.651517317317318   3.85709999997942   2.62930000001182   4.31401652088202e-16   10.333299999911
0.661540660660661   3.85709999996401   2.62930000002063   1.88695604792038e-16   10.3332999998446
0.671564004004004   3.85709999993753   2.62930000003575   -2.06710019778929e-17   10.3332999997308
0.681587347347348   3.85709999989235   2.6293000000615   -1.6519269958685e-16   10.3332999995369
0.691610690690691   3.85709999981581   2.62930000010504   -7.52923672989803e-16   10.3332999992091
0.701634034034034   3.85709999968712   2.62930000017812   -1.14388941221515e-15   10.3332999986591
0.711657377377378   3.85709999947234   2.62930000029986   -1.52565597672531e-15   10.3332999977429
0.721680720720721   3.85709999911653   2.62930000050116   -2.04088698237088e-15   10.3332999962282
0.731704064064064   3.85709999853143   2.62930000083156   -2.4016432733574e-15   10.3332999937422
0.741727407407408   3.85709999757643   2.62930000136986   -2.37656205297342e-15   10.3332999896925
0.751750750750751   3.85709999602922   2.62930000224036   -2.29269606556345e-15   10.3332999831445
0.761774094094094   3.85709999354119   2.6293000036376   -2.21533732420863e-15   10.3332999726355
0.771797437437437   3.85709998956997   2.62930000586364   -2.09335892987088e-15   10.3332999558949
0.781820780780781   3.85709998327859   2.62930000938374   -2.18179680727144e-15   10.3332999294258
0.791844124124124   3.85709997338575   2.62930001490864   -2.06932468954655e-15   10.3332998878867
0.801867467467467   3.85709995794589   2.62930002351546   -1.76814302709906e-15   10.3332998231838
0.811890810810811   3.85709993402873   2.62930003682319   -1.71684760744852e-15   10.3332997231532
0.821914154154154   3.85709989725684   2.62930005724554   -1.50844753674938e-15   10.3332995696623
0.831937497497497   3.85709984114443   2.62930008835149   -1.22352572058272e-15   10.3332993359033
0.841960840840841   3.85709975616091   2.62930013537487   -8.00707405717736e-16   10.333298982568
0.851984184184184   3.85709962841721   2.62930020592747   -7.16202406365676e-16   10.3332984524964
0.862007527527527   3.85709943784052   2.62930031098751   -7.09074714189785e-16   10.3332976632593
0.872030870870871   3.85709915566334   2.62930046625616   -9.72325341301544e-16   10.3332964969809
0.882054214214214   3.85709874100328   2.62930069400079   -1.24829166408513e-15   10.3332947865122
0.892077557557557   3.85709813625147   2.62930102553401   -1.33483407909121e-15   10.3332922968369
0.902100900900901   3.8570972609187   2.62930150451355   -1.53707795844931e-15   10.3332887003262
0.912124244244244   3.85709600350937   2.62930219128833   -1.83808938098304e-15   10.3332835441527
0.922147587587587   3.85709421090649   2.62930316856078   -2.1302947239848e-15   10.333276207843
0.932170930930931   3.85709167465754   2.62930454868249   -2.16298586844821e-15   10.3332658485947
0.942194274274274   3.85708811345626   2.62930648294788   -2.15145914638365e-15   10.3332513316321
0.952217617617617   3.85708315102477   2.6293091732944   -2.03429284838549e-15   10.3332311425437
0.96224096096096   3.85707628852338   2.62931288685479   -1.64907157231417e-15   10.3332032782745
0.972264304304304   3.85706687056175   2.62931797382927   -1.08030706300924e-15   10.333165113278
0.982287647647647   3.85705404386952   2.62932488914884   -6.34859452618176e-16   10.3331132373185
0.99231099099099   3.85703670772168   2.62933421837386   -4.06640831255321e-17   10.3330432616154
1.00233433433433   3.85701345532144   2.62934670820966   5.98901510852259e-16   10.3329495905027
1.01235767767768   3.85698250553897   2.62936330191132   1.25621482878332e-15   10.3328251566065
1.02238102102102   3.8569416247038   2.62938517968683   2.07107910429939e-15   10.3326611187745
1.03240436436436   3.85688803856599   2.62941380398547   2.84007954250321e-15   10.332446523681
1.04242770770771   3.85681833508383   2.6294509692723   3.59694428910153e-15   10.3321679341882
1.05245105105105   3.85672835936297   2.62949885554357   3.71770859139455e-15   10.3318090301738
1.06247439439439   3.85661310285237   2.62956008443743   4.17198217146275e-15   10.3313501905654
1.07249773773774   3.85646658977109   2.62963777635497   4.62747153028636e-15   10.3307680686605
1.08252108108108   3.85628176465661   2.62973560655016   4.88124865664188e-15   10.330035176286
1.09254442442442   3.856050385835   2.6298578577025   4.84206210542887e-15   10.3291194957384
1.10256776776777   3.85576293044614   2.63000946609084   4.74769979277666e-15   10.3279841414777
1.11259111111111   3.85540851733315   2.63019605817966   4.99277304677757e-15   10.3265870959071
1.12261445445445   3.8549748545393   2.63042397425435   4.88913125863226e-15   10.3248810449393
1.1326377977978   3.85444821826483   2.63070027573748   5.00283835662047e-15   10.3228133391096
1.14266114114114   3.85381346985   2.63103273301726   5.17917830822982e-15   10.3203261045054
1.15268448448449   3.85305411661955   2.63142979104128   5.24682058972876e-15   10.3173565245602
1.16270782782783   3.85215242122995   2.63190051057689   5.42962121823454e-15   10.3138373087819
1.17273117117117   3.85108956252402   2.6324544838973   5.52753387993792e-15   10.3096973578468
1.18275451451452   3.84984584887974   2.63310172468241   5.82012351718429e-15   10.3048626264808
1.19277785785786   3.84840098274525   2.63385253306788   6.19190322232861e-15   10.2992571765783
1.2028012012012   3.84673437261804   2.6347173379625   6.66270134462731e-15   10.2928044036526
1.21282454454455   3.84482548631771   2.63570651989969   7.4761352605898e-15   10.2854284106007
1.22284788788789   3.84265423718991   2.63683021870988   8.20827361118864e-15   10.2770554945683
1.23287123123123   3.84020139303128   2.63809813111968   8.89319789987759e-15   10.2676157060493
1.24289457457458   3.83744899617982   2.63951930393969   9.51877253350872e-15   10.2570444347488
1.25291791791792   3.83438078247445   2.64110192875539   9.64360621125889e-15   10.2452839745446
1.26294126126126   3.83098258670063   2.64285314397238   9.5506721601526e-15   10.2322850202367
1.27296460460461   3.82724272270005   2.64477884970058   9.46729841653467e-15   10.2180080516136
1.28298794794795   3.82315232747306   2.64688354033238   8.92001450688262e-15   10.2024245654147
1.29301129129129   3.81870566023617   2.64917015883464   8.4507199708078e-15   10.1855181225835
1.30303463463464   3.81390034937379   2.65163997580753   8.24485555024042e-15   10.1672851862189
1.31305797797798   3.80873758238451   2.65429249534221   7.68011294282644e-15   10.1477357342177
1.32308132132132   3.80322223610557   2.65712538871107   6.98351263177647e-15   10.1268936391285
1.33310466466467   3.79736294655371   2.66013445601624   6.73359170835547e-15   10.1047968156412
1.34312800800801   3.79117211952032   2.66331361515948   6.70610304666018e-15   10.0814971429473
1.35315135135135   3.78466588450877   2.66665491691606   6.53800196926032e-15   10.0570601745877
1.3631746946947   3.77786399564396   2.67014858451794   6.67737194482563e-15   10.0315646521653
1.37319803803804   3.77078968379857   2.67378307597849   6.54380648239121e-15   10.0051018413905
1.38322138138138   3.7634694643808   2.67754516740932   6.72650465354828e-15   9.97777470943666
1.39324472472473   3.75593290506093   2.68142005576215   6.79853255455849e-15   9.94969696169704
1.40326806806807   3.74821235724791   2.68539147973645   7.36462697639306e-15   9.9209919540534
1.41329141141141   3.74034265445179   2.68944185798104   7.55507299564553e-15   9.89179149402455
1.42331475475476   3.73236077988631   2.69355244413235   7.60162437166537e-15   9.86223454106177
1.4333380980981   3.72430550488674   2.69770349861737   7.63373081235043e-15   9.83246581320294
1.44336144144144   3.71621699905563   2.701874477449   7.42546545687994e-15   9.80263430470439
1.45338478478479   3.7081364126132   2.7060442383967   7.19537846316491e-15   9.77289171753571
1.46340812812813   3.70010543132325   2.71019126487485   7.3813131807085e-15   9.74339080911149
1.47343147147147   3.69216580467845   2.71429390760584   8.28007370411389e-15   9.71428365965168
1.48345481481482   3.68435884882963   2.71833064355126   8.87489464750585e-15   9.68571986533253
1.49347815815816   3.67672492706611   2.72228035074333   8.93008853881258e-15   9.65784466801862
1.50350150150151   3.66930291249506   2.72612259649562   9.02286322754027e-15   9.63079703881048
1.51352484484485   3.66212963986667   2.7298379350639   8.7255973623339e-15   9.60470774066651
1.52354818818819   3.6552393561287   2.73340820923527   8.55543717104841e-15   9.57969740451015
1.53357153153154   3.64866318207999   2.73681684865957   8.43585882542597e-15   9.55587466282625
1.54359487487488   3.64242860017359   2.74004915614988   8.38779070719376e-15   9.53333439387116
1.55361821821822   3.63655898578825   2.74309257184958   8.0691320665387e-15   9.51215613717625
1.56364156156157   3.63107320080485   2.74593690428825   7.95346212814509e-15   9.4924027458284
1.57366490490491   3.6259852687589   2.74857451711984   7.89505112682677e-15   9.47411934191159
1.58368824824825   3.62130414991165   2.75100046091096   7.82765405926349e-15   9.45733263753537
1.5937115915916   3.61703363211054   2.7532125408237   7.98546511460506e-15   9.44205067447447
1.60373493493494   3.61317234926184   2.75521131342205   7.93487961617733e-15   9.42826302054083
1.61375827827828   3.60971393376028   2.75700000902816   7.7928808426652e-15   9.41594144098505
1.62378162162163   3.60664730264613   2.75858437985564   8.09442431328768e-15   9.4050410397178
1.63380496496497   3.60395707009228   2.7599724782509   8.44087707855679e-15   9.39550183977905
1.64382830830831   3.60162407168335   2.76117437341306   8.90104060543501e-15   9.38725074748957
1.65385165165166   3.59962597950383   2.76220181855411   9.28868468987737e-15   9.38020382245717
1.663874994995   3.59793798192666   2.76306788325234   9.7137116425301e-15   9.37426875826291
1.67389833833834   3.59653349868585   2.76378656747328   1.04534757652199e-14   9.36934746792714
1.68392168168169   3.59538490062889   2.76437241423434   1.10424882478649e-14   9.36533866514152
1.69394502502503   3.59446420454487   2.76484013715748   1.13153831009197e-14   9.36214033690325
1.70396836836837   3.59374371648374   2.76520427731125   1.12012295159301e-14   9.35965201490948
1.71399171171172   3.59319660164894   2.7654789010208   1.11162747796611e-14   9.35777677046292
1.72401505505506   3.59279736474278   2.76567734702754   1.09669116973226e-14   9.35642287881105
1.7340383983984   3.59252223098635   2.76581202784462   1.07346120197379e-14   9.35550512168236
1.74406174174175   3.5923494243454   2.76589428669909   1.05013644050193e-14   9.35494571923989
1.75408508508509   3.59225934526646   2.76593430834725   1.06032417859996e-14   9.35467490298205
1.76410842842843   3.5922346550794   2.76594107949383   1.06298009665748e-14   9.35463115796235
1.77413177177178   3.59226027791303   2.76592239265163   1.03052450262495e-14   9.35476117528095
1.78415511511512   3.59232333340373   2.76588488608138   1.04444537328198e-14   9.35501956384339
1.79417845845846   3.59241301468714   2.76583411191654   1.06441360184533e-14   9.35536837406483
1.80420180180181   3.59252042628164   2.76577462462024   1.09091059543375e-14   9.35577648604316
1.81422514514515   3.59263839570131   2.76571008242391   1.12705739114433e-14   9.35621891147838
1.82424848848849   3.59276127120469   2.76564335523036   1.12891051643545e-14   9.35667605312605
1.83427183183184   3.5928847162324   2.76557663349934   1.14275123388643e-14   9.35713295868601
1.84429517517518   3.59300550902588   2.76551153375734   1.12587223062225e-14   9.35757859851183
1.85431851851853   3.59312135383507   2.76544919749032   1.14462567429684e-14   9.35800518901978
1.86434186186187   3.59323070815554   2.76539038121758   1.1822263917048e-14   9.35840757666636
1.87436520520521   3.59333262868389   2.76533553646008   1.18835838074805e-14   9.35878269117866
1.88438854854856   3.59342663720134   2.76528487907864   1.20728729892113e-14   9.35912907155251
1.8944118918919   3.59351260641421   2.76523844806031   1.20370360511216e-14   9.35944646424513
1.90443523523524   3.59359066489255   2.76519615427646   1.20251071949038e-14   9.35973548995676
1.91445857857859   3.59366111963092   2.76515782004077   1.16752327211994e-14   9.35999737332769
1.92448192192193   3.59372439437533   2.7651232104763   1.13864314070636e-14   9.36023372863988
1.93450526526527   3.5937809816735   2.76509205778319   1.11974597100928e-14   9.36044639405604
1.94452860860862   3.59383140657092   2.76506407950307   1.08494131220245e-14   9.3606373068969
1.95455195195196   3.59387619995103   2.76503899182544   1.05727918749436e-14   9.36080841280727
1.9645752952953   3.59391587966676   2.76501651889343   1.00957345791152e-14   9.36096160226309
1.97459863863865   3.59395093780264   2.76499639895683   9.42511800476307e-15   9.36109866862056
1.98462198198199   3.59398183261453   2.76497838810205   8.64935461785385e-15   9.3612212827183
1.99464532532533   3.59400898389877   2.76496226217034   7.91906498654098e-15   9.36133097985289
2.00466866866868   3.59403277072868   2.7649478173639   7.10263013380557e-15   9.36142915571229
2.01469201201202   3.59405353065161   2.76493486993848   6.66822174658631e-15   9.36151706854305
2.02471535535536   3.59407155955781   2.76492325529258   6.05105010327013e-15   9.36159584543176
2.03473869869871   3.59408711150447   2.7649128266887   6.35789269592853e-15   9.36166649109361
2.04476204204205   3.59410039780146   2.76490345377981   6.218597939085e-15   9.36172989798327
2.05478538538539   3.59411158463419   2.76489502106511   6.39649000167893e-15   9.36178685688384
2.06480872872874   3.59412078840938   2.76488742635954   6.36149043393429e-15   9.3618380673948
2.07483207207208   3.59412806785843   2.76488057933233   6.27076225926984e-15   9.36188414794432
2.08485541541542   3.59413341171725   2.7648744001472   6.2637706918442e-15   9.36192564510212
2.09487875875877   3.59413672051939   2.7648688182213   6.40560782334227e-15   9.36196304207824
2.10490210210211   3.5941377806924   2.76486377110837   6.31382286303579e-15   9.36199676636943
2.11492544544545   3.59413622874232   2.76485920350461   6.20832490240386e-15   9.36202719656506
2.1249487887888   3.59413150285774   2.76485506637076   6.17213070318142e-15   9.3620546683568
2.13497213213214   3.59412277878599   2.76485131616144   6.2276493452304e-15   9.36207947981404
2.14499547547548   3.59410888635759   2.76484791415139   6.20927258107311e-15   9.36210189599528
2.15501881881883   3.59408820260582   2.76484482584813   5.81899483943851e-15   9.36212215296822
2.16504216216217   3.59405851710141   2.76484202048076   5.38764470793901e-15   9.36214046130858
2.17506550550551   3.59401686496781   2.76483947055527   5.45216124248773e-15   9.36215700914317
2.18508884884886   3.59395932314288   2.76483715146783   5.16380698117122e-15   9.36217196479687
2.1951121921922   3.59388076589927   2.76483504116805   4.21842327943292e-15   9.36218547909669
2.20513553553555   3.59377457652457   2.76483311986558   3.55916640063183e-15   9.36219768737963
2.21515887887889   3.59363231348438   2.76483136977404   2.73788605600464e-15   9.36220871124513
2.22518222222223   3.59344333142672   2.76482977488708   1.96334458172123e-15   9.3622186600874
2.23520556556558   3.59319436008516   2.76482832078219   1.86341077884831e-15   9.36222763243779
2.24522890890892   3.59286904751571   2.76482699444856   1.44950552684665e-15   9.36223571714343
2.25525225225226   3.59244747811787   2.76482578413551   1.00264528275969e-15   9.36224299440409
2.26527559559561   3.59190568043789   2.76482467921901   8.66860622386624e-16   9.3622495366866
2.27529893893895   3.59121514465213   2.7648236700837   6.40268500970406e-16   9.36225540953274
2.28532228228229   3.59034237461907   2.76482274801854   3.59110377046254e-16   9.36226067227478
2.29534562562564   3.58924850413106   2.7648219051242   6.05523929129899e-16   9.36226537867044
2.30536896896898   3.58788901108431   2.76482113423091   5.74192237458828e-16   9.36226957746742
2.31539231231232   3.58621356626212   2.76482042882526   5.90261077772893e-16   9.36227331290635
2.32541565565567   3.58416605481536   2.76481978298509   7.19877140100534e-16   9.36227662516962
2.33543899899901   3.5816848078678   2.76481919132131   9.35049155106648e-16   9.36227955078242
2.34546234234235   3.57870307857506   2.76481864892601   9.51948772860979e-16   9.36228212297183
2.3554856856857   3.57514979113481   2.76481815132593   1.30123846998919e-15   9.36228437198843
2.36550902902904   3.57095058255218   2.76481769444098   1.42530941291451e-15   9.36228632539459
2.37553237237238   3.56602914546799   2.76481727454692   1.67360750260076e-15   9.3622880083233
2.38555571571573   3.56030886635098   2.76481688824195   1.80071130600558e-15   9.3622894437102
2.39557905905907   3.55371473736591   2.76481653241676   1.78561238948645e-15   9.36229065250181
2.40560240240241   3.54617550302269   2.76481620422755   1.81577207718743e-15   9.3622916538421
2.41562574574576   3.53762598525653   2.76481590107184   1.69274203295805e-15   9.36229246523961
2.4256490890891   3.52800951401125   2.76481562056663   1.52866122373416e-15   9.36229310271695
2.43567243243244   3.5172803759046   2.76481536052875   1.42452005725334e-15   9.36229358094419
2.44569577577579   3.50540618234923   2.76481511895715   1.29858339245683e-15   9.36229391335783
2.45571911911913   3.49237005168408   2.76481489401682   7.15433496889797e-16   9.36229411226667
2.46574246246247   3.47817249833409   2.76481468402422   6.10684511312823e-16   9.36229418894583
2.47576580580582   3.46283292636216   2.76481448743416   3.45950360302153e-16   9.36229415372014
2.48578914914916   3.44639063523684   2.76481430282769   1.01887140998762e-16   9.36229401603823
2.4958124924925   3.4289052620255   2.76481412890118   -3.78966279943912e-16   9.362293784538
2.50583583583585   3.41045660591711   2.7648139644562   -7.62894419679523e-16   9.36229346710501
2.51585917917919   3.39114380694645   2.76481380839035   -1.13635800123962e-15   9.36229307092419
2.52588252252253   3.37108387964616   2.76481365968873   -1.26462777593629e-15   9.36229260252636
2.53590586586588   3.35040963243693   2.76481351741609   -1.4747623006574e-15   9.3622920678298
2.54592920920922   3.32926703307634   2.76481338070961   -1.57445117977659e-15   9.36229147217812
2.55595255255257   3.30781210759959   2.76481324877212   -1.46510920853835e-15   9.36229082037473
2.56597589589591   3.28620748319857   2.76481312086591   -1.4944083310454e-15   9.36229011671476
2.57599923923925   3.26461870294821   2.76481299630688   -1.60468905030418e-15   9.36228936501475
2.5860225825826   3.243210451111   2.76481287445919   -1.34326050604273e-15   9.3622885686406
2.59604592592594   3.22214283128606   2.76481275473021   -7.8139474644927e-16   9.36228773053412
2.60606926926928   3.20156783576396   2.76481263656583   -4.64678390609586e-16   9.36228685323835
2.61609261261263   3.18162613344106   2.76481251944611   -3.3020217935849e-16   9.3622859389218
2.62611595595597   3.16244428634124   2.7648124028812   -1.98946721474752e-16   9.36228498940176
2.63613929929931   3.14413248238012   2.7648122864075   5.75231476889393e-17   9.36228400616665
2.64616264264266   3.12678284597311   2.76481216958414   -4.61683248501287e-17   9.36228299039738
2.656185985986   3.11046836009305   2.7648120519896   -3.31317219041923e-16   9.36228194298756
2.66620932932934   3.0952424051313   2.76481193321857   -6.60844612434569e-16   9.36228086456265
2.67623267267269   3.08113889303724   2.76481181287899   -1.07675148407769e-15   9.36227975549758
2.68625601601603   3.06817295114635   2.76481169058921   -1.96930452450954e-15   9.36227861593312
2.69627935935937   3.05634209002119   2.76481156597531   -2.98658459534924e-15   9.36227744579043
2.70630270270272   3.04562777434959   2.76481143866853   -4.25013427333531e-15   9.36227624478398
2.71632604604606   3.03599730592709   2.76481130830281   -5.58001426309603e-15   9.36227501243254
2.7263493893894   3.02740592308704   2.76481117451234   -6.70020863187901e-15   9.36227374806817
2.73637273273275   3.01979902137716   2.76481103692919   -7.55593038130595e-15   9.36227245084316
2.74639607607609   3.01311440527589   2.76481089518101   -8.58035043934675e-15   9.36227111973481
2.75641941941943   3.00728448952807   2.76481074888865   -9.99639705893333e-15   9.36226975354804
2.76644276276278   3.00223838034744   2.76481059766379   -1.10911368516441e-14   9.36226835091555
2.77646610610612   2.9979037803021   2.76481044110648   -1.21099449475441e-14   9.36226691029573
2.78648944944946   2.9942086751966   2.76481027880258   -1.28701313500179e-14   9.36226542996764
2.79651279279281   2.99108277578783   2.76481011032087   -1.3332816289317e-14   9.36226390802291
2.80653613613615   2.9884587009399   2.76480993520991   -1.32994407889287e-14   9.36226234235315
2.81655947947949   2.98627290121131   2.764809752994   -1.35989689125595e-14   9.36226073063121
2.82658282282284   2.98446633242429   2.76480956316803   -1.36133017600515e-14   9.36225907028211
2.83660616616618   2.98298489721857   2.76480936518992   -1.38841722324603e-14   9.36225735843631
2.84662950950952   2.98177967883339   2.76480915846876   -1.40046479053995e-14   9.36225559185129
2.85665285285287   2.98080699543402   2.76480894234488   -1.3814235958069e-14   9.36225376677399
2.86667619619621   2.98002830536113   2.7648087160547   -1.34742659591586e-14   9.3622518786926
2.87669953953955   2.97940999398174   2.76480847866666   -1.33428055996599e-14   9.36224992187919
2.8867228828829   2.97892307165965   2.76480822896229   -1.28262932273023e-14   9.36224788853469
2.89674622622624   2.9785428100668   2.7648079652128   -1.21777228602731e-14   9.36224576717794
2.90676956956958   2.97824834094226   2.76480768475671   -1.15318132176448e-14   9.36224353959394
2.91679291291293   2.97802223775465   2.76480738319806   -1.11356672903944e-14   9.36224117503629
2.92681625625627   2.9778500967573   2.76480705288135   -1.07239723515286e-14   9.36223861919351
2.93683959959962   2.97772012976379   2.76480667998696   -1.04596220420107e-14   9.36223577316925
2.94686294294296   2.97762277659   2.76480623899541   -1.01732423138269e-14   9.36223245341575
2.9568862862863   2.9775503402413   2.76480568213297   -1.00085202882269e-14   9.36222831533697
2.96690962962965   2.97749664190305   2.7648049192442   -1.00827507547651e-14   9.36222270759257
2.97693297297299   2.97745668423077   2.76480377940406   -1.00067344290048e-14   9.36221439421468
2.98695631631633   2.97742629761311   2.76480193769829   -1.03299541934715e-14   9.36220102458022
2.99697965965968   2.97740171978247   2.76479877556225   -1.0033630308157e-14   9.3621781224249
3.00700300300302   2.97737901442771   2.76479311438312   -9.8457216556549e-15   9.36213715745943
3.01702634634636   2.97735315038176   2.76478270735434   -9.82504347792697e-15   9.36206186715691
3.02704968968971   2.97731640344508   2.76476327020399   -9.77929960110288e-15   9.36192124112921
3.03707303303305   2.97725543928028   2.76472663235175   -9.68531692502545e-15   9.36165614077632
3.04709637637639   2.97714585734022   2.7646572103714   -9.34426490034563e-15   9.36115378318516
3.05711971971974   2.97694187398263   2.76452528155057   -9.45921454154083e-15   9.36019909397607
3.06714306306308   2.97655672681798   2.76427415467547   -9.29924135075937e-15   9.35838200234207
3.07716640640642   2.97582540447391   2.76379570344701   -9.72924877088244e-15   9.35492093010673
3.08718974974977   2.97443379289736   2.76288371477712   -9.92840807472822e-15   9.34832727040033
3.09721309309311   2.9717842697987   2.76114496655469   -1.00358453598037e-14   9.33576963384212
3.10723643643645   2.96674194448036   2.75782984786818   -1.00574990882677e-14   9.31187654854817
3.1172597797798   2.95716001028239   2.75151014517989   -1.02084307684073e-14   9.26650820463797
3.12728312312314   2.93900813977095   2.73946768327298   -1.00842182434258e-14   9.1807054616263
3.13730646646648   2.9048303505152   2.71654054736682   -1.01958637828072e-14   9.01966880501753
3.14732980980983   2.84122515184387   2.67297092816426   -1.01404772568031e-14   8.72180609807518
3.15735315315317   2.72546359956929   2.59050139797102   -9.69476468584875e-15   8.18587756934046
3.16737649649651   2.52351291604197   2.43582113588219   -9.04782992666956e-15   7.27050396992028
3.17739983983986   2.19828647335841   2.15227939426725   -7.66796989980503e-15   5.85158132510946
3.1874231831832   1.74704317600235   1.66403820365336   -5.42613515677861e-15   4.01097861937993
3.19744652652654   1.26869257784517   0.959490014002457   -2.58083604679065e-15   2.27607466558817
3.20746986986989   0.944779130609117   0.315107934637464   -6.27343137226407e-16   1.31428610024024
3.21749321321323   0.826711720279988   0.055692309710621   -4.10497085706752e-17   1.04895568757191
3.22751655655657   0.803677241729935   0.00756102936071199   -4.72193501292726e-17   1.00647114846506
3.23753989989992   0.800475311316425   0.000976808286125555   -2.56833714996886e-20   1.00083236769654
3.24756324324326   0.800060976704683   0.000125311177074123   -6.6733486698597e-25   1.0001067186044
3.2575865865866   0.80000781532537   1.60610011450733e-05   -1.0250767427144e-30   1.00001367697322
3.26760992992995   0.800001001564361   2.05827963283021e-06   -9.18467198904395e-38   1.00000175274016
3.27763327327329   0.800000128352439   2.63772571557403e-07   -3.74241633316474e-46   1.00000022461681
3.28765661661664   0.800000016448587   3.38029095696202e-08   -9.32551162195058e-62   1.00000002878503
3.29767995995998   0.800000002107914   4.33189973409844e-09   -1.68366753423616e-72   1.00000000368885
3.30770330330332   0.800000000270132   5.55139801225111e-10   -5.73557992464648e-84   1.00000000047273
3.31772664664667   0.800000000034618   7.11414991697615e-11   -1.7727401162393e-96   1.00000000006058
3.32774998999001   0.800000000004436   9.11630603188556e-12   -4.89453759930495e-110   1.00000000000776
3.33777333333335   0.800000000000568   1.1678214480233e-12   -1.186742478199e-124   1.00000000000099
3.3477966766767   0.800000000000073   1.49286575512009e-13   -2.48944183496961e-140   1.00000000000013
3.35782002002004   0.800000000000009   1.89068400173943e-14   -4.41314493042549e-157   1.00000000000002
3.36784336336338   0.800000000000001   2.2606004147785e-15   -6.34264484036315e-175   1
3.37786670670673   0.8   2.21317519864801e-16   -6.06327098317879e-194   1
3.38789005005007   0.8   0   -1.92801089882616e-214   1
3.39791339339341   0.8   0   0   1
3.40793673673676   0.8   0   0   1
3.4179600800801   0.8   0   0   1
3.42798342342344   0.8   0   0   1
3.43800676676679   0.8   0   0   1
3.44803011011013   0.8   0   0   1
3.45805345345347   0.8   0   0   1
3.46807679679682   0.8   0   0   1
3.47810014014016   0.8   0   0   1
3.4881234834835   0.8   0   0   1
3.49814682682685   0.8   0   0   1
3.50817017017019   0.8   0   0   1
3.51819351351353   0.8   0   0   1
3.52821685685688   0.8   0   0   1
3.53824020020022   0.8   0   0   1
3.54826354354356   0.8   0   0   1
3.55828688688691   0.8   0   0   1
3.56831023023025   0.8   0   0   1
3.57833357357359   0.8   0   0   1
3.58835691691694   0.8   0   0   1
3.59838026026028   0.8   0   0   1
3.60840360360362   0.8   0   0   1
3.61842694694697   0.8   0   0   1
3.62845029029031   0.8   0   0   1
3.63847363363366   0.8   0   0   1
3.648496976977   0.8   0   0   1
3.65852032032034   0.8   0   0   1
3.66854366366369   0.8   0   0   1
3.67856700700703   0.8   0   0   1
3.68859035035037   0.8   0   0   1
3.69861369369372   0.8   0   0   1
3.70863703703706   0.8   0   0   1
3.7186603803804   0.8   0   0   1
3.72868372372375   0.8   0   0   1
3.73870706706709   0.8   0   0   1
3.74873041041043   0.8   0   0   1
3.75875375375378   0.8   0   0   1
3.76877709709712   0.8   0   0   1
3.77880044044046   0.8   0   0   1
3.78882378378381   0.8   0   0   1
3.79884712712715   0.8   0   0   1
3.80887047047049   0.8   0   0   1
3.81889381381384   0.8   0   0   1
3.82891715715718   0.8   0   0   1
3.83894050050052   0.8   0   0   1
3.84896384384387   0.8   0   0   1
3.85898718718721   0.8   0   0   1
3.86901053053055   0.8   0   0   1
3.8790338738739   0.8   0   0   1
3.88905721721724   0.8   0   0   1
3.89908056056058   0.8   0   0   1
3.90910390390393   0.8   0   0   1
3.91912724724727   0.8   0   0   1
3.92915059059061   0.8   0   0   1
3.93917393393396   0.8   0   0   1
3.9491972772773   0.8   0   0   1
3.95922062062064   0.8   0   0   1
3.96924396396399   0.8   0   0   1
3.97926730730733   0.8   0   0   1
3.98929065065068   0.8   0   0   1
3.99931399399402   0.8   0   0   1
4.00933733733736   0.8   0   0   1
4.01936068068071   0.8   0   0   1
4.02938402402405   0.8   0   0   1
4.03940736736739   0.8   0   0   1
4.04943071071074   0.8   0   0   1
4.05945405405408   0.8   0   0   1
4.06947739739742   0.8   0   0   1
4.07950074074077   0.8   0   0   1
4.08952408408411   0.8   0   0   1
4.09954742742745   0.8   0   0   1
4.1095707707708   0.8   0   0   1
4.11959411411414   0.8   0   0   1
4.12961745745748   0.8   0   0   1
4.13964080080083   0.8   0   0   1
4.14966414414417   0.8   0   0   1
4.15968748748751   0.8   0   0   1
4.16971083083086   0.8   0   0   1
4.1797341741742   0.8   0   0   1
4.18975751751754   0.8   0   0   1
4.19978086086089   0.8   0   0   1
4.20980420420423   0.8   0   0   1
4.21982754754757   0.8   0   0   1
4.22985089089092   0.8   0   0   1
4.23987423423426   0.8   0   0   1
4.2498975775776   0.8   0   0   1
4.25992092092095   0.8   0   0   1
4.26994426426429   0.8   0   0   1
4.27996760760763   0.8   0   0   1
4.28999095095098   0.8   0   0   1
4.30001429429432   0.8   0   0   1
4.31003763763766   0.8   0   0   1
4.32006098098101   0.8   0   0   1
4.33008432432435   0.8   0   0   1
4.3401076676677   0.8   0   0   1
4.35013101101104   0.8   0   0   1
4.36015435435438   0.8   0   0   1
4.37017769769773   0.8   0   0   1
4.38020104104107   0.8   0   0   1
4.39022438438441   0.8   0   0   1
4.40024772772776   0.8   0   0   1
4.4102710710711   0.8   0   0   1
4.42029441441444   0.8   0   0   1
4.43031775775779   0.8   0   0   1
4.44034110110113   0.8   0   0   1
4.45036444444447   0.8   0   0   1
4.46038778778782   0.8   0   0   1
4.47041113113116   0.8   0   0   1
4.4804344744745   0.8   0   0   1
4.49045781781785   0.8   0   0   1
4.50048116116119   0.8   0   0   1
4.51050450450453   0.8   0   0   1
4.52052784784788   0.8   0   0   1
4.53055119119122   0.8   0   0   1
4.54057453453456   0.8   0   0   1
4.55059787787791   0.8   0   0   1
4.56062122122125   0.8   0   0   1
4.57064456456459   0.8   0   0   1
4.58066790790794   0.8   0   0   1
4.59069125125128   0.8   0   0   1
4.60071459459462   0.8   0   0   1
4.61073793793797   0.8   0   0   1
4.62076128128131   0.8   0   0   1
4.63078462462465   0.8   0   0   1
4.640807967968   0.8   0   0   1
4.65083131131134   0.8   0   0   1
4.66085465465468   0.8   0   0   1
4.67087799799803   0.8   0   0   1
4.68090134134137   0.8   0   0   1
4.69092468468472   0.8   0   0   1
4.70094802802806   0.8   0   0   1
4.7109713713714   0.8   0   0   1
4.72099471471475   0.8   0   0   1
4.73101805805809   0.8   0   0   1
4.74104140140143   0.8   0   0   1
4.75106474474478   0.8   0   0   1
4.76108808808812   0.8   0   0   1
4.77111143143146   0.8   0   0   1
4.78113477477481   0.8   0   0   1
4.79115811811815   0.8   0   0   1
4.80118146146149   0.8   0   0   1
4.81120480480484   0.8   0   0   1
4.82122814814818   0.8   0   0   1
4.83125149149152   0.8   0   0   1
4.84127483483487   0.8   0   0   1
4.85129817817821   0.8   0   0   1
4.86132152152155   0.8   0   0   1
4.8713448648649   0.8   0   0   1
4.88136820820824   0.8   0   0   1
4.89139155155158   0.8   0   0   1
4.90141489489493   0.8   0   0   1
4.91143823823827   0.8   0   0   1
4.92146158158161   0.8   0   0   1
4.93148492492496   0.8   0   0   1
4.9415082682683   0.8   0   0   1
4.95153161161164   0.8   0   0   1
4.96155495495499   0.8   0   0   1
4.97157829829833   0.8   0   0   1
4.98160164164167   0.8   0   0   1
4.99162498498502   0.8   0   0   1
5.00164832832836   0.8   0   0   1
5.0116716716717   0.8   0   0   1
5.02169501501505   0.8   0   0   1
5.03171835835839   0.8   0   0   1
5.04174170170173   0.8   0   0   1
5.05176504504508   0.8   0   0   1
5.06178838838842   0.8   0   0   1
5.07181173173177   0.8   0   0   1
5.08183507507511   0.8   0   0   1
5.09185841841845   0.8   0   0   1
5.1018817617618   0.8   0   0   1
5.11190510510514   0.8   0   0   1
5.12192844844848   0.8   0   0   1
5.13195179179183   0.8   0   0   1
5.14197513513517   0.8   0   0   1
5.15199847847851   0.8   0   0   1
5.16202182182186   0.8   0   0   1
5.1720451651652   0.8   0   0   1
5.18206850850854   0.8   0   0   1
5.19209185185189   0.8   0   0   1
5.20211519519523   0.8   0   0   1
5.21213853853857   0.8   0   0   1
5.22216188188192   0.8   0   0   1
5.23218522522526   0.8   0   0   1
5.2422085685686   0.8   0   0   1
5.25223191191195   0.8   0   0   1
5.26225525525529   0.8   0   0   1
5.27227859859863   0.8   0   0   1
5.28230194194198   0.8   0   0   1
5.29232528528532   0.8   0   0   1
5.30234862862866   0.8   0   0   1
5.31237197197201   0.8   0   0   1
5.32239531531535   0.8   0   0   1
5.33241865865869   0.8   0   0   1
5.34244200200204   0.8   0   0   1
5.35246534534538   0.8   0   0   1
5.36248868868872   0.8   0   0   1
5.37251203203207   0.8   0   0   1
5.38253537537541   0.8   0   0   1
5.39255871871875   0.8   0   0   1
5.4025820620621   0.8   0   0   1
5.41260540540544   0.8   0   0   1
5.42262874874879   0.8   0   0   1
5.43265209209213   0.8   0   0   1
5.44267543543547   0.8   0   0   1
5.45269877877882   0.8   0   0   1
5.46272212212216   0.8   0   0   1
5.4727454654655   0.8   0   0   1
5.48276880880885   0.8   0   0   1
5.49279215215219   0.8   0   0   1
5.50281549549553   0.8   0   0   1
5.51283883883888   0.8   0   0   1
5.52286218218222   0.8   0   0   1
5.53288552552556   0.8   0   0   1
5.54290886886891   0.8   0   0   1
5.55293221221225   0.8   0   0   1
5.56295555555559   0.8   0   0   1
5.57297889889894   0.8   0   0   1
5.58300224224228   0.8   0   0   1
5.59302558558562   0.8   0   0   1
5.60304892892897   0.8   0   0   1
5.61307227227231   0.8   0   0   1
5.62309561561565   0.8   0   0   1
5.633118958959   0.8   0   0   1
5.64314230230234   0.8   0   0   1
5.65316564564568   0.8   0   0   1
5.66318898898903   0.8   0   0   1
5.67321233233237   0.8   0   0   1
5.68323567567571   0.8   0   0   1
5.69325901901906   0.8   0   0   1
5.7032823623624   0.8   0   0   1
5.71330570570574   0.8   0   0   1
5.72332904904909   0.8   0   0   1
5.73335239239243   0.8   0   0   1
5.74337573573577   0.8   0   0   1
5.75339907907912   0.8   0   0   1
5.76342242242246   0.8   0   0   1
5.77344576576581   0.8   0   0   1
5.78346910910915   0.8   0   0   1
5.79349245245249   0.8   0   0   1
5.80351579579584   0.8   0   0   1
5.81353913913918   0.8   0   0   1
5.82356248248252   0.8   0   0   1
5.83358582582587   0.8   0   0   1
5.84360916916921   0.8   0   0   1
5.85363251251255   0.8   0   0   1
5.8636558558559   0.8   0   0   1
5.87367919919924   0.8   0   0   1
5.88370254254258   0.8   0   0   1
5.89372588588593   0.8   0   0   1
5.90374922922927   0.8   0   0   1
5.91377257257261   0.8   0   0   1
5.92379591591596   0.8   0   0   1
5.9338192592593   0.8   0   0   1
5.94384260260264   0.8   0   0   1
5.95386594594599   0.8   0   0   1
5.96388928928933   0.8   0   0   1
5.97391263263267   0.8   0   0   1
5.98393597597602   0.8   0   0   1
5.99395931931936   0.8   0   0   1
6.0039826626627   0.8   0   0   1
6.01400600600605   0.8   0   0   1
6.02402934934939   0.8   0   0   1
6.03405269269273   0.8   0   0   1
6.04407603603608   0.8   0   0   1
6.05409937937942   0.8   0   0   1
6.06412272272276   0.8   0   0   1
6.07414606606611   0.8   0   0   1
6.08416940940945   0.8   0   0   1
6.09419275275279   0.8   0   0   1
6.10421609609614   0.8   0   0   1
6.11423943943948   0.8   0   0   1
6.12426278278283   0.8   0   0   1
6.13428612612617   0.8   0   0   1
6.14430946946951   0.8   0   0   1
6.15433281281286   0.8   0   0   1
6.1643561561562   0.8   0   0   1
6.17437949949954   0.8   0   0   1
6.18440284284289   0.8   0   0   1
6.19442618618623   0.8   0   0   1
6.20444952952957   0.8   0   0   1
6.21447287287292   0.8   0   0   1
6.22449621621626   0.8   0   0   1
6.2345195595596   0.8   0   0   1
6.24454290290295   0.8   0   0   1
6.25456624624629   0.8   0   0   1
6.26458958958963   0.8   0   0   1
6.27461293293298   0.8   0   0   1
6.28463627627632   0.8   0   0   1
6.29465961961966   0.8   0   0   1
6.30468296296301   0.8   0   0   1
6.31470630630635   0.8   0   0   1
6.32472964964969   0.8   0   0   1
6.33475299299304   0.8   0   0   1
6.34477633633638   0.8   0   0   1
6.35479967967972   0.8   0   0   1
6.36482302302307   0.8   0   0   1
6.37484636636641   0.8   0   0   1
6.38486970970975   0.8   0   0   1
6.3948930530531   0.8   0   0   1
6.40491639639644   0.8   0   0   1
6.41493973973978   0.8   0   0   1
6.42496308308313   0.8   0   0   1
6.43498642642647   0.8   0   0   1
6.44500976976981   0.8   0   0   1
6.45503311311316   0.8   0   0   1
6.4650564564565   0.8   0   0   1
6.47507979979985   0.8   0   0   1
6.48510314314319   0.8   0   0   1
6.49512648648653   0.8   0   0   1
6.50514982982988   0.8   0   0   1
6.51517317317322   0.8   0   0   1
6.52519651651656   0.8   0   0   1
6.53521985985991   0.8   0   0   1
6.54524320320325   0.8   0   0   1
6.55526654654659   0.8   0   0   1
6.56528988988994   0.8   0   0   1
6.57531323323328   0.8   0   0   1
6.58533657657662   0.8   0   0   1
6.59535991991997   0.8   0   0   1
6.60538326326331   0.8   0   0   1
6.61540660660665   0.8   0   0   1
6.62542994995   0.8   0   0   1
6.63545329329334   0.8   0   0   1
6.64547663663668   0.8   0   0   1
6.65549997998003   0.8   0   0   1
6.66552332332337   0.8   0   0   1
6.67554666666671   0.8   0   0   1
6.68557001001006   0.8   0   0   1
6.6955933533534   0.8   0   0   1
6.70561669669674   0.8   0   0   1
6.71564004004009   0.8   0   0   1
6.72566338338343   0.8   0   0   1
6.73568672672677   0.8   0   0   1
6.74571007007012   0.8   0   0   1
6.75573341341346   0.8   0   0   1
6.7657567567568   0.8   0   0   1
6.77578010010015   0.8   0   0   1
6.78580344344349   0.8   0   0   1
6.79582678678683   0.8   0   0   1
6.80585013013018   0.8   0   0   1
6.81587347347352   0.8   0   0   1
6.82589681681686   0.8   0   0   1
6.83592016016021   0.8   0   0   1
6.84594350350355   0.8   0   0   1
6.8559668468469   0.8   0   0   1
6.86599019019024   0.8   0   0   1
6.87601353353358   0.8   0   0   1
6.88603687687693   0.8   0   0   1
6.89606022022027   0.8   0   0   1
6.90608356356361   0.8   0   0   1
6.91610690690696   0.8   0   0   1
6.9261302502503   0.8   0   0   1
6.93615359359364   0.8   0   0   1
6.94617693693699   0.8   0   0   1
6.95620028028033   0.8   0   0   1
6.96622362362367   0.8   0   0   1
6.97624696696702   0.8   0   0   1
6.98627031031036   0.8   0   0   1
6.9962936536537   0.8   0   0   1
7.00631699699705   0.8   0   0   1
7.01634034034039   0.8   0   0   1
7.02636368368373   0.8   0   0   1
7.03638702702708   0.8   0   0   1
7.04641037037042   0.8   0   0   1
7.05643371371376   0.8   0   0   1
7.06645705705711   0.8   0   0   1
7.07648040040045   0.8   0   0   1
7.08650374374379   0.8   0   0   1
7.09652708708714   0.8   0   0   1
7.10655043043048   0.8   0   0   1
7.11657377377382   0.8   0   0   1
7.12659711711717   0.8   0   0   1
7.13662046046051   0.8   0   0   1
7.14664380380385   0.8   0   0   1
7.1566671471472   0.8   0   0   1
7.16669049049054   0.8   0   0   1
7.17671383383388   0.8   0   0   1
7.18673717717723   0.8   0   0   1
7.19676052052057   0.8   0   0   1
7.20678386386392   0.8   0   0   1
7.21680720720726   0.8   0   0   1
7.2268305505506   0.8   0   0   1
7.23685389389395   0.8   0   0   1
7.24687723723729   0.8   0   0   1
7.25690058058063   0.8   0   0   1
7.26692392392398   0.8   0   0   1
7.27694726726732   0.8   0   0   1
7.28697061061066   0.8   0   0   1
7.29699395395401   0.8   0   0   1
7.30701729729735   0.8   0   0   1
7.31704064064069   0.8   0   0   1
7.32706398398404   0.8   0   0   1
7.33708732732738   0.8   0   0   1
7.34711067067072   0.8   0   0   1
7.35713401401407   0.8   0   0   1
7.36715735735741   0.8   0   0   1
7.37718070070075   0.8   0   0   1
7.3872040440441   0.8   0   0   1
7.39722738738744   0.8   0   0   1
7.40725073073078   0.8   0   0   1
7.41727407407413   0.8   0   0   1
7.42729741741747   0.8   0   0   1
7.43732076076081   0.8   0   0   1
7.44734410410416   0.8   0   0   1
7.4573674474475   0.8   0   0   1
7.46739079079084   0.8   0   0   1
7.47741413413419   0.8   0   0   1
7.48743747747753   0.8   0   0   1
7.49746082082087   0.8   0   0   1
7.50748416416422   0.8   0   0   1
7.51750750750756   0.8   0   0   1
7.5275308508509   0.8   0   0   1
7.53755419419425   0.8   0   0   1
7.54757753753759   0.8   0   0   1
7.55760088088094   0.8   0   0   1
7.56762422422428   0.8   0   0   1
7.57764756756762   0.8   0   0   1
7.58767091091097   0.8   0   0   1
7.59769425425431   0.8   0   0   1
7.60771759759765   0.8   0   0   1
7.617740940941   0.8   0   0   1
7.62776428428434   0.8   0   0   1
7.63778762762768   0.8   0   0   1
7.64781097097103   0.8   0   0   1
7.65783431431437   0.8   0   0   1
7.66785765765771   0.8   0   0   1
7.67788100100106   0.8   0   0   1
7.6879043443444   0.8   0   0   1
7.69792768768774   0.8   0   0   1
7.70795103103109   0.8   0   0   1
7.71797437437443   0.8   0   0   1
7.72799771771777   0.8   0   0   1
7.73802106106112   0.8   0   0   1
7.74804440440446   0.8   0   0   1
7.7580677477478   0.8   0   0   1
7.76809109109115   0.8   0   0   1
7.77811443443449   0.8   0   0   1
7.78813777777783   0.8   0   0   1
7.79816112112118   0.8   0   0   1
7.80818446446452   0.8   0   0   1
7.81820780780786   0.8   0   0   1
7.82823115115121   0.8   0   0   1
7.83825449449455   0.8   0   0   1
7.84827783783789   0.8   0   0   1
7.85830118118124   0.8   0   0   1
7.86832452452458   0.8   0   0   1
7.87834786786792   0.8   0   0   1
7.88837121121127   0.8   0   0   1
7.89839455455461   0.8   0   0   1
7.90841789789796   0.8   0   0   1
7.9184412412413   0.8   0   0   1
7.92846458458464   0.8   0   0   1
7.93848792792799   0.8   0   0   1
7.94851127127133   0.8   0   0   1
7.95853461461467   0.8   0   0   1
7.96855795795802   0.8   0   0   1
7.97858130130136   0.8   0   0   1
7.9886046446447   0.8   0   0   1
7.99862798798805   0.8   0   0   1
8.00865133133139   0.8   0   0   1
8.01867467467473   0.8   0   0   1
8.02869801801808   0.8   0   0   1
8.03872136136142   0.8   0   0   1
8.04874470470476   0.8   0   0   1
8.05876804804811   0.8   0   0   1
8.06879139139145   0.8   0   0   1
8.07881473473479   0.8   0   0   1
8.08883807807814   0.8   0   0   1
8.09886142142148   0.8   0   0   1
8.10888476476482   0.8   0   0   1
8.11890810810817   0.8   0   0   1
8.12893145145151   0.8   0   0   1
8.13895479479485   0.8   0   0   1
8.1489781381382   0.8   0   0   1
8.15900148148154   0.8   0   0   1
8.16902482482488   0.8   0   0   1
8.17904816816823   0.8   0   0   1
8.18907151151157   0.8   0   0   1
8.19909485485491   0.8   0   0   1
8.20911819819826   0.8   0   0   1
8.2191415415416   0.8   0   0   1
8.22916488488494   0.8   0   0   1
8.23918822822829   0.8   0   0   1
8.24921157157163   0.8   0   0   1
8.25923491491498   0.8   0   0   1
8.26925825825832   0.8   0   0   1
8.27928160160166   0.8   0   0   1
8.28930494494501   0.8   0   0   1
8.29932828828835   0.8   0   0   1
8.30935163163169   0.8   0   0   1
8.31937497497504   0.8   0   0   1
8.32939831831838   0.8   0   0   1
8.33942166166172   0.8   0   0   1
8.34944500500507   0.8   0   0   1
8.35946834834841   0.8   0   0   1
8.36949169169175   0.8   0   0   1
8.3795150350351   0.8   0   0   1
8.38953837837844   0.8   0   0   1
8.39956172172178   0.8   0   0   1
8.40958506506513   0.8   0   0   1
8.41960840840847   0.8   0   0   1
8.42963175175181   0.8   0   0   1
8.43965509509516   0.8   0   0   1
8.4496784384385   0.8   0   0   1
8.45970178178184   0.8   0   0   1
8.46972512512519   0.8   0   0   1
8.47974846846853   0.8   0   0   1
8.48977181181187   0.8   0   0   1
8.49979515515522   0.8   0   0   1
8.50981849849856   0.8   0   0   1
8.5198418418419   0.8   0   0   1
8.52986518518525   0.8   0   0   1
8.53988852852859   0.8   0   0   1
8.54991187187193   0.8   0   0   1
8.55993521521528   0.8   0   0   1
8.56995855855862   0.8   0   0   1
8.57998190190196   0.8   0   0   1
8.59000524524531   0.8   0   0   1
8.60002858858865   0.8   0   0   1
8.610051931932   0.8   0   0   1
8.62007527527534   0.8   0   0   1
8.63009861861868   0.8   0   0   1
8.64012196196203   0.8   0   0   1
8.65014530530537   0.8   0   0   1
8.66016864864871   0.8   0   0   1
8.67019199199206   0.8   0   0   1
8.6802153353354   0.8   0   0   1
8.69023867867874   0.8   0   0   1
8.70026202202209   0.8   0   0   1
8.71028536536543   0.8   0   0   1
8.72030870870877   0.8   0   0   1
8.73033205205212   0.8   0   0   1
8.74035539539546   0.8   0   0   1
8.7503787387388   0.8   0   0   1
8.76040208208215   0.8   0   0   1
8.77042542542549   0.8   0   0   1
8.78044876876883   0.8   0   0   1
8.79047211211218   0.8   0   0   1
8.80049545545552   0.8   0   0   1
8.81051879879886   0.8   0   0   1
8.82054214214221   0.8   0   0   1
8.83056548548555   0.8   0   0   1
8.84058882882889   0.8   0   0   1
8.85061217217224   0.8   0   0   1
8.86063551551558   0.8   0   0   1
8.87065885885892   0.8   0   0   1
8.88068220220227   0.8   0   0   1
8.89070554554561   0.8   0   0   1
8.90072888888895   0.8   0   0   1
8.9107522322323   0.8   0   0   1
8.92077557557564   0.8   0   0   1
8.93079891891898   0.8   0   0   1
8.94082226226233   0.8   0   0   1
8.95084560560567   0.8   0   0   1
8.96086894894901   0.8   0   0   1
8.97089229229236   0.8   0   0   1
8.9809156356357   0.8   0   0   1
8.99093897897905   0.8   0   0   1
9.00096232232239   0.8   0   0   1
9.01098566566573   0.8   0   0   1
9.02100900900908   0.8   0   0   1
9.03103235235242   0.8   0   0   1
9.04105569569576   0.8   0   0   1
9.05107903903911   0.8   0   0   1
9.06110238238245   0.8   0   0   1
9.07112572572579   0.8   0   0   1
9.08114906906914   0.8   0   0   1
9.09117241241248   0.8   0   0   1
9.10119575575582   0.8   0   0   1
9.11121909909917   0.8   0   0   1
9.12124244244251   0.8   0   0   1
9.13126578578585   0.8   0   0   1
9.1412891291292   0.8   0   0   1
9.15131247247254   0.8   0   0   1
9.16133581581588   0.8   0   0   1
9.17135915915923   0.8   0   0   1
9.18138250250257   0.8   0   0   1
9.19140584584591   0.8   0   0   1
9.20142918918926   0.8   0   0   1
9.2114525325326   0.8   0   0   1
9.22147587587594   0.8   0   0   1
9.23149921921929   0.8   0   0   1
9.24152256256263   0.8   0   0   1
9.25154590590597   0.8   0   0   1
9.26156924924932   0.8   0   0   1
9.27159259259266   0.8   0   0   1
9.281615935936   0.8   0   0   1
9.29163927927935   0.8   0   0   1
9.30166262262269   0.8   0   0   1
9.31168596596603   0.8   0   0   1
9.32170930930938   0.8   0   0   1
9.33173265265272   0.8   0   0   1
9.34175599599607   0.8   0   0   1
9.35177933933941   0.8   0   0   1
9.36180268268275   0.8   0   0   1
9.3718260260261   0.8   0   0   1
9.38184936936944   0.8   0   0   1
9.39187271271278   0.8   0   0   1
9.40189605605613   0.8   0   0   1
9.41191939939947   0.8   0   0   1
9.42194274274281   0.8   0   0   1
9.43196608608616   0.8   0   0   1
9.4419894294295   0.8   0   0   1
9.45201277277284   0.8   0   0   1
9.46203611611619   0.8   0   0   1
9.47205945945953   0.8   0   0   1
9.48208280280287   0.8   0   0   1
9.49210614614622   0.8   0   0   1
9.50212948948956   0.8   0   0   1
9.5121528328329   0.8   0   0   1
9.52217617617625   0.8   0   0   1
9.53219951951959   0.8   0   0   1
9.54222286286293   0.8   0   0   1
9.55224620620628   0.8   0   0   1
9.56226954954962   0.8   0   0   1
9.57229289289296   0.8   0   0   1
9.58231623623631   0.8   0   0   1
9.59233957957965   0.8   0   0   1
9.60236292292299   0.8   0   0   1
9.61238626626634   0.8   0   0   1
9.62240960960968   0.8   0   0   1
9.63243295295302   0.8   0   0   1
9.64245629629637   0.8   0   0   1
9.65247963963971   0.8   0   0   1
9.66250298298305   0.8   0   0   1
9.6725263263264   0.8   0   0   1
9.68254966966974   0.8   0   0   1
9.69257301301309   0.8   0   0   1
9.70259635635643   0.8   0   0   1
9.71261969969977   0.8   0   0   1
9.72264304304312   0.8   0   0   1
9.73266638638646   0.8   0   0   1
9.7426897297298   0.8   0   0   1
9.75271307307315   0.8   0   0   1
9.76273641641649   0.8   0   0   1
9.77275975975983   0.8   0   0   1
9.78278310310318   0.8   0   0   1
9.79280644644652   0.8   0   0   1
9.80282978978986   0.8   0   0   1
9.81285313313321   0.8   0   0   1
9.82287647647655   0.8   0   0   1
9.83289981981989   0.8   0   0   1
9.84292316316324   0.8   0   0   1
9.85294650650658   0.8   0   0   1
9.86296984984992   0.8   0   0   1
9.87299319319327   0.8   0   0   1
9.88301653653661   0.8   0   0   1
9.89303987987995   0.8   0   0   1
9.9030632232233   0.8   0   0   1
9.91308656656664   0.8   0   0   1
9.92310990990998   0.8   0   0   1
9.93313325325333   0.8   0   0   1
9.94315659659667   0.8   0   0   1
9.95317993994001   0.8   0   0   1
9.96320328328336   0.8   0   0   1
9.9732266266267   0.8   0   0   1
9.98324996997004   0.8   0   0   1
9.99327331331339   0.8   0   0   1
10.0032966566567   0.8   0   0   1
10.0133200000001   0.8   0   0   1
