variables = x,rho,u,v,p
0   3.8571   2.6293   0   10.3333
0.0100233433433433   3.8571   2.6293   0   10.3333
0.0200466866866867   3.8571   2.6293   0   10.3333
0.03007003003003   3.8571   2.6293   0   10.3333
0.0400933733733734   3.8571   2.6293   0   10.3333
0.0501167167167167   3.8571   2.6293   0   10.3333
0.0601400600600601   3.8571   2.6293   0   10.3333
0.0701634034034034   3.8571   2.6293   0   10.3333
0.0801867467467468   3.8571   2.6293   0   10.3333
0.0902100900900901   3.8571   2.6293   0   10.3333
0.100233433433433   3.8571   2.6293   0   10.3333
0.110256776776777   3.8571   2.6293   0   10.3333
0.12028012012012   3.8571   2.6293   0   10.3333
0.130303463463463   3.8571   2.6293   0   10.3333
0.140326806806807   3.8571   2.6293   0   10.3333
0.15035015015015   3.8571   2.6293   0   10.3333
0.160373493493494   3.8571   2.6293   0   10.3333
0.170396836836837   3.8571   2.6293   0   10.3333
0.18042018018018   3.8571   2.6293   0   10.3333
0.190443523523524   3.8571   2.6293   0   10.3333
0.200466866866867   3.8571   2.6293   0   10.3333
0.21049021021021   3.8571   2.6293   0   10.3333
0.220513553553554   3.8571   2.6293   0   10.3333
0.230536896896897   3.8571   2.6293   0   10.3333
0.24056024024024   3.8571   2.6293   0   10.3333
0.250583583583584   3.8571   2.6293   0   10.3333
0.260606926926927   3.8571   2.6293   0   10.3333
0.27063027027027   3.8571   2.6293   0   10.3333
0.280653613613614   3.8571   2.6293   0   10.3333
0.290676956956957   3.8571   2.6293   0   10.3333
0.3007003003003   3.8571   2.6293   0   10.3333
0.310723643643644   3.8571   2.6293   0   10.3333
0.320746986986987   3.8571   2.6293   0   10.3333
0.330770330330331   3.8571   2.6293   0   10.3333
0.340793673673674   3.8571   2.6293   0   10.3333
0.350817017017017   3.8571   2.6293   0   10.3333
0.360840360360361   3.8571   2.6293   0   10.3333
0.370863703703704   3.8571   2.6293   0   10.3333
0.380887047047047   3.8571   2.6293   0   10.3333
0.390910390390391   3.8571   2.6293   0   10.3333
0.400933733733734   3.8571   2.6293   0   10.3333
0.410957077077078   3.8571   2.6293   0   10.3333
0.420980420420421   3.8571   2.6293   0   10.3333
0.431003763763764   3.8571   2.6293   0   10.3333
0.441027107107108   3.8571   2.6293   0   10.3333
0.451050450450451   3.8571   2.6293   0   10.3333
0.461073793793794   3.8571   2.6293   0   10.3333
0.471097137137138   3.8571   2.6293   0   10.3333
0.481120480480481   3.8571   2.6293   0   10.3333
0.491143823823825   3.8571   2.6293   0   10.3333
0.501167167167168   3.8571   2.6293   0   10.3333
0.511190510510511   3.8571   2.6293   0   10.3333
0.521213853853855   3.8571   2.6293   0   10.3333
0.531237197197198   3.8571   2.6293   0   10.3333
0.541260540540541   3.8571   2.6293   -4.590402544877e-17   10.3333
0.551283883883884   3.85709999999998   2.62930000000001   5.2309055407198e-16   10.3332999999999
0.561307227227228   3.85709999999994   2.62930000000003   5.33363245346755e-16   10.3332999999998
0.571330570570571   3.85709999999987   2.62930000000008   5.81805585672167e-18   10.3332999999994
0.581353913913914   3.85709999999973   2.62930000000016   -2.49406712523543e-16   10.3332999999988
0.591377257257258   3.85709999999948   2.62930000000031   -6.30319868687061e-16   10.3332999999977
0.601400600600601   3.85709999999899   2.62930000000059   -7.33439048923564e-16   10.3332999999956
0.611423943943944   3.85709999999809   2.62930000000112   -7.56294286689441e-16   10.3332999999916
0.621447287287288   3.85709999999642   2.62930000000209   -9.79611616861345e-16   10.3332999999842
0.631470630630631   3.85709999999335   2.62930000000387   -1.05938838267626e-15   10.3332999999708
0.641493973973974   3.85709999998776   2.6293000000071   -1.3943903156834e-15   10.3332999999464
0.651517317317318   3.85709999997767   2.62930000001294   -1.51846483336082e-15   10.3332999999025
0.661540660660661   3.8570999999596   2.62930000002336   -1.64134426153003e-15   10.333299999824
0.671564004004004   3.85709999992751   2.62930000004183   -1.67598467588569e-15   10.3332999996848
0.681587347347348   3.85709999987096   2.62930000007431   -1.64393737625813e-15   10.3332999994401
0.691610690690691   3.85709999977217   2.62930000013094   -1.8611781712306e-15   10.3332999990137
0.701634034034034   3.85709999960102   2.62930000022884   -1.97591733026411e-15   10.3332999982764
0.711657377377378   3.85709999930694   2.6293000003967   -1.86980000761199e-15   10.3332999970125
0.721680720720721   3.85709999880587   2.62930000068213   -2.00162606274785e-15   10.3332999948638
0.731704064064064   3.85709999795921   2.6293000011634   -2.11370894631935e-15   10.3332999912412
0.741727407407408   3.85709999654058   2.62930000196813   -2.14707319012976e-15   10.3332999851846
0.751750750750751   3.85709999418344   2.62930000330244   -1.98900517161385e-15   10.3332999751437
0.761774094094094   3.85709999029969   2.62930000549633   -1.58564051528763e-15   10.3332999586367
0.771797437437437   3.8570999839543   2.62930000907329   -1.45511257495736e-15   10.333299931727
0.781820780780781   3.8570999736741   2.62930001485621   -1.20910020187707e-15   10.3332998882276
0.791844124124124   3.85709995715918   2.6293000241269   -1.07426695313213e-15   10.3332998185027
0.801867467467467   3.8570999308518   2.62930003886366   -6.06186355780192e-16   10.3332997076824
0.811890810810811   3.8570998892991   2.6293000620917   -2.49971257846284e-16   10.3332995330318
0.821914154154154   3.85709982422074   2.62930009839433   1.29648922443062e-16   10.333299260111
0.831937497497497   3.85709972315952   2.62930015465095   5.3186460308726e-16   10.333298837235
0.841960840840841   3.85709956754937   2.62930024109085   7.81234562312157e-16   10.333298187562
0.851984184184184   3.85709932997923   2.62930037278156   7.48766860926013e-16   10.3332971979229
0.862007527527527   3.8570989703613   2.62930057170738   1.03857369601085e-15   10.3332957032225
0.872030870870871   3.85709843062518   2.62930086963969   1.03585742164701e-15   10.3332934649037
0.882054214214214   3.85709762745526   2.62930131205445   9.89321704880047e-16   10.3332901415587
0.892077557557557   3.85709644246619   2.6293019634164   9.45540125659765e-16   10.3332852492963
0.902100900900901   3.85709470907165   2.6293029142208   7.65919222147887e-16   10.3332781089356
0.912124244244244   3.85709219514894   2.62930429026159   6.35889347597665e-16   10.3332677765185
0.922147587587587   3.85708858044173   2.62930626467505   9.47840432348774e-16   10.3332529530315
0.932170930930931   3.85708342748623   2.62930907338562   1.28503940404367e-15   10.3332318686496
0.942194274274274   3.85707614470678   2.62931303464676   1.6663554998215e-15   10.3332021363247
0.952217617617617   3.8570659402245   2.62931857341516   2.08404433972769e-15   10.3331605692064
0.96224096096096   3.85705176488231   2.62932625130727   2.17000179333456e-15   10.3331029563087
0.972264304304304   3.8570322430396   2.62933680284948   2.01596100191732e-15   10.3330237911307
0.982287647647647   3.85700558986385   2.62935117862926   2.10927222959354e-15   10.3329159487347
0.99231099099099   3.85696951417658   2.62937059576885   2.12259242764867e-15   10.3327703081874
1.00233433433433   3.85692110642964   2.62939659586012   1.97299705220611e-15   10.3325753194247
1.01235767767768   3.85685671211965   2.62943111010782   1.97934406628083e-15   10.3323165165554
1.02238102102102   3.8567717919056   2.6294765309244   1.889909077707e-15   10.331975983443
1.03240436436436   3.8566607708738   2.62953578860811   1.73880052490273e-15   10.3315317820386
1.04242770770771   3.85651688076604   2.62961243103461   1.58814335034703e-15   10.330957359262
1.05245105105105   3.85633200049543   2.62971070353304   1.66205608601316e-15   10.3302209539986
1.06247439439439   3.85609650183236   2.62983562534817   1.7390160202633e-15   10.3292850316467
1.07249773773774   3.85579910863258   2.62999305837314   2.13393184164276e-15   10.3281057791267
1.08252108108108   3.85542677925698   2.63018976324598   2.74536302949102e-15   10.3266326978085
1.09254442442442   3.85496462273936   2.63043343751841   3.38394048647535e-15   10.324808334796
1.10256776776777   3.85439585963309   2.63073273050383   4.07403616758882e-15   10.3225681938321
1.11259111111111   3.85370183816651   2.6310972296607   4.29590265111032e-15   10.3198408652307
1.12261445445445   3.85286211525527   2.63153741401023   4.77859636949271e-15   10.3165484093415
1.1326377977978   3.85185461001021   2.6320645711358   5.51426370040535e-15   10.312607019984
1.14266114114114   3.85065583467011   2.63269067573948   6.03476857548705e-15   10.3079279832357
1.15268448448449   3.84924120449123   2.63342822946736   6.23625683305818e-15   10.3024189334063
1.16270782782783   3.84758542423551   2.63429006365392   6.2288886146375e-15   10.2959853928146
1.17273117117117   3.84566294478188   2.63528910863453   6.02858343539003e-15   10.2885325661511
1.18275451451452   3.84344847935143   2.63643813517909   5.72486278036618e-15   10.279967345009
1.19277785785786   3.8409175652154   2.63774947525021   5.83371853366296e-15   10.2702004648369
1.2028012012012   3.83804715384636   2.63923473054841   5.89214768997184e-15   10.2591487462565
1.21282454454455   3.83481621052518   2.64090447806979   6.31592987580188e-15   10.2467373462808
1.22284788788789   3.83120630358425   2.64276798211275   6.27638944217778e-15   10.2329019429888
1.23287123123123   3.82720216380513   2.64483292182699   6.35690506138842e-15   10.2175907797652
1.24289457457458   3.82279219593324   2.64710514255057   6.60687044559739e-15   10.2007665019769
1.25291791791792   3.81796892666644   2.64958843792482   6.88154037065509e-15   10.1824077292281
1.26294126126126   3.81272937657459   2.65228436824204   7.23345587286172e-15   10.1625103191142
1.27296460460461   3.80707534692594   2.6551921188107   7.56774722293328e-15   10.1410882925368
1.28298794794795   3.80101361602649   2.65830840046485   7.94365883075115e-15   10.1181744049394
1.29301129129129   3.79455604313103   2.66162739282871   8.44095405404472e-15   10.0938203611907
1.30303463463464   3.78771958101379   2.66514072967945   9.06151249269879e-15   10.06809668336
1.31305797797798   3.78052620071013   2.66883752480381   9.57371951636017e-15   10.0410922496493
1.32308132132132   3.77300273364959   2.67270443615156   9.9364210869785e-15   10.012913528912
1.33310466466467   3.76518063736308   2.67672576585188   1.01348190488747e-14   9.98368353843909
1.34312800800801   3.75709569120247   2.68088359374291   1.01137602512503e-14   9.95354055322602
1.35315135135135   3.74878762816188   2.68515794240955   1.00042852754099e-14   9.92263659319744
1.3631746946947   3.74029970808952   2.68952697224671   9.7273794787782e-15   9.89113571145821
1.37319803803804   3.73167823651763   2.69396720566344   9.20645978038682e-15   9.85921210230747
1.38322138138138   3.72297203223141   2.69845378010778   8.92651011982151e-15   9.82704804329852
1.39324472472473   3.7142318457718   2.70296073000499   8.44884865403391e-15   9.79483168189129
1.40326806806807   3.70550973054751   2.70746129784731   7.91790043347831e-15   9.76275467503282
1.41329141141141   3.69685836832615   2.71192827444316   7.30369576646482e-15   9.73100969004913
1.42331475475476   3.68833035175785   2.71633436763755   6.98984122501096e-15   9.69978777813729
1.4333380980981   3.67997742837708   2.72065259759149   6.50402867776914e-15   9.66927563789741
1.44336144144144   3.67184971327094   2.7248567149401   6.30659372142025e-15   9.63965279584529
1.45338478478479   3.6639948812331   2.72892163587775   5.82758137587697e-15   9.61108874342716
1.46340812812813   3.65645735355307   2.73282388555957   5.69987321659488e-15   9.58374008500181
1.47343147147147   3.6492774992901   2.73654203835927   5.57217301162273e-15   9.55774776735191
1.48345481481482   3.64249087547775   2.74005714076335   5.5384364935991e-15   9.53323447683783
1.49347815815816   3.63612753460835   2.74335310036003   5.36872048544579e-15   9.51030230321929
1.50350150150151   3.6302114302955   2.74641702288344   5.15051876074779e-15   9.48903077712781
1.51352484484485   3.62475995255984   2.74923947897644   5.42415453116423e-15   9.46947538893232
1.52354818818819   3.61978362218808   2.75181468354366   5.53074472263824e-15   9.45166668848049
1.53357153153154   3.61528596876492   2.75414057344839   6.35734794946631e-15   9.4356100469056
1.54359487487488   3.61126360927256   2.75621877383948   6.67234501199287e-15   9.42128613349985
1.55361821821822   3.60770653397912   2.75805444932693   7.2021153298633e-15   9.40865212404658
1.56364156156157   3.6045985944615   2.75965604308567   7.57439969104609e-15   9.39764361480021
1.57366490490491   3.6019181761157   2.76103491410547   7.82150749619326e-15   9.3881771724121
1.58368824824825   3.59963902566704   2.76220488947735   8.20155685843801e-15   9.38015340903633
1.5937115915916   3.59773119427774   2.76318175408354   8.70006687413141e-15   9.37346043808243
1.60373493493494   3.59616204994511   2.76398270373884   8.9910278762182e-15   9.36797754335545
1.61375827827828   3.59489730971927   2.76462578933571   9.19678359285278e-15   9.36357888507053
1.62378162162163   3.5939020431087   2.76512937877377   9.29672279700903e-15   9.36013707120454
1.63380496496497   3.59314160265846   2.76551166058569   9.30850418296807e-15   9.35752644085916
1.64382830830831   3.59258244541546   2.76579020862965   9.35194494063619e-15   9.35562593523977
1.65385165165166   3.59219281886198   2.76598162158529   9.49559398843748e-15   9.35432146791918
1.663874994995   3.5919432957745   2.76610124491433   1.00632935672349e-14   9.35350774519122
1.67389833833834   3.59180715323779   2.76616297704692   1.02867650376976e-14   9.35308952557992
1.68392168168169   3.59176060075786   2.76617915634072   1.04523090293735e-14   9.35298234162152
1.69394502502503   3.59178287036956   2.76616052119097   1.07015669376023e-14   9.35311273448368
1.70396836836837   3.59185618741923   2.76611623273158   1.05888167233395e-14   9.35341807151383
1.71399171171172   3.59196564420525   2.76605394788838   1.09181732641002e-14   9.35384602813317
1.72401505505506   3.59209900001084   2.76597993002231   1.11637096194307e-14   9.35435381919864
1.7340383983984   3.59224643057566   2.76589918484089   1.18353907734018e-14   9.35490726223771
1.74406174174175   3.59240024814394   2.76581561042061   1.18646580064489e-14   9.35547974736633
1.75408508508509   3.5925546103504   2.76573215181976   1.20742714425858e-14   9.35605117787267
1.76410842842843   3.59270523279778   2.76565095263772   1.25643473025445e-14   9.35660693294002
1.77413177177178   3.59284911661725   2.76557349779682   1.29645514240382e-14   9.35713689111479
1.78415511511512   3.59298429888297   2.76550074363544   1.35857700327417e-14   9.35763454092525
1.79417845845846   3.59310963068295   2.76543323300409   1.39146500322511e-14   9.35809619423063
1.80420180180181   3.59322458505643   2.76537119439165   1.34934449928791e-14   9.35852030883943
1.81422514514515   3.59332909494574   2.7653146251547   1.30946690082477e-14   9.35890691983787
1.82424848848849   3.59342341977568   2.76526335968666   1.26601250116966e-14   9.35925717387806
1.83427183183184   3.5935080382201   2.76521712387196   1.24832589807306e-14   9.35957295721646
1.84429517517518   3.59358356407504   2.76517557746064   1.25345670190671e-14   9.35985660631341
1.85431851851853   3.59365068184599   2.76513834611591   1.18816391855573e-14   9.36011068901121
1.86434186186187   3.5937100985887   2.76510504487191   1.10082076968165e-14   9.36033784441062
1.87436520520521   3.59376250863466   2.76507529463316   1.00422326051876e-14   9.36054067029233
1.88438854854856   3.59380856801045   2.76504873318327   9.40975176039971e-15   9.36072164804923
1.8944118918919   3.59384887555977   2.76502502197731   8.88481132801507e-15   9.36088309641716
1.90443523523524   3.59388395794431   2.76500384979058   8.21699517438747e-15   9.36102714667336
1.91445857857859   3.59391425579243   2.76498493410043   7.57029055278979e-15   9.36115573330893
1.92448192192193   3.59394010824924   2.76496802089905   6.50177426098085e-15   9.361270595408
1.93450526526527   3.59396173303573   2.76495288347689   5.50368635491091e-15   9.36137328504535
1.94452860860862   3.59397919883492   2.76493932058308   4.49901970069217e-15   9.36146517992805
1.95455195195196   3.59399238638818   2.76492715425891   3.51670258391997e-15   9.36154749825921
1.9645752952953   3.5940009341172   2.76491622755264   2.27728184181563e-15   9.36162131440141
1.97459863863865   3.59400416341568   2.76490640225613   1.59089980385929e-15   9.36168757438298
1.98462198198199   3.59400097802845   2.76489755675199   9.68757139160937e-16   9.36174711064118
1.99464532532533   3.59398973122818   2.76488958402263   3.64851356412439e-16   9.36180065565273
2.00466866866868   3.59396805391141   2.76488238984604   7.01477031323617e-17   9.36184885428387
2.01469201201202   3.59393263639431   2.76487589118482   1.30443174274578e-17   9.36189227481505
2.02471535535536   3.59387895675006   2.76487001476357   5.40001296391765e-17   9.36193141867535
2.03473869869871   3.59380094916951   2.7648646958227   -1.08054689668767e-17   9.36196672896874
2.04476204204205   3.59369060723245   2.76485987703287   2.87322076543553e-16   9.3619985979001
2.05478538538539   3.59353751932855   2.76485550755305   1.89782803924174e-16   9.36202737321818
2.06480872872874   3.5933283369202   2.76485154221505   6.55056954406536e-17   9.36205336379277
2.07483207207208   3.59304618099472   2.76484794081833   -2.50998676073321e-17   9.36207684443739
2.08485541541542   3.59266999792864   2.76484466752027   7.01998125163193e-17   9.36209806007898
2.09487875875877   3.5921738829877   2.76484169030851   5.21677510559244e-16   9.36211722936596
2.10490210210211   3.59152639757814   2.76483898054389   8.78992492987278e-16   9.36213454779406
2.11492544544545   3.59068991475561   2.76483651256384   1.39156047425519e-15   9.36215019041957
2.1249487887888   3.58962003583029   2.76483426333749   1.79854806666234e-15   9.36216431421933
2.13497213213214   3.58826512846932   2.76483221216516   2.18070426754732e-15   9.36217706014828
2.14499547547548   3.58656604265537   2.76483034041595   1.82414756952526e-15   9.36218855493794
2.15501881881883   3.58445606430933   2.76482863129807   1.61485418721883e-15   9.36219891267228
2.16504216216217   3.58186116642386   2.76482706965739   1.35913601424519e-15   9.36220823617183
2.17506550550551   3.5787006133778   2.76482564180038   8.24560435396165e-16   9.36221661821246
2.18508884884886   3.57488796510109   2.76482433533827   5.99880751722902e-16   9.36222414260066
2.1951121921922   3.57033251362771   2.76482313904948   1.81384225133801e-16   9.36223088512411
2.20513553553555   3.56494116539296   2.76482204275819   6.60749389680199e-17   9.36223691439332
2.21515887887889   3.55862075894347   2.76482103722684   9.69305239261774e-17   9.36224229258761
2.22518222222223   3.5512807805649   2.76482011406091   2.7625386313584e-16   9.36224707611703
2.23520556556558   3.54283641119888   2.76481926562444   8.24029930114759e-16   9.36225131620979
2.24522890890892   3.53321180883046   2.76481848496501   1.60238196729011e-15   9.36225505943352
2.25525225225226   3.52234350348053   2.76481776574697   2.18557437896704e-15   9.36225834815785
2.26527559559561   3.51018375935613   2.76481710219196   3.00875647176023e-15   9.3622612209643
2.27529893893895   3.49670374283842   2.76481648902584   3.6690811796604e-15   9.36226371300938
2.28532228228229   3.48189632777206   2.76481592143113   4.1091259823126e-15   9.36226585634578
2.29534562562564   3.46577837240357   2.76481539500451   4.28679887513959e-15   9.3622676802061
2.30536896896898   3.448392316057   2.76481490571841   4.37143869587942e-15   9.36226921125341
2.31539231231232   3.42980696817232   2.76481444988652   4.46864333576464e-15   9.36227047380227
2.32541565565567   3.41011739673035   2.76481402413249   4.57781326368532e-15   9.36227149001372
2.33543899899901   3.38944386555553   2.76481362536154   4.34258023746673e-15   9.36227228006757
2.34546234234235   3.36792981798404   2.76481325073452   4.04779922200657e-15   9.36227286231479
2.3554856856857   3.34573895480306   2.76481289764427   3.6153983495599e-15   9.36227325341282
2.36550902902904   3.32305150377902   2.76481256369384   3.42459081641466e-15   9.36227346844636
2.37553237237238   3.30005982303779   2.76481224667654   3.31321572546498e-15   9.3622735210355
2.38555571571573   3.27696351783552   2.76481194455742   2.77023574585509e-15   9.36227342343365
2.39557905905907   3.25396427720592   2.76481165545624   2.25185178400299e-15   9.36227318661649
2.40560240240241   3.23126065169395   2.7648113776316   1.54102662623389e-15   9.36227282036376
2.41562574574576   3.20904299492789   2.76481110946632   3.75921156953251e-16   9.36227233333465
2.4256490890891   3.18748878018027   2.7648108494537   -4.4894435047317e-16   9.36227173313818
2.43567243243244   3.16675847935056   2.76481059618485   -1.61642612505394e-15   9.36227102639881
2.44569577577579   3.1469921578691   2.76481034833684   -2.66583310069031e-15   9.36227021881804
2.45571911911913   3.12830689746818   2.76481010466164   -3.83745999944814e-15   9.36226931523211
2.46574246246247   3.11079511264055   2.7648098639757   -4.45615356533402e-15   9.36226831966599
2.47576580580582   3.09452377914226   2.76480962515031   -5.40091538177442e-15   9.36226723538354
2.48578914914916   3.07953454724562   2.7648093871024   -6.54680269530801e-15   9.36226606493381
2.4958124924925   3.06584467142636   2.76480914878592   -7.5746464615731e-15   9.3622648101931
2.50583583583585   3.05344865406197   2.76480890918361   -8.45264684465477e-15   9.36226347240263
2.51585917917919   3.0423204751382   2.76480866729912   -9.12135656902703e-15   9.36226205220132
2.52588252252253   3.03241626377588   2.7648084221494   -9.25867973237096e-15   9.36226054965341
2.53590586586588   3.02367726072798   2.76480817275727   -9.43454952165394e-15   9.36225896427017
2.54592920920922   3.01603292330095   2.7648079181439   -9.43456188707041e-15   9.36225729502499
2.55595255255257   3.00940403430667   2.76480765732118   -9.65146758730195e-15   9.36225554036047
2.56597589589591   3.0037056931133   2.76480738928334   -9.57432231345645e-15   9.36225369818505
2.57599923923925   2.99885008784937   2.76480711299742   -9.48690320196283e-15   9.36225176585484
2.5860225825826   2.99474897145719   2.76480682739114   -9.51888426038244e-15   9.36224974013216
2.59604592592594   2.99131578878765   2.76480653133607   -9.60765982370654e-15   9.36224761710513
2.60606926926928   2.9884674256753   2.76480622362177   -9.82861439928496e-15   9.36224539203782
2.61609261261263   2.98612557261098   2.76480590291295   -9.6814449904432e-15   9.36224305909336
2.62611595595597   2.98421771425937   2.76480556767421   -9.66788225509119e-15   9.36224061081989
2.63613929929931   2.98267777103027   2.76480521603343   -9.80721744859375e-15   9.36223803718895
2.64616264264266   2.98144642992373   2.76480484552819   -1.01191810117089e-14   9.36223532378534
2.656185985986   2.98047120894919   2.76480445262952   -1.01081799756788e-14   9.36223244838265
2.66620932932934   2.97970630281921   2.76480403184105   -1.02017068093627e-14   9.36222937444419
2.67623267267269   2.97911225774546   2.76480357398878   -1.01484162740412e-14   9.36222603876232
2.68625601601603   2.97865552048102   2.76480306296673   -1.02534415871473e-14   9.36222232791995
2.69627935935937   2.9783079016634   2.76480246953774   -1.0254196679259e-14   9.36221803343158
2.70630270270272   2.97804598620792   2.76480173951626   -1.01489598769629e-14   9.36221276621509
2.71632604604606   2.97785051372396   2.76480077123459   -1.00086080204006e-14   9.36220579348394
2.7263493893894   2.9777057385814   2.76479937256591   -1.00455139915942e-14   9.36219572764939
2.73637273273275   2.97759875969655   2.76479717895   -9.84697184616514e-15   9.36217993292246
2.74639607607609   2.97751877882242   2.76479349702905   -9.4979491310941e-15   9.3621533934183
2.75641941941943   2.97745619222652   2.76478700638081   -9.15958914681433e-15   9.36210655408565
2.76644276276278   2.97740132308117   2.76477519056944   -9.2587893074935e-15   9.36202120239378
2.77646610610612   2.97734242039146   2.76475325187059   -8.95964051214171e-15   9.36186261319019
2.78648944944946   2.97726220798869   2.76471204112564   -8.86364749160309e-15   9.36156456720611
2.79651279279281   2.97713161769068   2.76463410904629   -8.88229259031452e-15   9.36100078214647
2.80653613613615   2.9768981061125   2.76448617453344   -8.94744470036585e-15   9.35993044803121
2.81655947947949   2.9764636082195   2.76420475971244   -9.11920651798654e-15   9.35789444719859
2.82658282282284   2.97564273178161   2.76366879502341   -9.39222080194426e-15   9.35401779856848
2.83660616616618   2.97408340494966   2.76264738609755   -9.54084920439702e-15   9.34663428880487
2.84662950950952   2.97111652235694   2.76070026129554   -9.26733024899574e-15   9.33257578307835
2.85665285285287   2.96547248335007   2.75698817528514   -9.33401381081268e-15   9.30583587113838
2.86667619619621   2.95475230245083   2.74991235711625   -8.9627603777967e-15   9.25509034137609
2.87669953953955   2.9344610356701   2.73643087186758   -8.67196980169743e-15   9.15921661212493
2.8867228828829   2.8963143360485   2.71077027800127   -7.99554682459761e-15   8.9796265484535
2.89674622622624   2.82553195551075   2.66203027058887   -7.58903601768916e-15   8.64866151737938
2.90676956956958   2.69742783672851   2.56987472791983   -7.06362662329981e-15   8.05727941567137
2.91679291291293   2.4763058937342   2.39747929223099   -6.25893837816279e-15   7.06020206369475
2.92681625625627   2.12723975959696   2.08362825057657   -4.99080896756876e-15   5.55128248899965
2.93683959959962   1.66036363076491   1.5535567695071   -3.04745738096048e-15   3.67742339002587
2.94686294294296   1.19628231800256   0.828680349099842   -1.08604824078022e-15   2.04094985952085
2.9568862862863   0.911460441325115   0.241478082032785   -8.84087371055986e-17   1.23260210079118
2.96690962962965   0.819101425116493   0.0396137308803213   -5.84170326736995e-19   1.03452995184482
2.97693297297299   0.802573656696291   0.0052904705332181   -2.88593763472861e-22   1.00452124160778
2.98695631631633   0.800331779400617   0.000681833131650043   -7.9428542210374e-27   1.00058089249025
2.99697965965968   0.800042549670602   8.74423640715069e-05   -2.46346519121131e-32   1.00007446648542
3.00700300300302   0.80000545333889   1.12069638586751e-05   -6.10387520670264e-39   1.00000954341795
3.01702634634636   0.800000698864476   1.43621158413276e-06   -1.13746582944256e-46   1.00000122301406
3.02704968968971   0.800000089560988   1.8405360635043e-07   -1.55256737945856e-55   1.00000015673175
3.03707303303305   0.800000011477418   2.35868345399249e-08   -1.65434595176877e-65   1.00000002008548
3.04709637637639   0.800000001470854   3.02269869211111e-09   -1.80490694442586e-76   1.00000000257399
3.05711971971974   0.800000000188493   3.87364056325788e-10   -1.59199103223023e-88   1.00000000032986
3.06714306306308   0.800000000024155   4.96408503581745e-11   -1.16121967244812e-101   1.00000000004227
3.07716640640642   0.800000000003095   6.36101197820251e-12   -7.50271348281085e-116   1.00000000000542
3.08718974974977   0.800000000000396   8.14684610648288e-13   -4.44715033852035e-131   1.00000000000069
3.09721309309311   0.800000000000051   1.04107064072035e-13   -2.13396795706268e-147   1.00000000000009
3.10723643643645   0.800000000000006   1.31447912893387e-14   -7.94332622095577e-165   1.00000000000001
3.1172597797798   0.800000000000001   1.53342720801109e-15   -2.07007571101322e-183   1
3.12728312312314   0.8   1.26468217068397e-16   -3.25516335116791e-203   1
3.13730646646648   0.8   0   0   1
3.14732980980983   0.8   0   0   1
3.15735315315317   0.8   0   0   1
3.16737649649651   0.8   0   0   1
3.17739983983986   0.8   0   0   1
3.1874231831832   0.8   0   0   1
3.19744652652654   0.8   0   0   1
3.20746986986989   0.8   0   0   1
3.21749321321323   0.8   0   0   1
3.22751655655657   0.8   0   0   1
3.23753989989992   0.8   0   0   1
3.24756324324326   0.8   0   0   1
3.2575865865866   0.8   0   0   1
3.26760992992995   0.8   0   0   1
3.27763327327329   0.8   0   0   1
3.28765661661664   0.8   0   0   1
3.29767995995998   0.8   0   0   1
3.30770330330332   0.8   0   0   1
3.31772664664667   0.8   0   0   1
3.32774998999001   0.8   0   0   1
3.33777333333335   0.8   0   0   1
3.3477966766767   0.8   0   0   1
3.35782002002004   0.8   0   0   1
3.36784336336338   0.8   0   0   1
3.37786670670673   0.8   0   0   1
3.38789005005007   0.8   0   0   1
3.39791339339341   0.8   0   0   1
3.40793673673676   0.8   0   0   1
3.4179600800801   0.8   0   0   1
3.42798342342344   0.8   0   0   1
3.43800676676679   0.8   0   0   1
3.44803011011013   0.8   0   0   1
3.45805345345347   0.8   0   0   1
3.46807679679682   0.8   0   0   1
3.47810014014016   0.8   0   0   1
3.4881234834835   0.8   0   0   1
3.49814682682685   0.8   0   0   1
3.50817017017019   0.8   0   0   1
3.51819351351353   0.8   0   0   1
3.52821685685688   0.8   0   0   1
3.53824020020022   0.8   0   0   1
3.54826354354356   0.8   0   0   1
3.55828688688691   0.8   0   0   1
3.56831023023025   0.8   0   0   1
3.57833357357359   0.8   0   0   1
3.58835691691694   0.8   0   0   1
3.59838026026028   0.8   0   0   1
3.60840360360362   0.8   0   0   1
3.61842694694697   0.8   0   0   1
3.62845029029031   0.8   0   0   1
3.63847363363366   0.8   0   0   1
3.648496976977   0.8   0   0   1
3.65852032032034   0.8   0   0   1
3.66854366366369   0.8   0   0   1
3.67856700700703   0.8   0   0   1
3.68859035035037   0.8   0   0   1
3.69861369369372   0.8   0   0   1
3.70863703703706   0.8   0   0   1
3.7186603803804   0.8   0   0   1
3.72868372372375   0.8   0   0   1
3.73870706706709   0.8   0   0   1
3.74873041041043   0.8   0   0   1
3.75875375375378   0.8   0   0   1
3.76877709709712   0.8   0   0   1
3.77880044044046   0.8   0   0   1
3.78882378378381   0.8   0   0   1
3.79884712712715   0.8   0   0   1
3.80887047047049   0.8   0   0   1
3.81889381381384   0.8   0   0   1
3.82891715715718   0.8   0   0   1
3.83894050050052   0.8   0   0   1
3.84896384384387   0.8   0   0   1
3.85898718718721   0.8   0   0   1
3.86901053053055   0.8   0   0   1
3.8790338738739   0.8   0   0   1
3.88905721721724   0.8   0   0   1
3.89908056056058   0.8   0   0   1
3.90910390390393   0.8   0   0   1
3.91912724724727   0.8   0   0   1
3.92915059059061   0.8   0   0   1
3.93917393393396   0.8   0   0   1
3.9491972772773   0.8   0   0   1
3.95922062062064   0.8   0   0   1
3.96924396396399   0.8   0   0   1
3.97926730730733   0.8   0   0   1
3.98929065065068   0.8   0   0   1
3.99931399399402   0.8   0   0   1
4.00933733733736   0.8   0   0   1
4.01936068068071   0.8   0   0   1
4.02938402402405   0.8   0   0   1
4.03940736736739   0.8   0   0   1
4.04943071071074   0.8   0   0   1
4.05945405405408   0.8   0   0   1
4.06947739739742   0.8   0   0   1
4.07950074074077   0.8   0   0   1
4.08952408408411   0.8   0   0   1
4.09954742742745   0.8   0   0   1
4.1095707707708   0.8   0   0   1
4.11959411411414   0.8   0   0   1
4.12961745745748   0.8   0   0   1
4.13964080080083   0.8   0   0   1
4.14966414414417   0.8   0   0   1
4.15968748748751   0.8   0   0   1
4.16971083083086   0.8   0   0   1
4.1797341741742   0.8   0   0   1
4.18975751751754   0.8   0   0   1
4.19978086086089   0.8   0   0   1
4.20980420420423   0.8   0   0   1
4.21982754754757   0.8   0   0   1
4.22985089089092   0.8   0   0   1
4.23987423423426   0.8   0   0   1
4.2498975775776   0.8   0   0   1
4.25992092092095   0.8   0   0   1
4.26994426426429   0.8   0   0   1
4.27996760760763   0.8   0   0   1
4.28999095095098   0.8   0   0   1
4.30001429429432   0.8   0   0   1
4.31003763763766   0.8   0   0   1
4.32006098098101   0.8   0   0   1
4.33008432432435   0.8   0   0   1
4.3401076676677   0.8   0   0   1
4.35013101101104   0.8   0   0   1
4.36015435435438   0.8   0   0   1
4.37017769769773   0.8   0   0   1
4.38020104104107   0.8   0   0   1
4.39022438438441   0.8   0   0   1
4.40024772772776   0.8   0   0   1
4.4102710710711   0.8   0   0   1
4.42029441441444   0.8   0   0   1
4.43031775775779   0.8   0   0   1
4.44034110110113   0.8   0   0   1
4.45036444444447   0.8   0   0   1
4.46038778778782   0.8   0   0   1
4.47041113113116   0.8   0   0   1
4.4804344744745   0.8   0   0   1
4.49045781781785   0.8   0   0   1
4.50048116116119   0.8   0   0   1
4.51050450450453   0.8   0   0   1
4.52052784784788   0.8   0   0   1
4.53055119119122   0.8   0   0   1
4.54057453453456   0.8   0   0   1
4.55059787787791   0.8   0   0   1
4.56062122122125   0.8   0   0   1
4.57064456456459   0.8   0   0   1
4.58066790790794   0.8   0   0   1
4.59069125125128   0.8   0   0   1
4.60071459459462   0.8   0   0   1
4.61073793793797   0.8   0   0   1
4.62076128128131   0.8   0   0   1
4.63078462462465   0.8   0   0   1
4.640807967968   0.8   0   0   1
4.65083131131134   0.8   0   0   1
4.66085465465468   0.8   0   0   1
4.67087799799803   0.8   0   0   1
4.68090134134137   0.8   0   0   1
4.69092468468472   0.8   0   0   1
4.70094802802806   0.8   0   0   1
4.7109713713714   0.8   0   0   1
4.72099471471475   0.8   0   0   1
4.73101805805809   0.8   0   0   1
4.74104140140143   0.8   0   0   1
4.75106474474478   0.8   0   0   1
4.76108808808812   0.8   0   0   1
4.77111143143146   0.8   0   0   1
4.78113477477481   0.8   0   0   1
4.79115811811815   0.8   0   0   1
4.80118146146149   0.8   0   0   1
4.81120480480484   0.8   0   0   1
4.82122814814818   0.8   0   0   1
4.83125149149152   0.8   0   0   1
4.84127483483487   0.8   0   0   1
4.85129817817821   0.8   0   0   1
4.86132152152155   0.8   0   0   1
4.8713448648649   0.8   0   0   1
4.88136820820824   0.8   0   0   1
4.89139155155158   0.8   0   0   1
4.90141489489493   0.8   0   0   1
4.91143823823827   0.8   0   0   1
4.92146158158161   0.8   0   0   1
4.93148492492496   0.8   0   0   1
4.9415082682683   0.8   0   0   1
4.95153161161164   0.8   0   0   1
4.96155495495499   0.8   0   0   1
4.97157829829833   0.8   0   0   1
4.98160164164167   0.8   0   0   1
4.99162498498502   0.8   0   0   1
5.00164832832836   0.8   0   0   1
5.0116716716717   0.8   0   0   1
5.02169501501505   0.8   0   0   1
5.03171835835839   0.8   0   0   1
5.04174170170173   0.8   0   0   1
5.05176504504508   0.8   0   0   1
5.06178838838842   0.8   0   0   1
5.07181173173177   0.8   0   0   1
5.08183507507511   0.8   0   0   1
5.09185841841845   0.8   0   0   1
5.1018817617618   0.8   0   0   1
5.11190510510514   0.8   0   0   1
5.12192844844848   0.8   0   0   1
5.13195179179183   0.8   0   0   1
5.14197513513517   0.8   0   0   1
5.15199847847851   0.8   0   0   1
5.16202182182186   0.8   0   0   1
5.1720451651652   0.8   0   0   1
5.18206850850854   0.8   0   0   1
5.19209185185189   0.8   0   0   1
5.20211519519523   0.8   0   0   1
5.21213853853857   0.8   0   0   1
5.22216188188192   0.8   0   0   1
5.23218522522526   0.8   0   0   1
5.2422085685686   0.8   0   0   1
5.25223191191195   0.8   0   0   1
5.26225525525529   0.8   0   0   1
5.27227859859863   0.8   0   0   1
5.28230194194198   0.8   0   0   1
5.29232528528532   0.8   0   0   1
5.30234862862866   0.8   0   0   1
5.31237197197201   0.8   0   0   1
5.32239531531535   0.8   0   0   1
5.33241865865869   0.8   0   0   1
5.34244200200204   0.8   0   0   1
5.35246534534538   0.8   0   0   1
5.36248868868872   0.8   0   0   1
5.37251203203207   0.8   0   0   1
5.38253537537541   0.8   0   0   1
5.39255871871875   0.8   0   0   1
5.4025820620621   0.8   0   0   1
5.41260540540544   0.8   0   0   1
5.42262874874879   0.8   0   0   1
5.43265209209213   0.8   0   0   1
5.44267543543547   0.8   0   0   1
5.45269877877882   0.8   0   0   1
5.46272212212216   0.8   0   0   1
5.4727454654655   0.8   0   0   1
5.48276880880885   0.8   0   0   1
5.49279215215219   0.8   0   0   1
5.50281549549553   0.8   0   0   1
5.51283883883888   0.8   0   0   1
5.52286218218222   0.8   0   0   1
5.53288552552556   0.8   0   0   1
5.54290886886891   0.8   0   0   1
5.55293221221225   0.8   0   0   1
5.56295555555559   0.8   0   0   1
5.57297889889894   0.8   0   0   1
5.58300224224228   0.8   0   0   1
5.59302558558562   0.8   0   0   1
5.60304892892897   0.8   0   0   1
5.61307227227231   0.8   0   0   1
5.62309561561565   0.8   0   0   1
5.633118958959   0.8   0   0   1
5.64314230230234   0.8   0   0   1
5.65316564564568   0.8   0   0   1
5.66318898898903   0.8   0   0   1
5.67321233233237   0.8   0   0   1
5.68323567567571   0.8   0   0   1
5.69325901901906   0.8   0   0   1
5.7032823623624   0.8   0   0   1
5.71330570570574   0.8   0   0   1
5.72332904904909   0.8   0   0   1
5.73335239239243   0.8   0   0   1
5.74337573573577   0.8   0   0   1
5.75339907907912   0.8   0   0   1
5.76342242242246   0.8   0   0   1
5.77344576576581   0.8   0   0   1
5.78346910910915   0.8   0   0   1
5.79349245245249   0.8   0   0   1
5.80351579579584   0.8   0   0   1
5.81353913913918   0.8   0   0   1
5.82356248248252   0.8   0   0   1
5.83358582582587   0.8   0   0   1
5.84360916916921   0.8   0   0   1
5.85363251251255   0.8   0   0   1
5.8636558558559   0.8   0   0   1
5.87367919919924   0.8   0   0   1
5.88370254254258   0.8   0   0   1
5.89372588588593   0.8   0   0   1
5.90374922922927   0.8   0   0   1
5.91377257257261   0.8   0   0   1
5.92379591591596   0.8   0   0   1
5.9338192592593   0.8   0   0   1
5.94384260260264   0.8   0   0   1
5.95386594594599   0.8   0   0   1
5.96388928928933   0.8   0   0   1
5.97391263263267   0.8   0   0   1
5.98393597597602   0.8   0   0   1
5.99395931931936   0.8   0   0   1
6.0039826626627   0.8   0   0   1
6.01400600600605   0.8   0   0   1
6.02402934934939   0.8   0   0   1
6.03405269269273   0.8   0   0   1
6.04407603603608   0.8   0   0   1
6.05409937937942   0.8   0   0   1
6.06412272272276   0.8   0   0   1
6.07414606606611   0.8   0   0   1
6.08416940940945   0.8   0   0   1
6.09419275275279   0.8   0   0   1
6.10421609609614   0.8   0   0   1
6.11423943943948   0.8   0   0   1
6.12426278278283   0.8   0   0   1
6.13428612612617   0.8   0   0   1
6.14430946946951   0.8   0   0   1
6.15433281281286   0.8   0   0   1
6.1643561561562   0.8   0   0   1
6.17437949949954   0.8   0   0   1
6.18440284284289   0.8   0   0   1
6.19442618618623   0.8   0   0   1
6.20444952952957   0.8   0   0   1
6.21447287287292   0.8   0   0   1
6.22449621621626   0.8   0   0   1
6.2345195595596   0.8   0   0   1
6.24454290290295   0.8   0   0   1
6.25456624624629   0.8   0   0   1
6.26458958958963   0.8   0   0   1
6.27461293293298   0.8   0   0   1
6.28463627627632   0.8   0   0   1
6.29465961961966   0.8   0   0   1
6.30468296296301   0.8   0   0   1
6.31470630630635   0.8   0   0   1
6.32472964964969   0.8   0   0   1
6.33475299299304   0.8   0   0   1
6.34477633633638   0.8   0   0   1
6.35479967967972   0.8   0   0   1
6.36482302302307   0.8   0   0   1
6.37484636636641   0.8   0   0   1
6.38486970970975   0.8   0   0   1
6.3948930530531   0.8   0   0   1
6.40491639639644   0.8   0   0   1
6.41493973973978   0.8   0   0   1
6.42496308308313   0.8   0   0   1
6.43498642642647   0.8   0   0   1
6.44500976976981   0.8   0   0   1
6.45503311311316   0.8   0   0   1
6.4650564564565   0.8   0   0   1
6.47507979979985   0.8   0   0   1
6.48510314314319   0.8   0   0   1
6.49512648648653   0.8   0   0   1
6.50514982982988   0.8   0   0   1
6.51517317317322   0.8   0   0   1
6.52519651651656   0.8   0   0   1
6.53521985985991   0.8   0   0   1
6.54524320320325   0.8   0   0   1
6.55526654654659   0.8   0   0   1
6.56528988988994   0.8   0   0   1
6.57531323323328   0.8   0   0   1
6.58533657657662   0.8   0   0   1
6.59535991991997   0.8   0   0   1
6.60538326326331   0.8   0   0   1
6.61540660660665   0.8   0   0   1
6.62542994995   0.8   0   0   1
6.63545329329334   0.8   0   0   1
6.64547663663668   0.8   0   0   1
6.65549997998003   0.8   0   0   1
6.66552332332337   0.8   0   0   1
6.67554666666671   0.8   0   0   1
6.68557001001006   0.8   0   0   1
6.6955933533534   0.8   0   0   1
6.70561669669674   0.8   0   0   1
6.71564004004009   0.8   0   0   1
6.72566338338343   0.8   0   0   1
6.73568672672677   0.8   0   0   1
6.74571007007012   0.8   0   0   1
6.75573341341346   0.8   0   0   1
6.7657567567568   0.8   0   0   1
6.77578010010015   0.8   0   0   1
6.78580344344349   0.8   0   0   1
6.79582678678683   0.8   0   0   1
6.80585013013018   0.8   0   0   1
6.81587347347352   0.8   0   0   1
6.82589681681686   0.8   0   0   1
6.83592016016021   0.8   0   0   1
6.84594350350355   0.8   0   0   1
6.8559668468469   0.8   0   0   1
6.86599019019024   0.8   0   0   1
6.87601353353358   0.8   0   0   1
6.88603687687693   0.8   0   0   1
6.89606022022027   0.8   0   0   1
6.90608356356361   0.8   0   0   1
6.91610690690696   0.8   0   0   1
6.9261302502503   0.8   0   0   1
6.93615359359364   0.8   0   0   1
6.94617693693699   0.8   0   0   1
6.95620028028033   0.8   0   0   1
6.96622362362367   0.8   0   0   1
6.97624696696702   0.8   0   0   1
6.98627031031036   0.8   0   0   1
6.9962936536537   0.8   0   0   1
7.00631699699705   0.8   0   0   1
7.01634034034039   0.8   0   0   1
7.02636368368373   0.8   0   0   1
7.03638702702708   0.8   0   0   1
7.04641037037042   0.8   0   0   1
7.05643371371376   0.8   0   0   1
7.06645705705711   0.8   0   0   1
7.07648040040045   0.8   0   0   1
7.08650374374379   0.8   0   0   1
7.09652708708714   0.8   0   0   1
7.10655043043048   0.8   0   0   1
7.11657377377382   0.8   0   0   1
7.12659711711717   0.8   0   0   1
7.13662046046051   0.8   0   0   1
7.14664380380385   0.8   0   0   1
7.1566671471472   0.8   0   0   1
7.16669049049054   0.8   0   0   1
7.17671383383388   0.8   0   0   1
7.18673717717723   0.8   0   0   1
7.19676052052057   0.8   0   0   1
7.20678386386392   0.8   0   0   1
7.21680720720726   0.8   0   0   1
7.2268305505506   0.8   0   0   1
7.23685389389395   0.8   0   0   1
7.24687723723729   0.8   0   0   1
7.25690058058063   0.8   0   0   1
7.26692392392398   0.8   0   0   1
7.27694726726732   0.8   0   0   1
7.28697061061066   0.8   0   0   1
7.29699395395401   0.8   0   0   1
7.30701729729735   0.8   0   0   1
7.31704064064069   0.8   0   0   1
7.32706398398404   0.8   0   0   1
7.33708732732738   0.8   0   0   1
7.34711067067072   0.8   0   0   1
7.35713401401407   0.8   0   0   1
7.36715735735741   0.8   0   0   1
7.37718070070075   0.8   0   0   1
7.3872040440441   0.8   0   0   1
7.39722738738744   0.8   0   0   1
7.40725073073078   0.8   0   0   1
7.41727407407413   0.8   0   0   1
7.42729741741747   0.8   0   0   1
7.43732076076081   0.8   0   0   1
7.44734410410416   0.8   0   0   1
7.4573674474475   0.8   0   0   1
7.46739079079084   0.8   0   0   1
7.47741413413419   0.8   0   0   1
7.48743747747753   0.8   0   0   1
7.49746082082087   0.8   0   0   1
7.50748416416422   0.8   0   0   1
7.51750750750756   0.8   0   0   1
7.5275308508509   0.8   0   0   1
7.53755419419425   0.8   0   0   1
7.54757753753759   0.8   0   0   1
7.55760088088094   0.8   0   0   1
7.56762422422428   0.8   0   0   1
7.57764756756762   0.8   0   0   1
7.58767091091097   0.8   0   0   1
7.59769425425431   0.8   0   0   1
7.60771759759765   0.8   0   0   1
7.617740940941   0.8   0   0   1
7.62776428428434   0.8   0   0   1
7.63778762762768   0.8   0   0   1
7.64781097097103   0.8   0   0   1
7.65783431431437   0.8   0   0   1
7.66785765765771   0.8   0   0   1
7.67788100100106   0.8   0   0   1
7.6879043443444   0.8   0   0   1
7.69792768768774   0.8   0   0   1
7.70795103103109   0.8   0   0   1
7.71797437437443   0.8   0   0   1
7.72799771771777   0.8   0   0   1
7.73802106106112   0.8   0   0   1
7.74804440440446   0.8   0   0   1
7.7580677477478   0.8   0   0   1
7.76809109109115   0.8   0   0   1
7.77811443443449   0.8   0   0   1
7.78813777777783   0.8   0   0   1
7.79816112112118   0.8   0   0   1
7.80818446446452   0.8   0   0   1
7.81820780780786   0.8   0   0   1
7.82823115115121   0.8   0   0   1
7.83825449449455   0.8   0   0   1
7.84827783783789   0.8   0   0   1
7.85830118118124   0.8   0   0   1
7.86832452452458   0.8   0   0   1
7.87834786786792   0.8   0   0   1
7.88837121121127   0.8   0   0   1
7.89839455455461   0.8   0   0   1
7.90841789789796   0.8   0   0   1
7.9184412412413   0.8   0   0   1
7.92846458458464   0.8   0   0   1
7.93848792792799   0.8   0   0   1
7.94851127127133   0.8   0   0   1
7.95853461461467   0.8   0   0   1
7.96855795795802   0.8   0   0   1
7.97858130130136   0.8   0   0   1
7.9886046446447   0.8   0   0   1
7.99862798798805   0.8   0   0   1
8.00865133133139   0.8   0   0   1
8.01867467467473   0.8   0   0   1
8.02869801801808   0.8   0   0   1
8.03872136136142   0.8   0   0   1
8.04874470470476   0.8   0   0   1
8.05876804804811   0.8   0   0   1
8.06879139139145   0.8   0   0   1
8.07881473473479   0.8   0   0   1
8.08883807807814   0.8   0   0   1
8.09886142142148   0.8   0   0   1
8.10888476476482   0.8   0   0   1
8.11890810810817   0.8   0   0   1
8.12893145145151   0.8   0   0   1
8.13895479479485   0.8   0   0   1
8.1489781381382   0.8   0   0   1
8.15900148148154   0.8   0   0   1
8.16902482482488   0.8   0   0   1
8.17904816816823   0.8   0   0   1
8.18907151151157   0.8   0   0   1
8.19909485485491   0.8   0   0   1
8.20911819819826   0.8   0   0   1
8.2191415415416   0.8   0   0   1
8.22916488488494   0.8   0   0   1
8.23918822822829   0.8   0   0   1
8.24921157157163   0.8   0   0   1
8.25923491491498   0.8   0   0   1
8.26925825825832   0.8   0   0   1
8.27928160160166   0.8   0   0   1
8.28930494494501   0.8   0   0   1
8.29932828828835   0.8   0   0   1
8.30935163163169   0.8   0   0   1
8.31937497497504   0.8   0   0   1
8.32939831831838   0.8   0   0   1
8.33942166166172   0.8   0   0   1
8.34944500500507   0.8   0   0   1
8.35946834834841   0.8   0   0   1
8.36949169169175   0.8   0   0   1
8.3795150350351   0.8   0   0   1
8.38953837837844   0.8   0   0   1
8.39956172172178   0.8   0   0   1
8.40958506506513   0.8   0   0   1
8.41960840840847   0.8   0   0   1
8.42963175175181   0.8   0   0   1
8.43965509509516   0.8   0   0   1
8.4496784384385   0.8   0   0   1
8.45970178178184   0.8   0   0   1
8.46972512512519   0.8   0   0   1
8.47974846846853   0.8   0   0   1
8.48977181181187   0.8   0   0   1
8.49979515515522   0.8   0   0   1
8.50981849849856   0.8   0   0   1
8.5198418418419   0.8   0   0   1
8.52986518518525   0.8   0   0   1
8.53988852852859   0.8   0   0   1
8.54991187187193   0.8   0   0   1
8.55993521521528   0.8   0   0   1
8.56995855855862   0.8   0   0   1
8.57998190190196   0.8   0   0   1
8.59000524524531   0.8   0   0   1
8.60002858858865   0.8   0   0   1
8.610051931932   0.8   0   0   1
8.62007527527534   0.8   0   0   1
8.63009861861868   0.8   0   0   1
8.64012196196203   0.8   0   0   1
8.65014530530537   0.8   0   0   1
8.66016864864871   0.8   0   0   1
8.67019199199206   0.8   0   0   1
8.6802153353354   0.8   0   0   1
8.69023867867874   0.8   0   0   1
8.70026202202209   0.8   0   0   1
8.71028536536543   0.8   0   0   1
8.72030870870877   0.8   0   0   1
8.73033205205212   0.8   0   0   1
8.74035539539546   0.8   0   0   1
8.7503787387388   0.8   0   0   1
8.76040208208215   0.8   0   0   1
8.77042542542549   0.8   0   0   1
8.78044876876883   0.8   0   0   1
8.79047211211218   0.8   0   0   1
8.80049545545552   0.8   0   0   1
8.81051879879886   0.8   0   0   1
8.82054214214221   0.8   0   0   1
8.83056548548555   0.8   0   0   1
8.84058882882889   0.8   0   0   1
8.85061217217224   0.8   0   0   1
8.86063551551558   0.8   0   0   1
8.87065885885892   0.8   0   0   1
8.88068220220227   0.8   0   0   1
8.89070554554561   0.8   0   0   1
8.90072888888895   0.8   0   0   1
8.9107522322323   0.8   0   0   1
8.92077557557564   0.8   0   0   1
8.93079891891898   0.8   0   0   1
8.94082226226233   0.8   0   0   1
8.95084560560567   0.8   0   0   1
8.96086894894901   0.8   0   0   1
8.97089229229236   0.8   0   0   1
8.9809156356357   0.8   0   0   1
8.99093897897905   0.8   0   0   1
9.00096232232239   0.8   0   0   1
9.01098566566573   0.8   0   0   1
9.02100900900908   0.8   0   0   1
9.03103235235242   0.8   0   0   1
9.04105569569576   0.8   0   0   1
9.05107903903911   0.8   0   0   1
9.06110238238245   0.8   0   0   1
9.07112572572579   0.8   0   0   1
9.08114906906914   0.8   0   0   1
9.09117241241248   0.8   0   0   1
9.10119575575582   0.8   0   0   1
9.11121909909917   0.8   0   0   1
9.12124244244251   0.8   0   0   1
9.13126578578585   0.8   0   0   1
9.1412891291292   0.8   0   0   1
9.15131247247254   0.8   0   0   1
9.16133581581588   0.8   0   0   1
9.17135915915923   0.8   0   0   1
9.18138250250257   0.8   0   0   1
9.19140584584591   0.8   0   0   1
9.20142918918926   0.8   0   0   1
9.2114525325326   0.8   0   0   1
9.22147587587594   0.8   0   0   1
9.23149921921929   0.8   0   0   1
9.24152256256263   0.8   0   0   1
9.25154590590597   0.8   0   0   1
9.26156924924932   0.8   0   0   1
9.27159259259266   0.8   0   0   1
9.281615935936   0.8   0   0   1
9.29163927927935   0.8   0   0   1
9.30166262262269   0.8   0   0   1
9.31168596596603   0.8   0   0   1
9.32170930930938   0.8   0   0   1
9.33173265265272   0.8   0   0   1
9.34175599599607   0.8   0   0   1
9.35177933933941   0.8   0   0   1
9.36180268268275   0.8   0   0   1
9.3718260260261   0.8   0   0   1
9.38184936936944   0.8   0   0   1
9.39187271271278   0.8   0   0   1
9.40189605605613   0.8   0   0   1
9.41191939939947   0.8   0   0   1
9.42194274274281   0.8   0   0   1
9.43196608608616   0.8   0   0   1
9.4419894294295   0.8   0   0   1
9.45201277277284   0.8   0   0   1
9.46203611611619   0.8   0   0   1
9.47205945945953   0.8   0   0   1
9.48208280280287   0.8   0   0   1
9.49210614614622   0.8   0   0   1
9.50212948948956   0.8   0   0   1
9.5121528328329   0.8   0   0   1
9.52217617617625   0.8   0   0   1
9.53219951951959   0.8   0   0   1
9.54222286286293   0.8   0   0   1
9.55224620620628   0.8   0   0   1
9.56226954954962   0.8   0   0   1
9.57229289289296   0.8   0   0   1
9.58231623623631   0.8   0   0   1
9.59233957957965   0.8   0   0   1
9.60236292292299   0.8   0   0   1
9.61238626626634   0.8   0   0   1
9.62240960960968   0.8   0   0   1
9.63243295295302   0.8   0   0   1
9.64245629629637   0.8   0   0   1
9.65247963963971   0.8   0   0   1
9.66250298298305   0.8   0   0   1
9.6725263263264   0.8   0   0   1
9.68254966966974   0.8   0   0   1
9.69257301301309   0.8   0   0   1
9.70259635635643   0.8   0   0   1
9.71261969969977   0.8   0   0   1
9.72264304304312   0.8   0   0   1
9.73266638638646   0.8   0   0   1
9.7426897297298   0.8   0   0   1
9.75271307307315   0.8   0   0   1
9.76273641641649   0.8   0   0   1
9.77275975975983   0.8   0   0   1
9.78278310310318   0.8   0   0   1
9.79280644644652   0.8   0   0   1
9.80282978978986   0.8   0   0   1
9.81285313313321   0.8   0   0   1
9.82287647647655   0.8   0   0   1
9.83289981981989   0.8   0   0   1
9.84292316316324   0.8   0   0   1
9.85294650650658   0.8   0   0   1
9.86296984984992   0.8   0   0   1
9.87299319319327   0.8   0   0   1
9.88301653653661   0.8   0   0   1
9.89303987987995   0.8   0   0   1
9.9030632232233   0.8   0   0   1
9.91308656656664   0.8   0   0   1
9.92310990990998   0.8   0   0   1
9.93313325325333   0.8   0   0   1
9.94315659659667   0.8   0   0   1
9.95317993994001   0.8   0   0   1
9.96320328328336   0.8   0   0   1
9.9732266266267   0.8   0   0   1
9.98324996997004   0.8   0   0   1
9.99327331331339   0.8   0   0   1
10.0032966566567   0.8   0   0   1
10.0133200000001   0.8   0   0   1
