variables = x,rho,u,v,p
0   3.8571   2.6293   0   10.3333
0.0100233433433433   3.8571   2.6293   0   10.3333
0.0200466866866867   3.8571   2.6293   0   10.3333
0.03007003003003   3.8571   2.6293   0   10.3333
0.0400933733733734   3.8571   2.6293   0   10.3333
0.0501167167167167   3.8571   2.6293   0   10.3333
0.0601400600600601   3.8571   2.6293   0   10.3333
0.0701634034034034   3.8571   2.6293   0   10.3333
0.0801867467467468   3.8571   2.6293   0   10.3333
0.0902100900900901   3.8571   2.6293   0   10.3333
0.100233433433433   3.8571   2.6293   0   10.3333
0.110256776776777   3.8571   2.6293   0   10.3333
0.12028012012012   3.8571   2.6293   0   10.3333
0.130303463463463   3.8571   2.6293   0   10.3333
0.140326806806807   3.8571   2.6293   0   10.3333
0.15035015015015   3.8571   2.6293   0   10.3333
0.160373493493494   3.8571   2.6293   0   10.3333
0.170396836836837   3.8571   2.6293   0   10.3333
0.18042018018018   3.8571   2.6293   0   10.3333
0.190443523523524   3.8571   2.6293   0   10.3333
0.200466866866867   3.8571   2.6293   0   10.3333
0.21049021021021   3.8571   2.6293   0   10.3333
0.220513553553554   3.8571   2.6293   0   10.3333
0.230536896896897   3.8571   2.6293   0   10.3333
0.24056024024024   3.8571   2.6293   0   10.3333
0.250583583583584   3.8571   2.6293   0   10.3333
0.260606926926927   3.8571   2.6293   0   10.3333
0.27063027027027   3.8571   2.6293   0   10.3333
0.280653613613614   3.8571   2.6293   0   10.3333
0.290676956956957   3.8571   2.6293   0   10.3333
0.3007003003003   3.8571   2.6293   0   10.3333
0.310723643643644   3.8571   2.6293   0   10.3333
0.320746986986987   3.8571   2.6293   0   10.3333
0.330770330330331   3.8571   2.6293   0   10.3333
0.340793673673674   3.8571   2.6293   0   10.3333
0.350817017017017   3.8571   2.6293   0   10.3333
0.360840360360361   3.8571   2.6293   0   10.3333
0.370863703703704   3.8571   2.6293   0   10.3333
0.380887047047047   3.8571   2.6293   0   10.3333
0.390910390390391   3.8571   2.6293   0   10.3333
0.400933733733734   3.8571   2.6293   0   10.3333
0.410957077077078   3.8571   2.6293   0   10.3333
0.420980420420421   3.8571   2.6293   0   10.3333
0.431003763763764   3.8571   2.6293   0   10.3333
0.441027107107108   3.8571   2.6293   0   10.3333
0.451050450450451   3.8571   2.6293   0   10.3333
0.461073793793794   3.8571   2.6293   0   10.3333
0.471097137137138   3.8571   2.6293   0   10.3333
0.481120480480481   3.8571   2.6293   0   10.3333
0.491143823823825   3.8571   2.6293   0   10.3333
0.501167167167168   3.8571   2.6293   0   10.3333
0.511190510510511   3.8571   2.6293   0   10.3333
0.521213853853855   3.8571   2.6293   0   10.3333
0.531237197197198   3.8571   2.6293   0   10.3333
0.541260540540541   3.8571   2.6293   -1.00991335510169e-16   10.3333
0.551283883883884   3.85709999999998   2.62930000000001   -5.50148565914998e-17   10.3332999999999
0.561307227227228   3.85709999999994   2.62930000000004   2.78591191770743e-16   10.3332999999997
0.571330570570571   3.85709999999985   2.62930000000009   3.82350781239138e-16   10.3332999999993
0.581353913913914   3.85709999999969   2.62930000000018   4.27675422489431e-16   10.3332999999987
0.591377257257258   3.85709999999941   2.62930000000034   2.52523077615916e-16   10.3332999999974
0.601400600600601   3.8570999999989   2.62930000000064   6.39489935640194e-17   10.3332999999952
0.611423943943944   3.85709999999796   2.62930000000118   -1.83035382758229e-16   10.3332999999911
0.621447287287288   3.85709999999628   2.62930000000215   -3.30016399421434e-16   10.3332999999838
0.631470630630631   3.85709999999328   2.62930000000388   -4.14737395608013e-16   10.3332999999707
0.641493973973974   3.85709999998793   2.62930000000696   -3.33658513892867e-16   10.3332999999475
0.651517317317318   3.85709999997851   2.62930000001237   -5.31261020335526e-16   10.3332999999067
0.661540660660661   3.85709999996203   2.62930000002183   -5.6501790841555e-16   10.3332999998356
0.671564004004004   3.85709999993341   2.62930000003821   -7.75599856480425e-16   10.3332999997122
0.681587347347348   3.85709999988408   2.62930000006639   -1.0302344204503e-15   10.3332999995
0.691610690690691   3.85709999979974   2.62930000011448   -1.36301241562366e-15   10.3332999991379
0.701634034034034   3.85709999965662   2.62930000019593   -1.57196056536379e-15   10.3332999985248
0.711657377377378   3.85709999941562   2.62930000033282   -1.65638974703941e-15   10.3332999974944
0.721680720720721   3.85709999901292   2.62930000056113   -1.61917493004033e-15   10.3332999957762
0.731704064064064   3.85709999834518   2.62930000093897   -1.49155380287611e-15   10.333299992933
0.741727407407408   3.85709999724649   2.62930000155947   -1.5586598097958e-15   10.3332999882643
0.751750750750751   3.85709999545265   2.62930000257062   -1.48831914345645e-15   10.3332999806574
0.761774094094094   3.85709999254643   2.62930000420564   -1.48757630015794e-15   10.3332999683586
0.771797437437437   3.85709998787443   2.62930000682903   -1.2764231593348e-15   10.3332999486276
0.781820780780781   3.85709998042187   2.62930001100568   -1.33568629793401e-15   10.3332999172182
0.791844124124124   3.85709996862602   2.62930001760374   -1.5995359304377e-15   10.3332998676055
0.801867467467467   3.85709995010043   2.62930002794616   -1.83998108584692e-15   10.3332997898476
0.811890810810811   3.85709992123162   2.62930004403191   -2.22126684700418e-15   10.3332996689245
0.821914154154154   3.85709987659459   2.62930006885581   -2.38100579854591e-15   10.3332994823363
0.831937497497497   3.857099808114   2.62930010686637   -2.49133984828307e-15   10.3332991966666
0.841960840840841   3.85709970387231   2.62930016461476   -2.50501373334356e-15   10.3332987627104
0.851984184184184   3.85709954643309   2.62930025166558   -2.5527291847626e-15   10.3332981086392
0.862007527527527   3.8570993105059   2.62930038186204   -2.24336316764508e-15   10.3332971305071
0.872030870870871   3.85709895972764   2.62930057506551   -1.90553168452813e-15   10.333295679199
0.882054214214214   3.85709844227222   2.6293008595222   -1.72391224893332e-15   10.3332935426776
0.892077557557557   3.85709768492527   2.62930127504891   -1.64539226046948e-15   10.333290422089
0.902100900900901   3.85709658517381   2.62930187727475   -1.07471145399107e-15   10.3332858999541
0.912124244244244   3.85709500076213   2.62930274322633   -1.05014157270855e-15   10.3332793982927
0.922147587587587   3.85709273605816   2.62930397859832   -3.14949875324548e-16   10.3332701241209
0.932170930930931   3.85708952446225   2.62930572710776   2.50223506341842e-16   10.3332569993413
0.942194274274274   3.85708500598016   2.62930818238487   6.9326128961078e-16   10.3332385716397
0.952217617617617   3.85707869898254   2.62931160290085   9.4266266903206e-16   10.3332129026479
0.96224096096096   3.85706996509706   2.62931633046764   1.35440515229956e-15   10.3331774293771
0.972264304304304   3.8570579661415   2.62932281285757   1.99843625241598e-15   10.333128794835
0.982287647647647   3.85704161202555   2.62933163107329   2.18781241562299e-15   10.3330626438766
0.99231099099099   3.85701949864523   2.62934353173951   2.75226854783078e-15   10.3329733807899
1.00233433433433   3.85698983498949   2.62935946497736   2.98428446871185e-15   10.3328538859581
1.01235767767768   3.85695035899389   2.62938062794892   2.98688802356867e-15   10.3326951902505
1.02238102102102   3.8568982421289   2.62940851401672   3.15874921289276e-15   10.3324861076371
1.03240436436436   3.85682998331316   2.62944496714414   3.09267358111649e-15   10.3322128289315
1.04242770770771   3.85674129349595   2.62949224076978   2.64544968774384e-15   10.3318584825459
1.05245105105105   3.85662697314826   2.62955305992807   2.53807701535417e-15   10.3314026716331
1.06247439439439   3.85648078591133   2.62963068487643   2.59091806558544e-15   10.3308210008812
1.07249773773774   3.85629533273012   2.62972897395014   2.85560051702517e-15   10.3300846103222
1.08252108108108   3.85606193188139   2.62985244283568   3.38697207250786e-15   10.3291597375658
1.09254442442442   3.85577051131088   2.63000631697415   4.11049804898143e-15   10.3280073335322
1.10256776776777   3.85540952052279   2.63019657342763   4.48380569883058e-15   10.3265827596716
1.11259111111111   3.85496586981421   2.6304299683163   4.51722717020071e-15   10.3248355964118
1.12261445445445   3.85442490481471   2.63071404591009   5.1031485217167e-15   10.3227095927929
1.1326377977978   3.85377042398782   2.63105712567743   5.56217696862167e-15   10.3201427856083
1.14266114114114   3.85298474591479   2.63146826408017   5.78706125790005e-15   10.3170678126595
1.15268448448449   3.85204883178677   2.63195718866306   6.44710131171338e-15   10.3134124388986
1.16270782782783   3.85094246660269   2.63253420299809   7.03436883425679e-15   10.3091003063956
1.17273117117117   3.84964450018256   2.63321006226326   7.33232559323001e-15   10.3040519095779
1.18275451451452   3.84813314638595   2.63399582059087   7.23109397257838e-15   10.2981857865563
1.19277785785786   3.84638633604508   2.63490265272265   7.27093324727418e-15   10.2914199062799
1.2028012012012   3.84438211628231   2.63594165385609   6.94417225110848e-15   10.283673220534
1.21282454454455   3.84209908629396   2.63712362275589   6.61288734438906e-15   10.2748673402291
1.22284788788789   3.83951685754846   2.63845883414325   6.38230250702479e-15   10.26492828778
1.23287123123123   3.83661652483365   2.63995680699095   6.06565432202818e-15   10.2537882722613
1.24289457457458   3.83338113381173   2.64162607559981   5.99319351444592e-15   10.2413874318331
1.25291791791792   3.8297961307536   2.64347397019984   5.97951292907112e-15   10.2276754888231
1.26294126126126   3.82584978090831   2.64550641333053   5.78773520307528e-15   10.2126132666797
1.27296460460461   3.82153354343551   2.647727737461   5.68424080817771e-15   10.1961740244187
1.28298794794795   3.81684239284908   2.65014052828919   5.74619050266604e-15   10.1783445725712
1.29301129129129   3.81177507931129   2.65274549700109   5.99759523015566e-15   10.1591261443094
1.30303463463464   3.80633432268136   2.65554138357182   6.11144928381638e-15   10.1385350055779
1.31305797797798   3.80052693776337   2.65852489204238   6.22052334504258e-15   10.1166027979626
1.32308132132132   3.79436389053968   2.6616906576875   6.38193994618133e-15   10.0933766169958
1.33310466466467   3.78786028717207   2.665031245162   6.69617894524267e-15   10.068918836121
1.34312800800801   3.78103529910275   2.66853717611446   6.78188032844856e-15   10.0433066922451
1.35315135135135   3.77391202863579   2.67219698440379   6.91211588677998e-15   10.0166316525377
1.3631746946947   3.76651731991847   2.67599729694215   7.03711970363319e-15   9.98899858388631
1.37319803803804   3.75888152030433   2.6799229382908   7.09703954412268e-15   9.96052474635326
1.38322138138138   3.75103819673657   2.68395705741555   7.10431437055311e-15   9.93133863039784
1.39324472472473   3.74302381114019   2.68808127541082   6.98674034855792e-15   9.90157865491715
1.40326806806807   3.73487735797359   2.69227585346484   6.98607743702103e-15   9.87139173978855
1.41329141141141   3.72663996619979   2.69651988079481   6.57931862248977e-15   9.84093176306789
1.42331475475476   3.71835446713362   2.70079148265729   6.71489475791453e-15   9.81035790983057
1.4333380980981   3.71006492904577   2.70506804876436   7.21263196994203e-15   9.77983291734662
1.44336144144144   3.70181615919001   2.7093264824408   7.38027996267908e-15   9.74952122032923
1.45338478478479   3.69365317418514   2.71354347057933   7.35191261412178e-15   9.71958700079782
1.46340812812813   3.68562064052067   2.7176957738426   7.73060048936436e-15   9.69019214996249
1.47343147147147   3.67776228841986   2.72176053559361   8.26609078118359e-15   9.66149415463538
1.48345481481482   3.67012030438928   2.72571560671167   8.61595169226977e-15   9.63364392799036
1.49347815815816   3.6627347104482   2.72953988180806   8.92920233499782e-15   9.60678361377208
1.50350150150151   3.65564274112398   2.73321364047839   9.00982508158319e-15   9.5810444037722
1.51352484484485   3.64887823259429   2.73671888525068   8.87264757707761e-15   9.55654441971826
1.52354818818819   3.64247104154412   2.74003966599355   8.61096483462625e-15   9.53338672154501
1.53357153153154   3.63644651400548   2.74316237895902   8.78070255599997e-15   9.51165751299242
1.54359487487488   3.63082502624153   2.74607602759426   8.77547672200504e-15   9.49142462113026
1.55361821821822   3.6256216202132   2.74877243200344   8.92648753725092e-15   9.47273632731931
1.56364156156157   3.6208457549792   2.75124637467025   9.00190559857331e-15   9.45562062210785
1.57366490490491   3.61650119231355   2.75349567188007   9.09659784293589e-15   9.44008494493002
1.58368824824825   3.61258602985058   2.75552116320992   9.55651160431536e-15   9.42611645119508
1.5937115915916   3.6090928883858   2.75732661535289   1.00411285583707e-14   9.41368282521929
1.60373493493494   3.60600925200867   2.75891854114074   9.80513504388926e-15   9.4027336290717
1.61375827827828   3.60331795116422   2.76030593953688   9.56661892000269e-15   9.39320214711517
1.62378162162163   3.60099777031827   2.76149996713227   9.38878779181951e-15   9.38500765662302
1.63380496496497   3.59902415445911   2.76251355581297   9.27764998892152e-15   9.37805802925013
1.64382830830831   3.59736998295874   2.76336099436099   9.08755905580176e-15   9.37225254895109
1.65385165165166   3.59600637591095   2.76405749349217   9.46774849115257e-15   9.3674848211139
1.663874994995   3.59490349727333   2.76461875407659   9.51745324849389e-15   9.36364564621657
1.67389833833834   3.59403132097739   2.76506055705556   9.64623882254997e-15   9.36062573913956
1.68392168168169   3.59336033035575   2.76539839105255   9.85757390495465e-15   9.35831819127756
1.69394502502503   3.59286212725011   2.76564713019334   1.01569219404223e-14   9.35662059485407
1.70396836836837   3.59250993433344   2.76582077059656   1.06558216132331e-14   9.3554367749007
1.71399171171172   3.59227898177719   2.76593222978382   1.06108757355345e-14   9.35467810160261
1.72401505505506   3.59214677672682   2.76599320926634   1.04257450252284e-14   9.35426438169456
1.7340383983984   3.59209326054454   2.76601411709775   1.02035309092882e-14   9.35412435031942
1.74406174174175   3.59210086402531   2.76600404444346   1.05439968923094e-14   9.35419580284768
1.75408508508509   3.59215447456845   2.76597078830912   1.10789424970149e-14   9.35442541887986
1.76410842842843   3.59224133154174   2.76592091149613   1.15279211573164e-14   9.35476833792017
1.77413177177178   3.59235086690842   2.76585983054085   1.18037675853844e-14   9.35518754843949
1.78415511511512   3.59247450780494   2.76579192271822   1.18087368501385e-14   9.35565315002754
1.79417845845846   3.59260545642896   2.76572064399747   1.19975453108786e-14   9.35614154306363
1.80420180180181   3.59273846061475   2.76564865096507   1.20585815131869e-14   9.35663459286881
1.81422514514515   3.59286958611758   2.76557792102862   1.18089853327885e-14   9.35711880664368
1.82424848848849   3.5929959991475   2.76550986655503   1.15146207883875e-14   9.35758455251208
1.83427183183184   3.59311576528206   2.76544543987813   1.14160988153821e-14   9.35802534136658
1.84429517517518   3.5932276686928   2.76538522726165   1.08586722668837e-14   9.35843718443746
1.85431851851853   3.59333105373163   2.7653295308822   1.05529013553622e-14   9.35881803288364
1.86434186186187   3.59342568938667   2.76527843868293   1.03230518743646e-14   9.35916730036945
1.87436520520521   3.59351165593942   2.76523188254274   9.93319313644525e-15   9.35948546555518
1.88438854854856   3.59358925231598   2.76518968562136   9.87071132622031e-15   9.35977374860151
1.8944118918919   3.59365892208621   2.76515160000016   9.92346462481347e-15   9.36003385402185
1.90443523523524   3.59372119577506   2.76511733586876   9.78905715376975e-15   9.36026777132934
1.91445857857859   3.59377664705851   2.76508658353687   9.40870170845716e-15   9.36047762472681
1.92448192192193   3.59382586046929   2.76505902950611   9.20938218109825e-15   9.36066556339567
1.93450526526527   3.59386940838759   2.76503436774119   8.6161182334895e-15   9.36083368459035
1.94452860860862   3.59390783529808   2.76501230715526   8.36897365296066e-15   9.3609839826004
1.95455195195196   3.59394164752261   2.76499257618496   8.25849215175631e-15   9.36111831759253
1.9645752952953   3.59397130685898   2.76497492519039   8.58351106535244e-15   9.36123839930778
1.97459863863865   3.59399722675015   2.76495912728075   8.85592465065829e-15   9.3613457815055
1.98462198198199   3.59401976975756   2.76494497804524   8.84520186241406e-15   9.3614418638789
1.99464532532533   3.59403924520343   2.76493229456129   8.7987516791133e-15   9.36152789889727
2.00466866866868   3.5940559058714   2.76492091396239   8.79429956245342e-15   9.36160500164909
2.01469201201202   3.5940699426032   2.76491069177256   8.56647970297744e-15   9.36167416127066
2.02471535535536   3.59408147549575   2.7649015001548   8.08443220305071e-15   9.36173625295471
2.03473869869871   3.59409054018453   2.76489322617407   7.71854687231463e-15   9.36179204985359
2.04476204204205   3.59409706739219   2.7648857701395   7.02080226101685e-15   9.36184223443516
2.05478538538539   3.59410085353065   2.76487904406424   6.53736869415846e-15   9.36188740903022
2.06480872872874   3.59410151967763   2.76487297026234   5.85987486800465e-15   9.36192810543958
2.07483207207208   3.59409845572143   2.764867480089   5.1241117596365e-15   9.36196479355842
2.08485541541542   3.59409074590947   2.76486251282177   4.3931556504449e-15   9.36199788903489
2.09487875875877   3.59407707148582   2.76485801467487   3.43761699193674e-15   9.36202776001628
2.10490210210211   3.59405558561914   2.76485393793605   2.61188906915341e-15   9.36205473305685
2.11492544544545   3.59402375547746   2.76485024021368   1.99849791808451e-15   9.3620790982701
2.1249487887888   3.59397816619117   2.76484688378188   1.64034286579032e-15   9.3621011138104
2.13497213213214   3.59391428166576   2.76484383501169   1.26361982967241e-15   9.36212100976534
2.14499547547548   3.59382615787663   2.76484106387724   1.10884096646118e-15   9.36213899153461
2.15501881881883   3.59370610551781   2.76483854352696   4.21228676555286e-16   9.36215524276384
2.16504216216217   3.59354430079509   2.76483624991089   -5.88976997956449e-17   9.36216992789443
2.17506550550551   3.59332834583764   2.76483416145638   -2.31736769346774e-16   9.3621831943822
2.18508884884886   3.59304278370261   2.76483225878538   -5.09411439151798e-16   9.36219517463166
2.1951121921922   3.59266857725444   2.76483052446752   -9.28911122988007e-16   9.36220598768535
2.20513553553555   3.59218256623715   2.76482894280404   -7.24011225593529e-16   9.36221574070241
2.21515887887889   3.5915569224527   2.76482749963824   -3.27356357222716e-16   9.36222453025585
2.22518222222223   3.59075862884683   2.76482618218897   5.51940992365169e-17   9.36223244347311
2.23520556556558   3.58974901411655   2.76482497890384   6.9808941497313e-16   9.36223955904124
2.24522890890892   3.58848337972985   2.7648238793298   8.6543169184541e-16   9.36224594809479
2.25525225225226   3.58691076045282   2.76482287399863   1.14451105345189e-15   9.36225167500185
2.26527559559561   3.58497386203057   2.76482195432548   1.62209394915974e-15   9.36225679806126
2.27529893893895   3.58260921998814   2.76482111251888   1.85260986905311e-15   9.36226137012232
2.28532228228229   3.57974762107559   2.76482034150074   2.35305483371131e-15   9.36226543913656
2.29534562562564   3.57631482326385   2.76481963483518   2.71194206404024e-15   9.36226904864962
2.30536896896898   3.57223260116073   2.76481898666503   2.90979228649871e-15   9.36227223824061
2.31539231231232   3.56742013124572   2.76481839165531   2.98492139709873e-15   9.3622750439145
2.32541565565567   3.56179571567755   2.76481784494265   2.91145959057368e-15   9.36227749845307
2.33543899899901   3.55527882516649   2.7648173420901   3.02319111683093e-15   9.36227963172876
2.34546234234235   3.54779242138057   2.76481687904676   3.03811341054099e-15   9.36228147098528
2.3554856856857   3.53926549870048   2.76481645211148   2.76078662591365e-15   9.36228304108837
2.36550902902904   3.52963576519259   2.7648160579005   2.27789879763723e-15   9.36228436474971
2.37553237237238   3.51885236490557   2.76481569331819   1.7902907160788e-15   9.36228546272654
2.38555571571573   3.50687852950182   2.76481535553089   1.18254376568565e-15   9.36228635399949
2.39557905905907   3.49369403819646   2.76481504194331   5.10889836632585e-16   9.36228705593062
2.40560240240241   3.47929736214578   2.76481475017716   5.07898949778592e-17   9.3622875844038
2.41562574574576   3.46370737360237   2.76481447805189   -2.96904641269969e-16   9.36228795394914
2.4256490890891   3.44696451168456   2.7648142235672   -4.34451775847018e-16   9.36228817785324
2.43567243243244   3.42913131532042   2.76481398488709   -4.96853000078281e-16   9.36228826825684
2.44569577577579   3.41029225910856   2.76481376032541   -3.87207678267401e-16   9.36228823624148
2.45571911911913   3.39055285825309   2.76481354833247   -5.02136969517005e-16   9.36228809190636
2.46574246246247   3.37003804269189   2.76481334748292   -3.58285380199268e-16   9.36228784443692
2.47576580580582   3.34888983601948   2.76481315646448   -1.53330804064156e-16   9.36228750216627
2.48578914914916   3.32726440959376   2.7648129740676   -4.74065936667558e-17   9.36228707263056
2.4958124924925   3.30532861407068   2.76481279917585   1.91761212574208e-16   9.36228656261917
2.50583583583585   3.28325611745196   2.76481263075708   1.72149355666563e-17   9.36228597822088
2.51585917917919   3.26122329879497   2.76481246785512   2.4700310786527e-16   9.36228532486631
2.52588252252253   3.2394050587224   2.76481230958217   3.32771185027561e-16   9.36228460736776
2.53590586586588   3.21797071104307   2.76481215511165   7.87636889241687e-16   9.36228382995641
2.54592920920922   3.19708011403553   2.76481200367157   1.07677190341894e-15   9.36228299631763
2.55595255255257   3.17688018574901   2.76481185453833   1.24772023441041e-15   9.3622821096245
2.56597589589591   3.15750192610781   2.76481170703096   1.14201820119415e-15   9.36228117256973
2.57599923923925   3.13905804120202   2.76481156050569   8.25350198993152e-16   9.36228018739596
2.5860225825826   3.12164123378566   2.76481141435094   3.32966288769321e-16   9.36227915592453
2.59604592592594   3.10532319074491   2.76481126798256   -3.11862566435805e-16   9.36227807958256
2.60606926926928   3.09015426522761   2.76481112083934   -1.38428316223196e-15   9.36227695942829
2.61609261261263   3.07616382019403   2.76481097237884   -2.41633085591107e-15   9.36227579617451
2.62611595595597   3.06336117304067   2.76481082207333   -3.9364875367616e-15   9.36227459020971
2.63613929929931   3.05173705897747   2.76481066940606   -5.27340881062255e-15   9.36227334161717
2.64616264264266   3.04126551487665   2.76481051386749   -6.87514903355376e-15   9.36227205019144
2.656185985986   3.03190607576663   2.76481035495187   -8.22347115029756e-15   9.36227071545221
2.66620932932934   3.02360617297128   2.76481019215368   -9.16391431964558e-15   9.36226933665548
2.67623267267269   3.01630362564102   2.76481002496431   -9.84458675580846e-15   9.36226791280174
2.68625601601603   3.00992912530324   2.76480985286863   -1.09346134374898e-14   9.36226644264108
2.69627935935937   3.00440862504958   2.76480967534155   -1.19308610474966e-14   9.36226492467497
2.70630270270272   2.99966555991001   2.76480949184445   -1.30310317042328e-14   9.36226335715435
2.71632604604606   2.99562284162916   2.76480930182136   -1.37325016710625e-14   9.36226173807315
2.7263493893894   2.99220458829838   2.76480910469458   -1.4083620007402e-14   9.36226006515623
2.73637273273275   2.98933756606653   2.76480889985956   -1.41560690926516e-14   9.36225833583867
2.74639607607609   2.9869523355909   2.76480868667802   -1.39672871574669e-14   9.36225654723184
2.75641941941943   2.98498410934209   2.76480846446823   -1.38292635462925e-14   9.36225469606635
2.76644276276278   2.98337333691256   2.76480823248969   -1.34538353350996e-14   9.36225277859388
2.77646610610612   2.98206604388272   2.76480798991748   -1.30338329530553e-14   9.36225079041282
2.78648944944946   2.98101395555099   2.76480773579703   -1.27073330605219e-14   9.36224872615127
2.79651279279281   2.98017444007921   2.76480746896168   -1.24470280948794e-14   9.3622465788805
2.80653613613615   2.979510306607   2.76480718787967   -1.1744107702252e-14   9.36224433901649
2.81655947947949   2.97898949299552   2.7648068903666   -1.10713083826017e-14   9.36224199224808
2.82658282282284   2.97858467545293   2.76480657304178   -1.0594339212337e-14   9.36223951560995
2.83660616616618   2.97827282874576   2.76480623029606   -1.01860429144825e-14   9.36223687002008
2.84662950950952   2.97803476133166   2.76480585232834   -9.83067953020861e-15   9.36223398607493
2.85665285285287   2.97785464477336   2.76480542140578   -9.22292816423402e-15   9.36223073698558
2.86667619619621   2.97771955124242   2.76480490473584   -8.91566288667234e-15   9.36222688698722
2.87669953953955   2.97761900652395   2.76480424087553   -8.64420702271412e-15   9.36222199296419
2.8867228828829   2.9775445578951   2.76480331381298   -8.70659077315901e-15   9.36221521683428
2.89674622622624   2.97748934484175   2.76480190353361   -8.84334321852575e-15   9.36220496770553
2.90676956956958   2.97744764234841   2.76479959173026   -9.15000566228261e-15   9.36218821932495
2.91679291291293   2.97741431476871   2.76479558195015   -9.04670538279466e-15   9.36215920815506
2.92681625625627   2.97738406027983   2.76478835652989   -8.89827814069569e-15   9.36210695004097
2.93683959959962   2.97735021727529   2.76477502220615   -8.90916273378427e-15   9.36201050350734
2.94686294294296   2.97730269833116   2.76475006188563   -9.08457334583781e-15   9.36182993537515
2.9568862862863   2.97722422619006   2.76470295370336   -9.22359769987653e-15   9.36148909081578
2.96690962962965   2.97708330136038   2.76461362957056   -9.57762296900363e-15   9.36084273854063
2.97693297297299   2.97682091304563   2.76444381302908   -9.96592046966616e-15   9.35961394110824
2.98695631631633   2.97632531000396   2.76412049857499   -1.02601132775896e-14   9.35727473664084
2.99697965965968   2.97538404111528   2.76350444687031   -1.02245763172282e-14   9.35281907498841
3.00700300300302   2.9735928581395   2.76233011949265   -1.03151140202178e-14   9.34433163619133
3.01702634634636   2.97018317811158   2.76009121347918   -1.04140853685534e-14   9.32817239309546
3.02704968968971   2.96369729563008   2.75582271611856   -1.03208466714035e-14   9.29744663938507
3.03707303303305   2.95138438185757   2.74768664003007   -1.05185237682878e-14   9.2391783481964
3.04709637637639   2.92810402632454   2.73218729910137   -1.02046991424075e-14   9.1292462428569
3.05711971971974   2.88443210436859   2.70269551669542   -9.78231120503865e-15   8.9238766556051
3.06714306306308   2.80373105928721   2.64671784859649   -9.40339379300448e-15   8.54733833752544
3.07716640640642   2.65881836812547   2.54104555638053   -8.9397686977013e-15   7.88100561307841
3.08718974974977   2.41237538343795   2.34413105051444   -7.94622965721272e-15   6.77772072226846
3.09721309309311   2.0340259719785   1.9893406154918   -6.24632916766961e-15   5.16294481667344
3.10723643643645   1.55309579539917   1.40747764014709   -3.80104808337176e-15   3.27518869497015
3.1172597797798   1.11519881598143   0.673034219356687   -1.34519474087338e-15   1.78951761169969
3.12728312312314   0.878897510041068   0.169318440914799   -1.47910577516404e-16   1.15751183101425
3.13730646646648   0.81249982101825   0.0258103677526305   -5.704757328097e-19   1.02232973447544
3.14732980980983   0.801653508184445   0.00339846590075192   -1.46346530248147e-22   1.00290069848875
3.15735315315317   0.800212697968965   0.000437109776719731   -3.16038589500291e-27   1.00037233572124
3.16737649649651   0.800027270541527   5.60427445737396e-05   -7.31932205587554e-33   1.00004772532112
3.17739983983986   0.800003494979897   7.18240994432828e-06   -1.34817837655385e-39   1.00000611624558
3.1874231831832   0.800000447891363   9.20445708122019e-07   -1.90536402224022e-47   1.00000078381039
3.19744652652654   0.800000057398136   1.17956879454163e-07   -2.00310497620233e-56   1.00000010044674
3.20746986986989   0.800000007355675   1.51163874347033e-08   -1.4743375677446e-66   1.00000001287243
3.21749321321323   0.800000000942643   1.93719171042402e-09   -7.19275037977417e-78   1.00000000164962
3.22751655655657   0.800000000120801   2.48254178155559e-10   -2.66062220996486e-90   1.0000000002114
3.23753989989992   0.800000000015481   3.18139960408322e-11   -1.60336626316738e-103   1.00000000002709
3.24756324324326   0.800000000001984   4.07681191732214e-12   -7.70284409880695e-118   1.00000000000347
3.2575865865866   0.800000000000254   5.22144489464697e-13   -2.66128796440997e-133   1.00000000000044
3.26760992992995   0.800000000000032   6.65455796773628e-14   -5.53354116067438e-150   1.00000000000006
3.27763327327329   0.800000000000004   8.27571224744612e-15   -8.03163644712069e-168   1.00000000000001
3.28765661661664   0.8   9.01080401015638e-16   -1.63383969236784e-186   1
3.29767995995998   0.8   7.11379243190092e-17   -1.52818820147642e-206   1
3.30770330330332   0.8   0   0   1
3.31772664664667   0.8   0   0   1
3.32774998999001   0.8   0   0   1
3.33777333333335   0.8   0   0   1
3.3477966766767   0.8   0   0   1
3.35782002002004   0.8   0   0   1
3.36784336336338   0.8   0   0   1
3.37786670670673   0.8   0   0   1
3.38789005005007   0.8   0   0   1
3.39791339339341   0.8   0   0   1
3.40793673673676   0.8   0   0   1
3.4179600800801   0.8   0   0   1
3.42798342342344   0.8   0   0   1
3.43800676676679   0.8   0   0   1
3.44803011011013   0.8   0   0   1
3.45805345345347   0.8   0   0   1
3.46807679679682   0.8   0   0   1
3.47810014014016   0.8   0   0   1
3.4881234834835   0.8   0   0   1
3.49814682682685   0.8   0   0   1
3.50817017017019   0.8   0   0   1
3.51819351351353   0.8   0   0   1
3.52821685685688   0.8   0   0   1
3.53824020020022   0.8   0   0   1
3.54826354354356   0.8   0   0   1
3.55828688688691   0.8   0   0   1
3.56831023023025   0.8   0   0   1
3.57833357357359   0.8   0   0   1
3.58835691691694   0.8   0   0   1
3.59838026026028   0.8   0   0   1
3.60840360360362   0.8   0   0   1
3.61842694694697   0.8   0   0   1
3.62845029029031   0.8   0   0   1
3.63847363363366   0.8   0   0   1
3.648496976977   0.8   0   0   1
3.65852032032034   0.8   0   0   1
3.66854366366369   0.8   0   0   1
3.67856700700703   0.8   0   0   1
3.68859035035037   0.8   0   0   1
3.69861369369372   0.8   0   0   1
3.70863703703706   0.8   0   0   1
3.7186603803804   0.8   0   0   1
3.72868372372375   0.8   0   0   1
3.73870706706709   0.8   0   0   1
3.74873041041043   0.8   0   0   1
3.75875375375378   0.8   0   0   1
3.76877709709712   0.8   0   0   1
3.77880044044046   0.8   0   0   1
3.78882378378381   0.8   0   0   1
3.79884712712715   0.8   0   0   1
3.80887047047049   0.8   0   0   1
3.81889381381384   0.8   0   0   1
3.82891715715718   0.8   0   0   1
3.83894050050052   0.8   0   0   1
3.84896384384387   0.8   0   0   1
3.85898718718721   0.8   0   0   1
3.86901053053055   0.8   0   0   1
3.8790338738739   0.8   0   0   1
3.88905721721724   0.8   0   0   1
3.89908056056058   0.8   0   0   1
3.90910390390393   0.8   0   0   1
3.91912724724727   0.8   0   0   1
3.92915059059061   0.8   0   0   1
3.93917393393396   0.8   0   0   1
3.9491972772773   0.8   0   0   1
3.95922062062064   0.8   0   0   1
3.96924396396399   0.8   0   0   1
3.97926730730733   0.8   0   0   1
3.98929065065068   0.8   0   0   1
3.99931399399402   0.8   0   0   1
4.00933733733736   0.8   0   0   1
4.01936068068071   0.8   0   0   1
4.02938402402405   0.8   0   0   1
4.03940736736739   0.8   0   0   1
4.04943071071074   0.8   0   0   1
4.05945405405408   0.8   0   0   1
4.06947739739742   0.8   0   0   1
4.07950074074077   0.8   0   0   1
4.08952408408411   0.8   0   0   1
4.09954742742745   0.8   0   0   1
4.1095707707708   0.8   0   0   1
4.11959411411414   0.8   0   0   1
4.12961745745748   0.8   0   0   1
4.13964080080083   0.8   0   0   1
4.14966414414417   0.8   0   0   1
4.15968748748751   0.8   0   0   1
4.16971083083086   0.8   0   0   1
4.1797341741742   0.8   0   0   1
4.18975751751754   0.8   0   0   1
4.19978086086089   0.8   0   0   1
4.20980420420423   0.8   0   0   1
4.21982754754757   0.8   0   0   1
4.22985089089092   0.8   0   0   1
4.23987423423426   0.8   0   0   1
4.2498975775776   0.8   0   0   1
4.25992092092095   0.8   0   0   1
4.26994426426429   0.8   0   0   1
4.27996760760763   0.8   0   0   1
4.28999095095098   0.8   0   0   1
4.30001429429432   0.8   0   0   1
4.31003763763766   0.8   0   0   1
4.32006098098101   0.8   0   0   1
4.33008432432435   0.8   0   0   1
4.3401076676677   0.8   0   0   1
4.35013101101104   0.8   0   0   1
4.36015435435438   0.8   0   0   1
4.37017769769773   0.8   0   0   1
4.38020104104107   0.8   0   0   1
4.39022438438441   0.8   0   0   1
4.40024772772776   0.8   0   0   1
4.4102710710711   0.8   0   0   1
4.42029441441444   0.8   0   0   1
4.43031775775779   0.8   0   0   1
4.44034110110113   0.8   0   0   1
4.45036444444447   0.8   0   0   1
4.46038778778782   0.8   0   0   1
4.47041113113116   0.8   0   0   1
4.4804344744745   0.8   0   0   1
4.49045781781785   0.8   0   0   1
4.50048116116119   0.8   0   0   1
4.51050450450453   0.8   0   0   1
4.52052784784788   0.8   0   0   1
4.53055119119122   0.8   0   0   1
4.54057453453456   0.8   0   0   1
4.55059787787791   0.8   0   0   1
4.56062122122125   0.8   0   0   1
4.57064456456459   0.8   0   0   1
4.58066790790794   0.8   0   0   1
4.59069125125128   0.8   0   0   1
4.60071459459462   0.8   0   0   1
4.61073793793797   0.8   0   0   1
4.62076128128131   0.8   0   0   1
4.63078462462465   0.8   0   0   1
4.640807967968   0.8   0   0   1
4.65083131131134   0.8   0   0   1
4.66085465465468   0.8   0   0   1
4.67087799799803   0.8   0   0   1
4.68090134134137   0.8   0   0   1
4.69092468468472   0.8   0   0   1
4.70094802802806   0.8   0   0   1
4.7109713713714   0.8   0   0   1
4.72099471471475   0.8   0   0   1
4.73101805805809   0.8   0   0   1
4.74104140140143   0.8   0   0   1
4.75106474474478   0.8   0   0   1
4.76108808808812   0.8   0   0   1
4.77111143143146   0.8   0   0   1
4.78113477477481   0.8   0   0   1
4.79115811811815   0.8   0   0   1
4.80118146146149   0.8   0   0   1
4.81120480480484   0.8   0   0   1
4.82122814814818   0.8   0   0   1
4.83125149149152   0.8   0   0   1
4.84127483483487   0.8   0   0   1
4.85129817817821   0.8   0   0   1
4.86132152152155   0.8   0   0   1
4.8713448648649   0.8   0   0   1
4.88136820820824   0.8   0   0   1
4.89139155155158   0.8   0   0   1
4.90141489489493   0.8   0   0   1
4.91143823823827   0.8   0   0   1
4.92146158158161   0.8   0   0   1
4.93148492492496   0.8   0   0   1
4.9415082682683   0.8   0   0   1
4.95153161161164   0.8   0   0   1
4.96155495495499   0.8   0   0   1
4.97157829829833   0.8   0   0   1
4.98160164164167   0.8   0   0   1
4.99162498498502   0.8   0   0   1
5.00164832832836   0.8   0   0   1
5.0116716716717   0.8   0   0   1
5.02169501501505   0.8   0   0   1
5.03171835835839   0.8   0   0   1
5.04174170170173   0.8   0   0   1
5.05176504504508   0.8   0   0   1
5.06178838838842   0.8   0   0   1
5.07181173173177   0.8   0   0   1
5.08183507507511   0.8   0   0   1
5.09185841841845   0.8   0   0   1
5.1018817617618   0.8   0   0   1
5.11190510510514   0.8   0   0   1
5.12192844844848   0.8   0   0   1
5.13195179179183   0.8   0   0   1
5.14197513513517   0.8   0   0   1
5.15199847847851   0.8   0   0   1
5.16202182182186   0.8   0   0   1
5.1720451651652   0.8   0   0   1
5.18206850850854   0.8   0   0   1
5.19209185185189   0.8   0   0   1
5.20211519519523   0.8   0   0   1
5.21213853853857   0.8   0   0   1
5.22216188188192   0.8   0   0   1
5.23218522522526   0.8   0   0   1
5.2422085685686   0.8   0   0   1
5.25223191191195   0.8   0   0   1
5.26225525525529   0.8   0   0   1
5.27227859859863   0.8   0   0   1
5.28230194194198   0.8   0   0   1
5.29232528528532   0.8   0   0   1
5.30234862862866   0.8   0   0   1
5.31237197197201   0.8   0   0   1
5.32239531531535   0.8   0   0   1
5.33241865865869   0.8   0   0   1
5.34244200200204   0.8   0   0   1
5.35246534534538   0.8   0   0   1
5.36248868868872   0.8   0   0   1
5.37251203203207   0.8   0   0   1
5.38253537537541   0.8   0   0   1
5.39255871871875   0.8   0   0   1
5.4025820620621   0.8   0   0   1
5.41260540540544   0.8   0   0   1
5.42262874874879   0.8   0   0   1
5.43265209209213   0.8   0   0   1
5.44267543543547   0.8   0   0   1
5.45269877877882   0.8   0   0   1
5.46272212212216   0.8   0   0   1
5.4727454654655   0.8   0   0   1
5.48276880880885   0.8   0   0   1
5.49279215215219   0.8   0   0   1
5.50281549549553   0.8   0   0   1
5.51283883883888   0.8   0   0   1
5.52286218218222   0.8   0   0   1
5.53288552552556   0.8   0   0   1
5.54290886886891   0.8   0   0   1
5.55293221221225   0.8   0   0   1
5.56295555555559   0.8   0   0   1
5.57297889889894   0.8   0   0   1
5.58300224224228   0.8   0   0   1
5.59302558558562   0.8   0   0   1
5.60304892892897   0.8   0   0   1
5.61307227227231   0.8   0   0   1
5.62309561561565   0.8   0   0   1
5.633118958959   0.8   0   0   1
5.64314230230234   0.8   0   0   1
5.65316564564568   0.8   0   0   1
5.66318898898903   0.8   0   0   1
5.67321233233237   0.8   0   0   1
5.68323567567571   0.8   0   0   1
5.69325901901906   0.8   0   0   1
5.7032823623624   0.8   0   0   1
5.71330570570574   0.8   0   0   1
5.72332904904909   0.8   0   0   1
5.73335239239243   0.8   0   0   1
5.74337573573577   0.8   0   0   1
5.75339907907912   0.8   0   0   1
5.76342242242246   0.8   0   0   1
5.77344576576581   0.8   0   0   1
5.78346910910915   0.8   0   0   1
5.79349245245249   0.8   0   0   1
5.80351579579584   0.8   0   0   1
5.81353913913918   0.8   0   0   1
5.82356248248252   0.8   0   0   1
5.83358582582587   0.8   0   0   1
5.84360916916921   0.8   0   0   1
5.85363251251255   0.8   0   0   1
5.8636558558559   0.8   0   0   1
5.87367919919924   0.8   0   0   1
5.88370254254258   0.8   0   0   1
5.89372588588593   0.8   0   0   1
5.90374922922927   0.8   0   0   1
5.91377257257261   0.8   0   0   1
5.92379591591596   0.8   0   0   1
5.9338192592593   0.8   0   0   1
5.94384260260264   0.8   0   0   1
5.95386594594599   0.8   0   0   1
5.96388928928933   0.8   0   0   1
5.97391263263267   0.8   0   0   1
5.98393597597602   0.8   0   0   1
5.99395931931936   0.8   0   0   1
6.0039826626627   0.8   0   0   1
6.01400600600605   0.8   0   0   1
6.02402934934939   0.8   0   0   1
6.03405269269273   0.8   0   0   1
6.04407603603608   0.8   0   0   1
6.05409937937942   0.8   0   0   1
6.06412272272276   0.8   0   0   1
6.07414606606611   0.8   0   0   1
6.08416940940945   0.8   0   0   1
6.09419275275279   0.8   0   0   1
6.10421609609614   0.8   0   0   1
6.11423943943948   0.8   0   0   1
6.12426278278283   0.8   0   0   1
6.13428612612617   0.8   0   0   1
6.14430946946951   0.8   0   0   1
6.15433281281286   0.8   0   0   1
6.1643561561562   0.8   0   0   1
6.17437949949954   0.8   0   0   1
6.18440284284289   0.8   0   0   1
6.19442618618623   0.8   0   0   1
6.20444952952957   0.8   0   0   1
6.21447287287292   0.8   0   0   1
6.22449621621626   0.8   0   0   1
6.2345195595596   0.8   0   0   1
6.24454290290295   0.8   0   0   1
6.25456624624629   0.8   0   0   1
6.26458958958963   0.8   0   0   1
6.27461293293298   0.8   0   0   1
6.28463627627632   0.8   0   0   1
6.29465961961966   0.8   0   0   1
6.30468296296301   0.8   0   0   1
6.31470630630635   0.8   0   0   1
6.32472964964969   0.8   0   0   1
6.33475299299304   0.8   0   0   1
6.34477633633638   0.8   0   0   1
6.35479967967972   0.8   0   0   1
6.36482302302307   0.8   0   0   1
6.37484636636641   0.8   0   0   1
6.38486970970975   0.8   0   0   1
6.3948930530531   0.8   0   0   1
6.40491639639644   0.8   0   0   1
6.41493973973978   0.8   0   0   1
6.42496308308313   0.8   0   0   1
6.43498642642647   0.8   0   0   1
6.44500976976981   0.8   0   0   1
6.45503311311316   0.8   0   0   1
6.4650564564565   0.8   0   0   1
6.47507979979985   0.8   0   0   1
6.48510314314319   0.8   0   0   1
6.49512648648653   0.8   0   0   1
6.50514982982988   0.8   0   0   1
6.51517317317322   0.8   0   0   1
6.52519651651656   0.8   0   0   1
6.53521985985991   0.8   0   0   1
6.54524320320325   0.8   0   0   1
6.55526654654659   0.8   0   0   1
6.56528988988994   0.8   0   0   1
6.57531323323328   0.8   0   0   1
6.58533657657662   0.8   0   0   1
6.59535991991997   0.8   0   0   1
6.60538326326331   0.8   0   0   1
6.61540660660665   0.8   0   0   1
6.62542994995   0.8   0   0   1
6.63545329329334   0.8   0   0   1
6.64547663663668   0.8   0   0   1
6.65549997998003   0.8   0   0   1
6.66552332332337   0.8   0   0   1
6.67554666666671   0.8   0   0   1
6.68557001001006   0.8   0   0   1
6.6955933533534   0.8   0   0   1
6.70561669669674   0.8   0   0   1
6.71564004004009   0.8   0   0   1
6.72566338338343   0.8   0   0   1
6.73568672672677   0.8   0   0   1
6.74571007007012   0.8   0   0   1
6.75573341341346   0.8   0   0   1
6.7657567567568   0.8   0   0   1
6.77578010010015   0.8   0   0   1
6.78580344344349   0.8   0   0   1
6.79582678678683   0.8   0   0   1
6.80585013013018   0.8   0   0   1
6.81587347347352   0.8   0   0   1
6.82589681681686   0.8   0   0   1
6.83592016016021   0.8   0   0   1
6.84594350350355   0.8   0   0   1
6.8559668468469   0.8   0   0   1
6.86599019019024   0.8   0   0   1
6.87601353353358   0.8   0   0   1
6.88603687687693   0.8   0   0   1
6.89606022022027   0.8   0   0   1
6.90608356356361   0.8   0   0   1
6.91610690690696   0.8   0   0   1
6.9261302502503   0.8   0   0   1
6.93615359359364   0.8   0   0   1
6.94617693693699   0.8   0   0   1
6.95620028028033   0.8   0   0   1
6.96622362362367   0.8   0   0   1
6.97624696696702   0.8   0   0   1
6.98627031031036   0.8   0   0   1
6.9962936536537   0.8   0   0   1
7.00631699699705   0.8   0   0   1
7.01634034034039   0.8   0   0   1
7.02636368368373   0.8   0   0   1
7.03638702702708   0.8   0   0   1
7.04641037037042   0.8   0   0   1
7.05643371371376   0.8   0   0   1
7.06645705705711   0.8   0   0   1
7.07648040040045   0.8   0   0   1
7.08650374374379   0.8   0   0   1
7.09652708708714   0.8   0   0   1
7.10655043043048   0.8   0   0   1
7.11657377377382   0.8   0   0   1
7.12659711711717   0.8   0   0   1
7.13662046046051   0.8   0   0   1
7.14664380380385   0.8   0   0   1
7.1566671471472   0.8   0   0   1
7.16669049049054   0.8   0   0   1
7.17671383383388   0.8   0   0   1
7.18673717717723   0.8   0   0   1
7.19676052052057   0.8   0   0   1
7.20678386386392   0.8   0   0   1
7.21680720720726   0.8   0   0   1
7.2268305505506   0.8   0   0   1
7.23685389389395   0.8   0   0   1
7.24687723723729   0.8   0   0   1
7.25690058058063   0.8   0   0   1
7.26692392392398   0.8   0   0   1
7.27694726726732   0.8   0   0   1
7.28697061061066   0.8   0   0   1
7.29699395395401   0.8   0   0   1
7.30701729729735   0.8   0   0   1
7.31704064064069   0.8   0   0   1
7.32706398398404   0.8   0   0   1
7.33708732732738   0.8   0   0   1
7.34711067067072   0.8   0   0   1
7.35713401401407   0.8   0   0   1
7.36715735735741   0.8   0   0   1
7.37718070070075   0.8   0   0   1
7.3872040440441   0.8   0   0   1
7.39722738738744   0.8   0   0   1
7.40725073073078   0.8   0   0   1
7.41727407407413   0.8   0   0   1
7.42729741741747   0.8   0   0   1
7.43732076076081   0.8   0   0   1
7.44734410410416   0.8   0   0   1
7.4573674474475   0.8   0   0   1
7.46739079079084   0.8   0   0   1
7.47741413413419   0.8   0   0   1
7.48743747747753   0.8   0   0   1
7.49746082082087   0.8   0   0   1
7.50748416416422   0.8   0   0   1
7.51750750750756   0.8   0   0   1
7.5275308508509   0.8   0   0   1
7.53755419419425   0.8   0   0   1
7.54757753753759   0.8   0   0   1
7.55760088088094   0.8   0   0   1
7.56762422422428   0.8   0   0   1
7.57764756756762   0.8   0   0   1
7.58767091091097   0.8   0   0   1
7.59769425425431   0.8   0   0   1
7.60771759759765   0.8   0   0   1
7.617740940941   0.8   0   0   1
7.62776428428434   0.8   0   0   1
7.63778762762768   0.8   0   0   1
7.64781097097103   0.8   0   0   1
7.65783431431437   0.8   0   0   1
7.66785765765771   0.8   0   0   1
7.67788100100106   0.8   0   0   1
7.6879043443444   0.8   0   0   1
7.69792768768774   0.8   0   0   1
7.70795103103109   0.8   0   0   1
7.71797437437443   0.8   0   0   1
7.72799771771777   0.8   0   0   1
7.73802106106112   0.8   0   0   1
7.74804440440446   0.8   0   0   1
7.7580677477478   0.8   0   0   1
7.76809109109115   0.8   0   0   1
7.77811443443449   0.8   0   0   1
7.78813777777783   0.8   0   0   1
7.79816112112118   0.8   0   0   1
7.80818446446452   0.8   0   0   1
7.81820780780786   0.8   0   0   1
7.82823115115121   0.8   0   0   1
7.83825449449455   0.8   0   0   1
7.84827783783789   0.8   0   0   1
7.85830118118124   0.8   0   0   1
7.86832452452458   0.8   0   0   1
7.87834786786792   0.8   0   0   1
7.88837121121127   0.8   0   0   1
7.89839455455461   0.8   0   0   1
7.90841789789796   0.8   0   0   1
7.9184412412413   0.8   0   0   1
7.92846458458464   0.8   0   0   1
7.93848792792799   0.8   0   0   1
7.94851127127133   0.8   0   0   1
7.95853461461467   0.8   0   0   1
7.96855795795802   0.8   0   0   1
7.97858130130136   0.8   0   0   1
7.9886046446447   0.8   0   0   1
7.99862798798805   0.8   0   0   1
8.00865133133139   0.8   0   0   1
8.01867467467473   0.8   0   0   1
8.02869801801808   0.8   0   0   1
8.03872136136142   0.8   0   0   1
8.04874470470476   0.8   0   0   1
8.05876804804811   0.8   0   0   1
8.06879139139145   0.8   0   0   1
8.07881473473479   0.8   0   0   1
8.08883807807814   0.8   0   0   1
8.09886142142148   0.8   0   0   1
8.10888476476482   0.8   0   0   1
8.11890810810817   0.8   0   0   1
8.12893145145151   0.8   0   0   1
8.13895479479485   0.8   0   0   1
8.1489781381382   0.8   0   0   1
8.15900148148154   0.8   0   0   1
8.16902482482488   0.8   0   0   1
8.17904816816823   0.8   0   0   1
8.18907151151157   0.8   0   0   1
8.19909485485491   0.8   0   0   1
8.20911819819826   0.8   0   0   1
8.2191415415416   0.8   0   0   1
8.22916488488494   0.8   0   0   1
8.23918822822829   0.8   0   0   1
8.24921157157163   0.8   0   0   1
8.25923491491498   0.8   0   0   1
8.26925825825832   0.8   0   0   1
8.27928160160166   0.8   0   0   1
8.28930494494501   0.8   0   0   1
8.29932828828835   0.8   0   0   1
8.30935163163169   0.8   0   0   1
8.31937497497504   0.8   0   0   1
8.32939831831838   0.8   0   0   1
8.33942166166172   0.8   0   0   1
8.34944500500507   0.8   0   0   1
8.35946834834841   0.8   0   0   1
8.36949169169175   0.8   0   0   1
8.3795150350351   0.8   0   0   1
8.38953837837844   0.8   0   0   1
8.39956172172178   0.8   0   0   1
8.40958506506513   0.8   0   0   1
8.41960840840847   0.8   0   0   1
8.42963175175181   0.8   0   0   1
8.43965509509516   0.8   0   0   1
8.4496784384385   0.8   0   0   1
8.45970178178184   0.8   0   0   1
8.46972512512519   0.8   0   0   1
8.47974846846853   0.8   0   0   1
8.48977181181187   0.8   0   0   1
8.49979515515522   0.8   0   0   1
8.50981849849856   0.8   0   0   1
8.5198418418419   0.8   0   0   1
8.52986518518525   0.8   0   0   1
8.53988852852859   0.8   0   0   1
8.54991187187193   0.8   0   0   1
8.55993521521528   0.8   0   0   1
8.56995855855862   0.8   0   0   1
8.57998190190196   0.8   0   0   1
8.59000524524531   0.8   0   0   1
8.60002858858865   0.8   0   0   1
8.610051931932   0.8   0   0   1
8.62007527527534   0.8   0   0   1
8.63009861861868   0.8   0   0   1
8.64012196196203   0.8   0   0   1
8.65014530530537   0.8   0   0   1
8.66016864864871   0.8   0   0   1
8.67019199199206   0.8   0   0   1
8.6802153353354   0.8   0   0   1
8.69023867867874   0.8   0   0   1
8.70026202202209   0.8   0   0   1
8.71028536536543   0.8   0   0   1
8.72030870870877   0.8   0   0   1
8.73033205205212   0.8   0   0   1
8.74035539539546   0.8   0   0   1
8.7503787387388   0.8   0   0   1
8.76040208208215   0.8   0   0   1
8.77042542542549   0.8   0   0   1
8.78044876876883   0.8   0   0   1
8.79047211211218   0.8   0   0   1
8.80049545545552   0.8   0   0   1
8.81051879879886   0.8   0   0   1
8.82054214214221   0.8   0   0   1
8.83056548548555   0.8   0   0   1
8.84058882882889   0.8   0   0   1
8.85061217217224   0.8   0   0   1
8.86063551551558   0.8   0   0   1
8.87065885885892   0.8   0   0   1
8.88068220220227   0.8   0   0   1
8.89070554554561   0.8   0   0   1
8.90072888888895   0.8   0   0   1
8.9107522322323   0.8   0   0   1
8.92077557557564   0.8   0   0   1
8.93079891891898   0.8   0   0   1
8.94082226226233   0.8   0   0   1
8.95084560560567   0.8   0   0   1
8.96086894894901   0.8   0   0   1
8.97089229229236   0.8   0   0   1
8.9809156356357   0.8   0   0   1
8.99093897897905   0.8   0   0   1
9.00096232232239   0.8   0   0   1
9.01098566566573   0.8   0   0   1
9.02100900900908   0.8   0   0   1
9.03103235235242   0.8   0   0   1
9.04105569569576   0.8   0   0   1
9.05107903903911   0.8   0   0   1
9.06110238238245   0.8   0   0   1
9.07112572572579   0.8   0   0   1
9.08114906906914   0.8   0   0   1
9.09117241241248   0.8   0   0   1
9.10119575575582   0.8   0   0   1
9.11121909909917   0.8   0   0   1
9.12124244244251   0.8   0   0   1
9.13126578578585   0.8   0   0   1
9.1412891291292   0.8   0   0   1
9.15131247247254   0.8   0   0   1
9.16133581581588   0.8   0   0   1
9.17135915915923   0.8   0   0   1
9.18138250250257   0.8   0   0   1
9.19140584584591   0.8   0   0   1
9.20142918918926   0.8   0   0   1
9.2114525325326   0.8   0   0   1
9.22147587587594   0.8   0   0   1
9.23149921921929   0.8   0   0   1
9.24152256256263   0.8   0   0   1
9.25154590590597   0.8   0   0   1
9.26156924924932   0.8   0   0   1
9.27159259259266   0.8   0   0   1
9.281615935936   0.8   0   0   1
9.29163927927935   0.8   0   0   1
9.30166262262269   0.8   0   0   1
9.31168596596603   0.8   0   0   1
9.32170930930938   0.8   0   0   1
9.33173265265272   0.8   0   0   1
9.34175599599607   0.8   0   0   1
9.35177933933941   0.8   0   0   1
9.36180268268275   0.8   0   0   1
9.3718260260261   0.8   0   0   1
9.38184936936944   0.8   0   0   1
9.39187271271278   0.8   0   0   1
9.40189605605613   0.8   0   0   1
9.41191939939947   0.8   0   0   1
9.42194274274281   0.8   0   0   1
9.43196608608616   0.8   0   0   1
9.4419894294295   0.8   0   0   1
9.45201277277284   0.8   0   0   1
9.46203611611619   0.8   0   0   1
9.47205945945953   0.8   0   0   1
9.48208280280287   0.8   0   0   1
9.49210614614622   0.8   0   0   1
9.50212948948956   0.8   0   0   1
9.5121528328329   0.8   0   0   1
9.52217617617625   0.8   0   0   1
9.53219951951959   0.8   0   0   1
9.54222286286293   0.8   0   0   1
9.55224620620628   0.8   0   0   1
9.56226954954962   0.8   0   0   1
9.57229289289296   0.8   0   0   1
9.58231623623631   0.8   0   0   1
9.59233957957965   0.8   0   0   1
9.60236292292299   0.8   0   0   1
9.61238626626634   0.8   0   0   1
9.62240960960968   0.8   0   0   1
9.63243295295302   0.8   0   0   1
9.64245629629637   0.8   0   0   1
9.65247963963971   0.8   0   0   1
9.66250298298305   0.8   0   0   1
9.6725263263264   0.8   0   0   1
9.68254966966974   0.8   0   0   1
9.69257301301309   0.8   0   0   1
9.70259635635643   0.8   0   0   1
9.71261969969977   0.8   0   0   1
9.72264304304312   0.8   0   0   1
9.73266638638646   0.8   0   0   1
9.7426897297298   0.8   0   0   1
9.75271307307315   0.8   0   0   1
9.76273641641649   0.8   0   0   1
9.77275975975983   0.8   0   0   1
9.78278310310318   0.8   0   0   1
9.79280644644652   0.8   0   0   1
9.80282978978986   0.8   0   0   1
9.81285313313321   0.8   0   0   1
9.82287647647655   0.8   0   0   1
9.83289981981989   0.8   0   0   1
9.84292316316324   0.8   0   0   1
9.85294650650658   0.8   0   0   1
9.86296984984992   0.8   0   0   1
9.87299319319327   0.8   0   0   1
9.88301653653661   0.8   0   0   1
9.89303987987995   0.8   0   0   1
9.9030632232233   0.8   0   0   1
9.91308656656664   0.8   0   0   1
9.92310990990998   0.8   0   0   1
9.93313325325333   0.8   0   0   1
9.94315659659667   0.8   0   0   1
9.95317993994001   0.8   0   0   1
9.96320328328336   0.8   0   0   1
9.9732266266267   0.8   0   0   1
9.98324996997004   0.8   0   0   1
9.99327331331339   0.8   0   0   1
10.0032966566567   0.8   0   0   1
10.0133200000001   0.8   0   0   1
