variables = x,rho,u,v,p
0   3.8571   2.6293   0   10.3333
0.0100233433433433   3.8571   2.6293   0   10.3333
0.0200466866866867   3.8571   2.6293   0   10.3333
0.03007003003003   3.8571   2.6293   0   10.3333
0.0400933733733734   3.8571   2.6293   0   10.3333
0.0501167167167167   3.8571   2.6293   0   10.3333
0.0601400600600601   3.8571   2.6293   0   10.3333
0.0701634034034034   3.8571   2.6293   0   10.3333
0.0801867467467468   3.8571   2.6293   0   10.3333
0.0902100900900901   3.8571   2.6293   0   10.3333
0.100233433433433   3.8571   2.6293   0   10.3333
0.110256776776777   3.8571   2.6293   0   10.3333
0.12028012012012   3.8571   2.6293   0   10.3333
0.130303463463463   3.8571   2.6293   0   10.3333
0.140326806806807   3.8571   2.6293   0   10.3333
0.15035015015015   3.8571   2.6293   0   10.3333
0.160373493493494   3.8571   2.6293   0   10.3333
0.170396836836837   3.8571   2.6293   0   10.3333
0.18042018018018   3.8571   2.6293   0   10.3333
0.190443523523524   3.8571   2.6293   0   10.3333
0.200466866866867   3.8571   2.6293   0   10.3333
0.21049021021021   3.8571   2.6293   0   10.3333
0.220513553553554   3.8571   2.6293   0   10.3333
0.230536896896897   3.8571   2.6293   0   10.3333
0.24056024024024   3.8571   2.6293   0   10.3333
0.250583583583584   3.8571   2.6293   0   10.3333
0.260606926926927   3.8571   2.6293   0   10.3333
0.27063027027027   3.8571   2.6293   0   10.3333
0.280653613613614   3.8571   2.6293   0   10.3333
0.290676956956957   3.8571   2.6293   0   10.3333
0.3007003003003   3.8571   2.6293   0   10.3333
0.310723643643644   3.8571   2.6293   0   10.3333
0.320746986986987   3.8571   2.6293   0   10.3333
0.330770330330331   3.8571   2.6293   0   10.3333
0.340793673673674   3.8571   2.6293   0   10.3333
0.350817017017017   3.8571   2.6293   0   10.3333
0.360840360360361   3.8571   2.6293   0   10.3333
0.370863703703704   3.8571   2.6293   0   10.3333
0.380887047047047   3.8571   2.6293   0   10.3333
0.390910390390391   3.8571   2.6293   0   10.3333
0.400933733733734   3.8571   2.6293   0   10.3333
0.410957077077078   3.8571   2.6293   0   10.3333
0.420980420420421   3.8571   2.6293   0   10.3333
0.431003763763764   3.8571   2.6293   0   10.3333
0.441027107107108   3.8571   2.6293   0   10.3333
0.451050450450451   3.8571   2.6293   0   10.3333
0.461073793793794   3.8571   2.6293   0   10.3333
0.471097137137138   3.8571   2.6293   0   10.3333
0.481120480480481   3.8571   2.6293   0   10.3333
0.491143823823825   3.8571   2.6293   0   10.3333
0.501167167167168   3.8571   2.6293   0   10.3333
0.511190510510511   3.8571   2.6293   0   10.3333
0.521213853853855   3.8571   2.6293   0   10.3333
0.531237197197198   3.8571   2.6293   0   10.3333
0.541260540540541   3.8571   2.6293   -1.03995066014935e-16   10.3333
0.551283883883884   3.85709999999998   2.62930000000001   -3.57083056032193e-17   10.3332999999999
0.561307227227228   3.85709999999994   2.62930000000004   2.73966772794937e-16   10.3332999999997
0.571330570570571   3.85709999999986   2.62930000000008   -8.40810521893521e-17   10.3332999999994
0.581353913913914   3.85709999999971   2.62930000000017   -6.26265871328836e-17   10.3332999999987
0.591377257257258   3.85709999999944   2.62930000000033   -1.38195769110604e-16   10.3332999999975
0.601400600600601   3.85709999999893   2.62930000000062   -2.72933155697881e-16   10.3332999999953
0.611423943943944   3.857099999998   2.62930000000116   -3.77216147207785e-16   10.3332999999913
0.621447287287288   3.85709999999631   2.62930000000214   -6.71154255635682e-16   10.3332999999839
0.631470630630631   3.85709999999325   2.62930000000391   -8.78831316077636e-16   10.3332999999705
0.641493973973974   3.85709999998774   2.6293000000071   -1.00525903135096e-15   10.3332999999465
0.651517317317318   3.8570999999779   2.62930000001276   -1.02333653766285e-15   10.3332999999038
0.661540660660661   3.85709999996051   2.62930000002277   -1.00765467399399e-15   10.3332999998285
0.671564004004004   3.85709999992997   2.62930000004029   -1.2254854719778e-15   10.3332999996965
0.681587347347348   3.8570999998768   2.62930000007075   -1.4759648535082e-15   10.3332999994671
0.691610690690691   3.85709999978492   2.62930000012327   -1.79579654168673e-15   10.3332999990716
0.701634034034034   3.85709999962745   2.6293000002131   -2.09391090351708e-15   10.3332999983952
0.711657377377378   3.85709999935972   2.62930000036554   -2.12266048434797e-15   10.3332999972477
0.721680720720721   3.85709999890815   2.62930000062213   -2.43327598660022e-15   10.3332999953163
0.731704064064064   3.85709999815259   2.6293000010506   -2.64139808908649e-15   10.3332999920916
0.741727407407408   3.85709999689853   2.62930000176034   -2.60594027441588e-15   10.3332999867508
0.751750750750751   3.85709999483374   2.62930000292658   -2.61297857482852e-15   10.333299977976
0.761774094094094   3.85709999146145   2.62930000482752   -2.54313505932732e-15   10.3332999636751
0.771797437437437   3.85709998599798   2.62930000790107   -2.01767619785672e-15   10.3332999405556
0.781820780780781   3.85709997721787   2.62930001283054   -1.99190042512498e-15   10.3332999034806
0.791844124124124   3.85709996322154   2.62930002067282   -1.83870261865335e-15   10.3332998445058
0.801867467467467   3.85709994109027   2.6293000330483   -1.51317775930016e-15   10.3332997514529
0.811890810810811   3.8570999063789   2.62930005241943   -1.24874590170951e-15   10.3332996058179
0.821914154154154   3.85709985237735   2.62930008249515   -1.09275793787976e-15   10.3332993797335
0.831937497497497   3.85709976904669   2.62930012881221   -1.22512363490027e-15   10.3332990316055
0.841960840840841   3.85709964150179   2.62930019956203   -1.15681197343904e-15   10.3332984999051
0.851984184184184   3.85709944787004   2.62930030675456   -9.10097563736158e-16   10.333297694434
0.862007527527527   3.8570991563014   2.62930046783926   -5.76065449160798e-16   10.3332964841605
0.872030870870871   3.85709872083828   2.62930070793812   -3.63582027854695e-16   10.3332946804646
0.882054214214214   3.85709807577265   2.62930106288856   -3.76525264384521e-16   10.3332920143121
0.892077557557557   3.85709712802216   2.62930158334306   3.24429733845514e-16   10.3332881055057
0.902100900900901   3.85709574694679   2.62930234022994   8.16386293082007e-16   10.3332824217349
0.912124244244244   3.85709375090468   2.62930343194189   1.46676360158137e-15   10.3332742246793
0.922147587587587   3.85709088971478   2.62930499368575   1.79411813598674e-15   10.3332624999212
0.932170930930931   3.85708682205982   2.6293072094932   2.10085746460748e-15   10.3332458669302
0.942194274274274   3.85708108673811   2.6293103274535   2.00199544834013e-15   10.3332224649235
0.952217617617617   3.85707306656729   2.62931467877792   1.98056483138767e-15   10.3331898100479
0.96224096096096   3.85706194367794   2.62932070133281   1.91199118364694e-15   10.3331446191298
0.972264304304304   3.85704664492809   2.62932896827244   1.92830330409764e-15   10.3330825952908
0.982287647647647   3.85702577624847   2.62934022235193   1.74326075515122e-15   10.3329981711145
0.99231099099099   3.85699754491696   2.62935541639119   1.77538397378918e-15   10.3328842058869
1.00233433433433   3.85695966908759   2.62937576017983   1.90476968706782e-15   10.3327316347991
1.01235767767768   3.85690927438656   2.62940277384894   2.21773351043214e-15   10.3325290700068
1.02238102102102   3.85684277805412   2.62943834738217   2.47038445613528e-15   10.332262356113
1.03240436436436   3.85675576196181   2.62948480549258   2.94209941540594e-15   10.3319140860224
1.04242770770771   3.85664283686214   2.62954497656106   3.40965569904892e-15   10.3314630871359
1.05245105105105   3.85649750140343   2.62962226373378   3.81189383143347e-15   10.3308838923984
1.06247439439439   3.85631200071587   2.62972071563716   4.22062117883762e-15   10.330146215569
1.07249773773774   3.85607719067018   2.62984509353212   3.94614351981899e-15   10.3292144549404
1.08252108108108   3.85578241512966   2.63000093114501   4.12347696648916e-15   10.3280472541992
1.09254442442442   3.85541540454093   2.6301945829416   4.35365344077483e-15   10.3265971527432
1.10256776776777   3.85496220491161   2.63043325631755   4.30312845871746e-15   10.324810360045
1.11259111111111   3.85440714647471   2.63072502312397   4.33677283516418e-15   10.3226266891135
1.12261445445445   3.8537328610292   2.63107880618357   4.35437292070449e-15   10.3199796823322
1.1326377977978   3.85292035599234   2.63150433701253   4.509803875954e-15   10.316796958685
1.14266114114114   3.85194915156844   2.63201208185463   4.3097546070831e-15   10.3130008045258
1.15268448448449   3.85079748515766   2.63261313433356   4.07951607827824e-15   10.3085090207607
1.16270782782783   3.84944258428768   2.63331907448028   3.98144020036594e-15   10.3032360280058
1.17273117117117   3.84786100610912   2.63414179550756   3.96995513681468e-15   10.2970942186049
1.18275451451452   3.84602903806393   2.63509330137218   4.41626481535031e-15   10.2899955312006
1.19277785785786   3.84392315096478   2.63618547976032   4.95021708699166e-15   10.2818532108303
1.2028012012012   3.84152049267414   2.63742985652736   5.48122742404019e-15   10.2725837062735
1.21282454454455   3.83879940809011   2.63883733870615   6.06025018169039e-15   10.2621086475301
1.22284788788789   3.8357399694348   2.6404179538819   6.52393789590642e-15   10.2503568405966
1.23287123123123   3.83232450003354   2.64218059396587   6.64910980860796e-15   10.2372662145853
1.24289457457458   3.82853807492376   2.64413277117749   6.73384239296719e-15   10.2227856578323
1.25291791791792   3.82436898270409   2.64628039339815   6.87996206079951e-15   10.2068766847497
1.26294126126126   3.81980913491247   2.64862756506191   6.69701426240486e-15   10.1895148832868
1.27296460460461   3.81485441172294   2.65117641849686   6.69432809190292e-15   10.1706911032102
1.28298794794795   3.80950493564765   2.65392697924163   6.69474789409599e-15   10.1504123570847
1.29301129129129   3.80376526797892   2.65687706745211   6.85733572065938e-15   10.1287024178764
1.30303463463464   3.79764452566668   2.66002223619388   6.66145693782171e-15   10.1056021085987
1.31305797797798   3.7911564189912   2.66335574627722   6.523699368538e-15   10.0811692895939
1.32308132132132   3.7843192125962   2.66686857640049   6.62545250889495e-15   10.0554785573021
1.33310466466467   3.77715561408639   2.67054946676327   6.80492544885378e-15   10.0286206743566
1.34312800800801   3.76969259541925   2.67438499400216   6.67151531879917e-15   10.000701754412
1.35315135135135   3.76196115274269   2.6783596752735   6.88387297188986e-15   9.97184222636155
1.3631746946947   3.75399601021223   2.68245609951953   7.62700699853409e-15   9.94217560179101
1.37319803803804   3.74583527276517   2.68665508434818   8.00026940390808e-15   9.91184706709369
1.38322138138138   3.73752003197621   2.69093585746002   8.3996981674049e-15   9.88101191815688
1.39324472472473   3.72909392812639   2.69527626208476   8.67043108538118e-15   9.84983385155336
1.40326806806807   3.72060267066294   2.69965298635576   8.81912529777828e-15   9.81848312237347
1.41329141141141   3.71209351848738   2.70404181686096   8.89994387753857e-15   9.78713457586887
1.42331475475476   3.70361472115856   2.70841791667433   9.28493818742269e-15   9.75596555856738
1.4333380980981   3.69521492229115   2.71275612791136   9.43902340073179e-15   9.72515371500547
1.44336144144144   3.68694252729679   2.71703129819841   9.34535026225538e-15   9.69487467914228
1.45338478478479   3.67884503923571   2.72121862935903   9.53044293429037e-15   9.66529967512604
1.46340812812813   3.67096836894   2.72529404509264   9.43489918048573e-15   9.63659305040987
1.47343147147147   3.66335612867203   2.72923457249487   9.20366122813627e-15   9.60890977499357
1.48345481481482   3.65604892222938   2.73301873004187   9.23091612699854e-15   9.58239295318475
1.49347815815816   3.64908364832948   2.73662691229569   9.02175604602548e-15   9.55717140773121
1.50350150150151   3.64249283792065   2.74004175930933   8.43337375881509e-15   9.53335740910562
1.51352484484485   3.63630404930114   2.74324849679621   8.03243891367895e-15   9.51104463345125
1.52354818818819   3.63053934705964   2.74623523188469   7.80649865430451e-15   9.49030643938877
1.53357153153154   3.62521489136643   2.74899318900153   7.4697331476197e-15   9.47119455475712
1.54359487487488   3.62034066261249   2.75151687136245   7.20065697044463e-15   9.45373825795925
1.55361821821822   3.61592034255554   2.75380413583242   7.35907125210324e-15   9.43794412406475
1.56364156156157   3.61195136696844   2.75585617254624   7.24364017203897e-15   9.42379638322173
1.57366490490491   3.60842515657428   2.75767738546955   7.25163087142886e-15   9.41125790932274
1.58368824824825   3.60532752336845   2.75927517567671   7.37775561390734e-15   9.4002718223795
1.5937115915916   3.60263923910472   2.76065963502555   7.51031244470154e-15   9.39076365169763
1.60373493493494   3.60033674275228   2.76184316353586   7.77585951883193e-15   9.38264397224584
1.61375827827828   3.59839295513726   2.76284002854197   8.1215278549285e-15   9.37581139718636
1.62378162162163   3.59677816266764   2.76366588708675   8.46573259741026e-15   9.37015578850529
1.63380496496497   3.59546092865697   2.76433729470907   8.51934737971751e-15   9.36556153725132
1.64382830830831   3.59440899061193   2.76487122361552   9.08019535644426e-15   9.36191076599506
1.65385165165166   3.59359010485174   2.76528461130506   9.50516280379253e-15   9.35908631832645
1.663874994995   3.59297280554461   2.76559395731974   1.01111576044614e-14   9.35697442182229
1.67389833833834   3.59252705296499   2.76581498135799   1.05792226329779e-14   9.35546693929989
1.68392168168169   3.59222475461941   2.76596235101538   1.13704284609148e-14   9.35446315515721
1.69394502502503   3.59204015195633   2.76604948241993   1.16204730108916e-14   9.35387107596553
1.70396836836837   3.59195007384824   2.76608841244686   1.16982757966463e-14   9.35360825434981
1.71399171171172   3.59193406526914   2.76608973736653   1.16110590974306e-14   9.3536021703537
1.72401505505506   3.59197440516855   2.76606260990271   1.14565486971997e-14   9.35379022353758
1.7340383983984   3.59205603127673   2.76601478483017   1.12934483047073e-14   9.35411940143788
1.74406174174175   3.5921663914897   2.76595270238064   1.09066711777219e-14   9.35454569590496
1.75408508508509   3.59229524176603   2.7658815987316   1.0646043265076e-14   9.3550333389892
1.76410842842843   3.59243440942033   2.76580563354526   1.04367137238413e-14   9.35555392558459
1.77413177177178   3.5925775386749   2.76572802570674   1.0191174693192e-14   9.35608548226186
1.78415511511512   3.59271983269188   2.76565118988561   9.92187316589574e-15   9.3566115319221
1.79417845845846   3.59285780338198   2.76557686813911   1.00656073131064e-14   9.35712019324161
1.80420180180181   3.59298903734727   2.76550625234757   9.78635581671714e-15   9.35760334331825
1.81422514514515   3.59311198357223   2.76544009471863   1.04279679021284e-14   9.35805586217795
1.82424848848849   3.59322576606857   2.76537880484996   1.11901598062387e-14   9.35847496932889
1.83427183183184   3.59333002268336   2.76532253286505   1.16419509117457e-14   9.35885965560255
1.84429517517518   3.59342476972101   2.76527123892545   1.16870686030646e-14   9.35921020816386
1.85431851851853   3.59351029089393   2.76522474998784   1.14344299871727e-14   9.35952782273326
1.86434186186187   3.59358704836068   2.76518280503859   1.13370518283174e-14   9.35981429457851
1.87436520520521   3.59365561317691   2.76514509023695   1.16000433943412e-14   9.36007177848846
1.88438854854856   3.59371661230496   2.76511126546221   1.15299515729057e-14   9.36030260749885
1.8944118918919   3.59377068933863   2.76508098372746   1.14482512703441e-14   9.36050916037011
1.90443523523524   3.59381847623566   2.76505390482058   1.14333891811729e-14   9.36069376851143
1.91445857857859   3.59386057355841   2.76502970439065   1.18136978442453e-14   9.36085865402273
1.92448192192193   3.59389753695533   2.76500807953419   1.14363968537013e-14   9.36100589164565
1.93450526526527   3.59392986783393   2.76498875176759   1.04774938905056e-14   9.36113738856388
1.94452860860862   3.59395800634879   2.7649714681108   9.80295147111142e-15   9.3612548770981
1.95455195195196   3.5939823249319   2.76495600085957   9.18234627182078e-15   9.36135991634889
1.9645752952953   3.59400312060825   2.76494214649449   8.30632007796645e-15   9.36145389972659
1.97459863863865   3.59402060425299   2.76492972406485   7.56741139393789e-15   9.361538066058
1.98462198198199   3.59403488474947   2.76491857329515   6.5445434253701e-15   9.36161351257842
1.99464532532533   3.59404594569523   2.76490855258946   5.53257509361781e-15   9.36168120861253
2.00466866866868   3.59405361187853   2.76489953705254   4.76442034520895e-15   9.36174200913354
2.01469201201202   3.59405750222345   2.76489141660366   3.47384653583015e-15   9.3617966676819
2.02471535535536   3.5940569652981   2.76488409422778   2.58694495148925e-15   9.36184584834039
2.03473869869871   3.59405099283726   2.76487748438614   1.7944794764701e-15   9.36189013661569
2.04476204204205   3.59403810610122   2.76487151159277   8.8434983728653e-16   9.36193004918163
2.05478538538539   3.59401620935304   2.76486610915382   -1.9134363256399e-16   9.36196604250808
2.06480872872874   3.59398240438347   2.76486121805973   -7.79066514537462e-16   9.3619985204417
2.07483207207208   3.59393275996469   2.7648567860177   -9.17120204192716e-16   9.36202784082699
2.08485541541542   3.59386203050643   2.76485276660977   -1.30466255362452e-15   9.36205432126639
2.09487875875877   3.59376331916752   2.76484911856227   -1.33305336384292e-15   9.36207824411866
2.10490210210211   3.59362768238861   2.76484580511256   -1.19665748013398e-15   9.36209986083069
2.11492544544545   3.59344367538798   2.76484279346043   -6.23513024955587e-16   9.36211939569036
2.1249487887888   3.59319684169782   2.76484005429254   -5.64577231261225e-16   9.36213704907949
2.13497213213214   3.59286915435229   2.76483756136972   -6.57888556628329e-16   9.36215300029622
2.14499547547548   3.59243842183039   2.76483529116843   -8.0104421602217e-17   9.36216741000794
2.15501881881883   3.59187767816414   2.76483322256854   3.91217378795214e-16   9.36218042238695
2.16504216216217   3.59115458348616   2.76483133658094   4.14671738178688e-16   9.36219216697407
2.17506550550551   3.59023086832195   2.76482961610949   5.01016097635471e-16   9.36220276030856
2.18508884884886   3.58906186161852   2.76482804574235   5.93303019544294e-16   9.36221230735705
2.1951121921922   3.58759614821904   2.76482661156877   9.87090499053638e-16   9.36222090276936
2.20513553553555   3.58577540554386   2.76482530101793   1.12754051737518e-15   9.36222863198471
2.21515887887889   3.58353447089266   2.7648241027168   1.24607197121467e-15   9.36223557220857
2.22518222222223   3.5808016893476   2.76482300636453   1.38116199157275e-15   9.36224179327687
2.23520556556558   3.57749958714893   2.76482200262143   1.48035822482907e-15   9.36224735842219
2.24522890890892   3.57354590623554   2.76482108301048   1.81975437509335e-15   9.36225232495423
2.25525225225226   3.56885502226214   2.76482023982993   1.97358122870702e-15   9.36225674486482
2.26527559559561   3.56333975101733   2.76481946607569   1.83991972796268e-15   9.36226066536661
2.27529893893895   3.55691352733876   2.76481875537224   1.51556989485108e-15   9.36226412937289
2.28532228228229   3.54949291730251   2.76481810191107   1.29514925212231e-15   9.36226717592519
2.29534562562564   3.54100039996013   2.76481750039586   8.88934677414523e-16   9.36226984057423
2.30536896896898   3.5313673308117   2.76481694599343   4.45524305670861e-16   9.36227215571926
2.31539231231232   3.52053697733384   2.76481643429001   6.56285912362421e-16   9.36227415090995
2.32541565565567   3.50846749908071   2.764815961252   7.73948787081298e-16   9.3622758531147
2.33543899899901   3.49513473290361   2.76481552319078   7.8223047690348e-16   9.36227728695901
2.34546234234235   3.48053463918059   2.76481511673111   9.50562649793836e-16   9.36227847493659
2.3554856856857   3.46468526868394   2.76481473878267   1.33689669095597e-15   9.36227943759637
2.36550902902904   3.44762812235442   2.76481438651426   1.44137737116308e-15   9.36228019370803
2.37553237237238   3.42942879766276   2.76481405733058   1.73657338516759e-15   9.36228076040832
2.38555571571573   3.41017684460224   2.76481374885095   1.71350581898535e-15   9.36228115333042
2.39557905905907   3.38998479018555   2.76481345889002   1.90135566003598e-15   9.36228138671875
2.40560240240241   3.36898633055196   2.76481318544012   2.06498590738418e-15   9.36228147353078
2.41562574574576   3.34733373192929   2.76481292665498   2.06599143361536e-15   9.36228142552785
2.4256490890891   3.3251945229958   2.76481268083483   2.22920607027978e-15   9.36228125335673
2.43567243243244   3.30274759887931   2.76481244641264   2.02297947302544e-15   9.36228096662306
2.44569577577579   3.28017888854632   2.76481222194132   2.00512133983741e-15   9.36228057395828
2.45571911911913   3.25767676051579   2.76481200608197   1.90369164348431e-15   9.36228008308098
2.46574246246247   3.2354273551191   2.76481179759287   1.81544799418976e-15   9.36227950085355
2.47576580580582   3.21361003407634   2.76481159531933   1.68160256357498e-15   9.36227883333519
2.48578914914916   3.19239312991089   2.76481139818417   1.68084759455067e-15   9.36227808583135
2.4958124924925   3.17193015939474   2.76481120517892   1.29383125113479e-15   9.36227726294045
2.50583583583585   3.15235663822826   2.76481101535554   6.74278658261152e-16   9.36227636859805
2.51585917917919   3.1337876004988   2.76481082781875   -1.59711646536909e-16   9.36227540611832
2.52588252252253   3.11631588851788   2.76481064171884   -9.17469751377882e-16   9.36227437823337
2.53590586586588   3.1000112389816   2.76481045624483   -2.28667833014474e-15   9.36227328712979
2.54592920920922   3.08492015258993   2.76481027061817   -3.53670786234688e-15   9.36227213448273
2.55595255255257   3.07106649864191   2.76481008408671   -5.07427719841508e-15   9.36227092148706
2.56597589589591   3.05845277565986   2.76480989591898   -6.68259724877408e-15   9.36226964888556
2.57599923923925   3.04706192525151   2.76480970539873   -7.96702653831754e-15   9.36226831699373
2.5860225825826   3.03685958008953   2.76480951181969   -9.23850052430261e-15   9.36226692572122
2.59604592592594   3.02779661837757   2.76480931448049   -1.00726572765774e-14   9.36226547458939
2.60606926926928   3.01981189623198   2.76480911267965   -1.10469271733227e-14   9.36226396274487
2.61609261261263   3.01283503530617   2.76480890571061   -1.17031119430527e-14   9.36226238896862
2.62611595595597   3.00678915461212   2.76480869285661   -1.21296547782769e-14   9.36226075168003
2.63613929929931   3.00159345149182   2.76480847338539   -1.24022941615034e-14   9.36225904893504
2.64616264264266   2.99716555557766   2.76480824654323   -1.25278704467627e-14   9.36225727841634
2.656185985986   2.99342359987389   2.76480801154799   -1.24567177063296e-14   9.36225543741256
2.66620932932934   2.99028797341825   2.76480776758011   -1.19406242815568e-14   9.36225352277964
2.67623267267269   2.98768273916133   2.76480751376983   -1.16791285394081e-14   9.36225153087241
2.68625601601603   2.9855367177977   2.76480724917742   -1.15257291225065e-14   9.36224945742258
2.69627935935937   2.98378425263967   2.76480697276   -1.12406632672171e-14   9.36224729731851
2.70630270270272   2.9823656818642   2.7648066833133   -1.06887506357246e-14   9.36224504420102
2.71632604604606   2.98122755246525   2.76480637936556   -1.02504203041628e-14   9.3622426897119
2.7263493893894   2.98032261511081   2.76480605898059   -9.97830657956927e-15   9.36224022208335
2.73637273273275   2.97960964110718   2.7648057193877   -9.68035220640286e-15   9.36223762347384
2.74639607607609   2.97905310219933   2.76480535628191   -9.36796767794622e-15   9.36223486491568
2.75641941941943   2.97862275142079   2.76480496249525   -9.52459723197073e-15   9.36223189671016
2.76644276276278   2.97829313906604   2.76480452546894   -9.49494966617974e-15   9.36222863014118
2.77646610610612   2.97804309241122   2.76480402243827   -9.44389368804206e-15   9.362224902631
2.78648944944946   2.97785518116417   2.76480341125469   -9.43213822833092e-15   9.36222041131278
2.79651279279281   2.97771518251767   2.76480261288556   -9.31884412881066e-15   9.36221458635734
2.80653613613615   2.97761154917504   2.76480147803882   -9.32427925727146e-15   9.36220634937924
2.81655947947949   2.97753486867355   2.76479972350517   -9.26783291876347e-15   9.36219365262784
2.82658282282284   2.97747727838085   2.76479681073483   -8.9851213743708e-15   9.36217260002309
2.83660616616618   2.97743175914735   2.7647917142258   -8.71009906142986e-15   9.36213577056938
2.84662950950952   2.97739115536097   2.76478247972583   -8.8849195012312e-15   9.36206902036837
2.85665285285287   2.97734662872867   2.76476538150648   -9.1049432531484e-15   9.36194538282566
2.86667619619621   2.97728498776022   2.7647333148814   -9.15392162433454e-15   9.36171343467354
2.87669953953955   2.97718383090172   2.76467273001243   -9.20364644798095e-15   9.36127510924731
2.8867228828829   2.97700248225971   2.76455778343969   -9.31693228481947e-15   9.36044339387059
2.89674622622624   2.97666487462165   2.7643391831953   -9.42972566703959e-15   9.35886170501979
2.90676956956958   2.97602707074699   2.76392291469582   -9.41076563613397e-15   9.35585034096109
2.91679291291293   2.97481556361817   2.76312967415948   -9.31423170663057e-15   9.35011447713527
2.92681625625627   2.97251020727019   2.761617537574   -9.4744074252854e-15   9.33919038432356
2.93683959959962   2.96812293336162   2.75873463241014   -9.49370732063986e-15   9.31840074501716
2.94686294294296   2.95978280470772   2.75323877062336   -9.7228179127364e-15   9.27890403427748
2.9568862862863   2.94397014599251   2.74276510063287   -9.6531769010841e-15   9.20412504654637
2.96690962962965   2.91414722797919   2.72281991157754   -9.19543183041294e-15   9.06348398073071
2.97693297297299   2.85846854228812   2.68489737035967   -8.85100454135192e-15   8.80230593863234
2.98695631631633   2.75651258523423   2.6130345384712   -8.52563706981996e-15   8.32881852487266
2.99697965965968   2.57657246246381   2.47788279560065   -7.6558335998975e-15   7.50853742810425
3.00700300300302   2.28039619828869   2.22840006159708   -6.30156405848307e-15   6.20307821454428
3.01702634634636   1.85253175569339   1.79034420891862   -4.48446274391053e-15   4.42630681687979
3.02704968968971   1.36522051779681   1.12259520480681   -2.18862338325459e-15   2.60280434505702
3.03707303303305   0.995485594057287   0.42547932647378   -5.82759977057518e-16   1.44661584077543
3.04709637637639   0.839932008534403   0.084003866159733   -1.47647812614691e-17   1.07491546555525
3.05711971971974   0.805705176369984   0.0117388196508553   -3.39765582762267e-20   1.01007298572447
3.06714306306308   0.800741185439715   0.00152322575861532   -6.18770392696285e-24   1.00129847317786
3.07716640640642   0.80009514242899   0.000195524100562368   -8.8039488051907e-29   1.00016652207674
3.08718974974977   0.80001219526034   2.50620510019963e-05   -9.73021222630292e-35   1.00002134208017
3.09721309309311   0.800001562887756   3.2118353054931e-06   -8.27168116800913e-42   1.00000273505972
3.10723643643645   0.800000200287697   4.11604147635838e-07   -5.24008957614214e-50   1.00000035050357
3.1172597797798   0.800000025667258   5.27478709957116e-08   -2.38212203553093e-59   1.0000000449177
3.12728312312314   0.800000003289308   6.7597390329197e-09   -7.89137733155896e-70   1.00000000575629
3.13730646646648   0.800000000421531   8.66272714841435e-10   -1.93147491677445e-81   1.00000000073768
3.14732980980983   0.80000000005402   1.11013983306464e-10   -3.26223555893601e-94   1.00000000009453
3.15735315315317   0.800000000006923   1.42262337099059e-11   -1.19951092675474e-107   1.00000000001211
3.16737649649651   0.800000000000887   1.82286700893059e-12   -3.88588906689674e-122   1.00000000000155
3.17739983983986   0.800000000000114   2.33364664333046e-13   -1.08904242500498e-137   1.0000000000002
3.1874231831832   0.800000000000014   2.96566934433688e-14   -2.55465017303568e-154   1.00000000000002
3.19744652652654   0.800000000000002   3.58061885644887e-15   -4.77184324292416e-172   1
3.20746986986989   0.8   3.55690606479945e-16   -6.08540620148212e-191   1
3.21749321321323   0.8   1.58084705024073e-17   -1.63119707080525e-211   1
3.22751655655657   0.8   0   0   1
3.23753989989992   0.8   0   0   1
3.24756324324326   0.8   0   0   1
3.2575865865866   0.8   0   0   1
3.26760992992995   0.8   0   0   1
3.27763327327329   0.8   0   0   1
3.28765661661664   0.8   0   0   1
3.29767995995998   0.8   0   0   1
3.30770330330332   0.8   0   0   1
3.31772664664667   0.8   0   0   1
3.32774998999001   0.8   0   0   1
3.33777333333335   0.8   0   0   1
3.3477966766767   0.8   0   0   1
3.35782002002004   0.8   0   0   1
3.36784336336338   0.8   0   0   1
3.37786670670673   0.8   0   0   1
3.38789005005007   0.8   0   0   1
3.39791339339341   0.8   0   0   1
3.40793673673676   0.8   0   0   1
3.4179600800801   0.8   0   0   1
3.42798342342344   0.8   0   0   1
3.43800676676679   0.8   0   0   1
3.44803011011013   0.8   0   0   1
3.45805345345347   0.8   0   0   1
3.46807679679682   0.8   0   0   1
3.47810014014016   0.8   0   0   1
3.4881234834835   0.8   0   0   1
3.49814682682685   0.8   0   0   1
3.50817017017019   0.8   0   0   1
3.51819351351353   0.8   0   0   1
3.52821685685688   0.8   0   0   1
3.53824020020022   0.8   0   0   1
3.54826354354356   0.8   0   0   1
3.55828688688691   0.8   0   0   1
3.56831023023025   0.8   0   0   1
3.57833357357359   0.8   0   0   1
3.58835691691694   0.8   0   0   1
3.59838026026028   0.8   0   0   1
3.60840360360362   0.8   0   0   1
3.61842694694697   0.8   0   0   1
3.62845029029031   0.8   0   0   1
3.63847363363366   0.8   0   0   1
3.648496976977   0.8   0   0   1
3.65852032032034   0.8   0   0   1
3.66854366366369   0.8   0   0   1
3.67856700700703   0.8   0   0   1
3.68859035035037   0.8   0   0   1
3.69861369369372   0.8   0   0   1
3.70863703703706   0.8   0   0   1
3.7186603803804   0.8   0   0   1
3.72868372372375   0.8   0   0   1
3.73870706706709   0.8   0   0   1
3.74873041041043   0.8   0   0   1
3.75875375375378   0.8   0   0   1
3.76877709709712   0.8   0   0   1
3.77880044044046   0.8   0   0   1
3.78882378378381   0.8   0   0   1
3.79884712712715   0.8   0   0   1
3.80887047047049   0.8   0   0   1
3.81889381381384   0.8   0   0   1
3.82891715715718   0.8   0   0   1
3.83894050050052   0.8   0   0   1
3.84896384384387   0.8   0   0   1
3.85898718718721   0.8   0   0   1
3.86901053053055   0.8   0   0   1
3.8790338738739   0.8   0   0   1
3.88905721721724   0.8   0   0   1
3.89908056056058   0.8   0   0   1
3.90910390390393   0.8   0   0   1
3.91912724724727   0.8   0   0   1
3.92915059059061   0.8   0   0   1
3.93917393393396   0.8   0   0   1
3.9491972772773   0.8   0   0   1
3.95922062062064   0.8   0   0   1
3.96924396396399   0.8   0   0   1
3.97926730730733   0.8   0   0   1
3.98929065065068   0.8   0   0   1
3.99931399399402   0.8   0   0   1
4.00933733733736   0.8   0   0   1
4.01936068068071   0.8   0   0   1
4.02938402402405   0.8   0   0   1
4.03940736736739   0.8   0   0   1
4.04943071071074   0.8   0   0   1
4.05945405405408   0.8   0   0   1
4.06947739739742   0.8   0   0   1
4.07950074074077   0.8   0   0   1
4.08952408408411   0.8   0   0   1
4.09954742742745   0.8   0   0   1
4.1095707707708   0.8   0   0   1
4.11959411411414   0.8   0   0   1
4.12961745745748   0.8   0   0   1
4.13964080080083   0.8   0   0   1
4.14966414414417   0.8   0   0   1
4.15968748748751   0.8   0   0   1
4.16971083083086   0.8   0   0   1
4.1797341741742   0.8   0   0   1
4.18975751751754   0.8   0   0   1
4.19978086086089   0.8   0   0   1
4.20980420420423   0.8   0   0   1
4.21982754754757   0.8   0   0   1
4.22985089089092   0.8   0   0   1
4.23987423423426   0.8   0   0   1
4.2498975775776   0.8   0   0   1
4.25992092092095   0.8   0   0   1
4.26994426426429   0.8   0   0   1
4.27996760760763   0.8   0   0   1
4.28999095095098   0.8   0   0   1
4.30001429429432   0.8   0   0   1
4.31003763763766   0.8   0   0   1
4.32006098098101   0.8   0   0   1
4.33008432432435   0.8   0   0   1
4.3401076676677   0.8   0   0   1
4.35013101101104   0.8   0   0   1
4.36015435435438   0.8   0   0   1
4.37017769769773   0.8   0   0   1
4.38020104104107   0.8   0   0   1
4.39022438438441   0.8   0   0   1
4.40024772772776   0.8   0   0   1
4.4102710710711   0.8   0   0   1
4.42029441441444   0.8   0   0   1
4.43031775775779   0.8   0   0   1
4.44034110110113   0.8   0   0   1
4.45036444444447   0.8   0   0   1
4.46038778778782   0.8   0   0   1
4.47041113113116   0.8   0   0   1
4.4804344744745   0.8   0   0   1
4.49045781781785   0.8   0   0   1
4.50048116116119   0.8   0   0   1
4.51050450450453   0.8   0   0   1
4.52052784784788   0.8   0   0   1
4.53055119119122   0.8   0   0   1
4.54057453453456   0.8   0   0   1
4.55059787787791   0.8   0   0   1
4.56062122122125   0.8   0   0   1
4.57064456456459   0.8   0   0   1
4.58066790790794   0.8   0   0   1
4.59069125125128   0.8   0   0   1
4.60071459459462   0.8   0   0   1
4.61073793793797   0.8   0   0   1
4.62076128128131   0.8   0   0   1
4.63078462462465   0.8   0   0   1
4.640807967968   0.8   0   0   1
4.65083131131134   0.8   0   0   1
4.66085465465468   0.8   0   0   1
4.67087799799803   0.8   0   0   1
4.68090134134137   0.8   0   0   1
4.69092468468472   0.8   0   0   1
4.70094802802806   0.8   0   0   1
4.7109713713714   0.8   0   0   1
4.72099471471475   0.8   0   0   1
4.73101805805809   0.8   0   0   1
4.74104140140143   0.8   0   0   1
4.75106474474478   0.8   0   0   1
4.76108808808812   0.8   0   0   1
4.77111143143146   0.8   0   0   1
4.78113477477481   0.8   0   0   1
4.79115811811815   0.8   0   0   1
4.80118146146149   0.8   0   0   1
4.81120480480484   0.8   0   0   1
4.82122814814818   0.8   0   0   1
4.83125149149152   0.8   0   0   1
4.84127483483487   0.8   0   0   1
4.85129817817821   0.8   0   0   1
4.86132152152155   0.8   0   0   1
4.8713448648649   0.8   0   0   1
4.88136820820824   0.8   0   0   1
4.89139155155158   0.8   0   0   1
4.90141489489493   0.8   0   0   1
4.91143823823827   0.8   0   0   1
4.92146158158161   0.8   0   0   1
4.93148492492496   0.8   0   0   1
4.9415082682683   0.8   0   0   1
4.95153161161164   0.8   0   0   1
4.96155495495499   0.8   0   0   1
4.97157829829833   0.8   0   0   1
4.98160164164167   0.8   0   0   1
4.99162498498502   0.8   0   0   1
5.00164832832836   0.8   0   0   1
5.0116716716717   0.8   0   0   1
5.02169501501505   0.8   0   0   1
5.03171835835839   0.8   0   0   1
5.04174170170173   0.8   0   0   1
5.05176504504508   0.8   0   0   1
5.06178838838842   0.8   0   0   1
5.07181173173177   0.8   0   0   1
5.08183507507511   0.8   0   0   1
5.09185841841845   0.8   0   0   1
5.1018817617618   0.8   0   0   1
5.11190510510514   0.8   0   0   1
5.12192844844848   0.8   0   0   1
5.13195179179183   0.8   0   0   1
5.14197513513517   0.8   0   0   1
5.15199847847851   0.8   0   0   1
5.16202182182186   0.8   0   0   1
5.1720451651652   0.8   0   0   1
5.18206850850854   0.8   0   0   1
5.19209185185189   0.8   0   0   1
5.20211519519523   0.8   0   0   1
5.21213853853857   0.8   0   0   1
5.22216188188192   0.8   0   0   1
5.23218522522526   0.8   0   0   1
5.2422085685686   0.8   0   0   1
5.25223191191195   0.8   0   0   1
5.26225525525529   0.8   0   0   1
5.27227859859863   0.8   0   0   1
5.28230194194198   0.8   0   0   1
5.29232528528532   0.8   0   0   1
5.30234862862866   0.8   0   0   1
5.31237197197201   0.8   0   0   1
5.32239531531535   0.8   0   0   1
5.33241865865869   0.8   0   0   1
5.34244200200204   0.8   0   0   1
5.35246534534538   0.8   0   0   1
5.36248868868872   0.8   0   0   1
5.37251203203207   0.8   0   0   1
5.38253537537541   0.8   0   0   1
5.39255871871875   0.8   0   0   1
5.4025820620621   0.8   0   0   1
5.41260540540544   0.8   0   0   1
5.42262874874879   0.8   0   0   1
5.43265209209213   0.8   0   0   1
5.44267543543547   0.8   0   0   1
5.45269877877882   0.8   0   0   1
5.46272212212216   0.8   0   0   1
5.4727454654655   0.8   0   0   1
5.48276880880885   0.8   0   0   1
5.49279215215219   0.8   0   0   1
5.50281549549553   0.8   0   0   1
5.51283883883888   0.8   0   0   1
5.52286218218222   0.8   0   0   1
5.53288552552556   0.8   0   0   1
5.54290886886891   0.8   0   0   1
5.55293221221225   0.8   0   0   1
5.56295555555559   0.8   0   0   1
5.57297889889894   0.8   0   0   1
5.58300224224228   0.8   0   0   1
5.59302558558562   0.8   0   0   1
5.60304892892897   0.8   0   0   1
5.61307227227231   0.8   0   0   1
5.62309561561565   0.8   0   0   1
5.633118958959   0.8   0   0   1
5.64314230230234   0.8   0   0   1
5.65316564564568   0.8   0   0   1
5.66318898898903   0.8   0   0   1
5.67321233233237   0.8   0   0   1
5.68323567567571   0.8   0   0   1
5.69325901901906   0.8   0   0   1
5.7032823623624   0.8   0   0   1
5.71330570570574   0.8   0   0   1
5.72332904904909   0.8   0   0   1
5.73335239239243   0.8   0   0   1
5.74337573573577   0.8   0   0   1
5.75339907907912   0.8   0   0   1
5.76342242242246   0.8   0   0   1
5.77344576576581   0.8   0   0   1
5.78346910910915   0.8   0   0   1
5.79349245245249   0.8   0   0   1
5.80351579579584   0.8   0   0   1
5.81353913913918   0.8   0   0   1
5.82356248248252   0.8   0   0   1
5.83358582582587   0.8   0   0   1
5.84360916916921   0.8   0   0   1
5.85363251251255   0.8   0   0   1
5.8636558558559   0.8   0   0   1
5.87367919919924   0.8   0   0   1
5.88370254254258   0.8   0   0   1
5.89372588588593   0.8   0   0   1
5.90374922922927   0.8   0   0   1
5.91377257257261   0.8   0   0   1
5.92379591591596   0.8   0   0   1
5.9338192592593   0.8   0   0   1
5.94384260260264   0.8   0   0   1
5.95386594594599   0.8   0   0   1
5.96388928928933   0.8   0   0   1
5.97391263263267   0.8   0   0   1
5.98393597597602   0.8   0   0   1
5.99395931931936   0.8   0   0   1
6.0039826626627   0.8   0   0   1
6.01400600600605   0.8   0   0   1
6.02402934934939   0.8   0   0   1
6.03405269269273   0.8   0   0   1
6.04407603603608   0.8   0   0   1
6.05409937937942   0.8   0   0   1
6.06412272272276   0.8   0   0   1
6.07414606606611   0.8   0   0   1
6.08416940940945   0.8   0   0   1
6.09419275275279   0.8   0   0   1
6.10421609609614   0.8   0   0   1
6.11423943943948   0.8   0   0   1
6.12426278278283   0.8   0   0   1
6.13428612612617   0.8   0   0   1
6.14430946946951   0.8   0   0   1
6.15433281281286   0.8   0   0   1
6.1643561561562   0.8   0   0   1
6.17437949949954   0.8   0   0   1
6.18440284284289   0.8   0   0   1
6.19442618618623   0.8   0   0   1
6.20444952952957   0.8   0   0   1
6.21447287287292   0.8   0   0   1
6.22449621621626   0.8   0   0   1
6.2345195595596   0.8   0   0   1
6.24454290290295   0.8   0   0   1
6.25456624624629   0.8   0   0   1
6.26458958958963   0.8   0   0   1
6.27461293293298   0.8   0   0   1
6.28463627627632   0.8   0   0   1
6.29465961961966   0.8   0   0   1
6.30468296296301   0.8   0   0   1
6.31470630630635   0.8   0   0   1
6.32472964964969   0.8   0   0   1
6.33475299299304   0.8   0   0   1
6.34477633633638   0.8   0   0   1
6.35479967967972   0.8   0   0   1
6.36482302302307   0.8   0   0   1
6.37484636636641   0.8   0   0   1
6.38486970970975   0.8   0   0   1
6.3948930530531   0.8   0   0   1
6.40491639639644   0.8   0   0   1
6.41493973973978   0.8   0   0   1
6.42496308308313   0.8   0   0   1
6.43498642642647   0.8   0   0   1
6.44500976976981   0.8   0   0   1
6.45503311311316   0.8   0   0   1
6.4650564564565   0.8   0   0   1
6.47507979979985   0.8   0   0   1
6.48510314314319   0.8   0   0   1
6.49512648648653   0.8   0   0   1
6.50514982982988   0.8   0   0   1
6.51517317317322   0.8   0   0   1
6.52519651651656   0.8   0   0   1
6.53521985985991   0.8   0   0   1
6.54524320320325   0.8   0   0   1
6.55526654654659   0.8   0   0   1
6.56528988988994   0.8   0   0   1
6.57531323323328   0.8   0   0   1
6.58533657657662   0.8   0   0   1
6.59535991991997   0.8   0   0   1
6.60538326326331   0.8   0   0   1
6.61540660660665   0.8   0   0   1
6.62542994995   0.8   0   0   1
6.63545329329334   0.8   0   0   1
6.64547663663668   0.8   0   0   1
6.65549997998003   0.8   0   0   1
6.66552332332337   0.8   0   0   1
6.67554666666671   0.8   0   0   1
6.68557001001006   0.8   0   0   1
6.6955933533534   0.8   0   0   1
6.70561669669674   0.8   0   0   1
6.71564004004009   0.8   0   0   1
6.72566338338343   0.8   0   0   1
6.73568672672677   0.8   0   0   1
6.74571007007012   0.8   0   0   1
6.75573341341346   0.8   0   0   1
6.7657567567568   0.8   0   0   1
6.77578010010015   0.8   0   0   1
6.78580344344349   0.8   0   0   1
6.79582678678683   0.8   0   0   1
6.80585013013018   0.8   0   0   1
6.81587347347352   0.8   0   0   1
6.82589681681686   0.8   0   0   1
6.83592016016021   0.8   0   0   1
6.84594350350355   0.8   0   0   1
6.8559668468469   0.8   0   0   1
6.86599019019024   0.8   0   0   1
6.87601353353358   0.8   0   0   1
6.88603687687693   0.8   0   0   1
6.89606022022027   0.8   0   0   1
6.90608356356361   0.8   0   0   1
6.91610690690696   0.8   0   0   1
6.9261302502503   0.8   0   0   1
6.93615359359364   0.8   0   0   1
6.94617693693699   0.8   0   0   1
6.95620028028033   0.8   0   0   1
6.96622362362367   0.8   0   0   1
6.97624696696702   0.8   0   0   1
6.98627031031036   0.8   0   0   1
6.9962936536537   0.8   0   0   1
7.00631699699705   0.8   0   0   1
7.01634034034039   0.8   0   0   1
7.02636368368373   0.8   0   0   1
7.03638702702708   0.8   0   0   1
7.04641037037042   0.8   0   0   1
7.05643371371376   0.8   0   0   1
7.06645705705711   0.8   0   0   1
7.07648040040045   0.8   0   0   1
7.08650374374379   0.8   0   0   1
7.09652708708714   0.8   0   0   1
7.10655043043048   0.8   0   0   1
7.11657377377382   0.8   0   0   1
7.12659711711717   0.8   0   0   1
7.13662046046051   0.8   0   0   1
7.14664380380385   0.8   0   0   1
7.1566671471472   0.8   0   0   1
7.16669049049054   0.8   0   0   1
7.17671383383388   0.8   0   0   1
7.18673717717723   0.8   0   0   1
7.19676052052057   0.8   0   0   1
7.20678386386392   0.8   0   0   1
7.21680720720726   0.8   0   0   1
7.2268305505506   0.8   0   0   1
7.23685389389395   0.8   0   0   1
7.24687723723729   0.8   0   0   1
7.25690058058063   0.8   0   0   1
7.26692392392398   0.8   0   0   1
7.27694726726732   0.8   0   0   1
7.28697061061066   0.8   0   0   1
7.29699395395401   0.8   0   0   1
7.30701729729735   0.8   0   0   1
7.31704064064069   0.8   0   0   1
7.32706398398404   0.8   0   0   1
7.33708732732738   0.8   0   0   1
7.34711067067072   0.8   0   0   1
7.35713401401407   0.8   0   0   1
7.36715735735741   0.8   0   0   1
7.37718070070075   0.8   0   0   1
7.3872040440441   0.8   0   0   1
7.39722738738744   0.8   0   0   1
7.40725073073078   0.8   0   0   1
7.41727407407413   0.8   0   0   1
7.42729741741747   0.8   0   0   1
7.43732076076081   0.8   0   0   1
7.44734410410416   0.8   0   0   1
7.4573674474475   0.8   0   0   1
7.46739079079084   0.8   0   0   1
7.47741413413419   0.8   0   0   1
7.48743747747753   0.8   0   0   1
7.49746082082087   0.8   0   0   1
7.50748416416422   0.8   0   0   1
7.51750750750756   0.8   0   0   1
7.5275308508509   0.8   0   0   1
7.53755419419425   0.8   0   0   1
7.54757753753759   0.8   0   0   1
7.55760088088094   0.8   0   0   1
7.56762422422428   0.8   0   0   1
7.57764756756762   0.8   0   0   1
7.58767091091097   0.8   0   0   1
7.59769425425431   0.8   0   0   1
7.60771759759765   0.8   0   0   1
7.617740940941   0.8   0   0   1
7.62776428428434   0.8   0   0   1
7.63778762762768   0.8   0   0   1
7.64781097097103   0.8   0   0   1
7.65783431431437   0.8   0   0   1
7.66785765765771   0.8   0   0   1
7.67788100100106   0.8   0   0   1
7.6879043443444   0.8   0   0   1
7.69792768768774   0.8   0   0   1
7.70795103103109   0.8   0   0   1
7.71797437437443   0.8   0   0   1
7.72799771771777   0.8   0   0   1
7.73802106106112   0.8   0   0   1
7.74804440440446   0.8   0   0   1
7.7580677477478   0.8   0   0   1
7.76809109109115   0.8   0   0   1
7.77811443443449   0.8   0   0   1
7.78813777777783   0.8   0   0   1
7.79816112112118   0.8   0   0   1
7.80818446446452   0.8   0   0   1
7.81820780780786   0.8   0   0   1
7.82823115115121   0.8   0   0   1
7.83825449449455   0.8   0   0   1
7.84827783783789   0.8   0   0   1
7.85830118118124   0.8   0   0   1
7.86832452452458   0.8   0   0   1
7.87834786786792   0.8   0   0   1
7.88837121121127   0.8   0   0   1
7.89839455455461   0.8   0   0   1
7.90841789789796   0.8   0   0   1
7.9184412412413   0.8   0   0   1
7.92846458458464   0.8   0   0   1
7.93848792792799   0.8   0   0   1
7.94851127127133   0.8   0   0   1
7.95853461461467   0.8   0   0   1
7.96855795795802   0.8   0   0   1
7.97858130130136   0.8   0   0   1
7.9886046446447   0.8   0   0   1
7.99862798798805   0.8   0   0   1
8.00865133133139   0.8   0   0   1
8.01867467467473   0.8   0   0   1
8.02869801801808   0.8   0   0   1
8.03872136136142   0.8   0   0   1
8.04874470470476   0.8   0   0   1
8.05876804804811   0.8   0   0   1
8.06879139139145   0.8   0   0   1
8.07881473473479   0.8   0   0   1
8.08883807807814   0.8   0   0   1
8.09886142142148   0.8   0   0   1
8.10888476476482   0.8   0   0   1
8.11890810810817   0.8   0   0   1
8.12893145145151   0.8   0   0   1
8.13895479479485   0.8   0   0   1
8.1489781381382   0.8   0   0   1
8.15900148148154   0.8   0   0   1
8.16902482482488   0.8   0   0   1
8.17904816816823   0.8   0   0   1
8.18907151151157   0.8   0   0   1
8.19909485485491   0.8   0   0   1
8.20911819819826   0.8   0   0   1
8.2191415415416   0.8   0   0   1
8.22916488488494   0.8   0   0   1
8.23918822822829   0.8   0   0   1
8.24921157157163   0.8   0   0   1
8.25923491491498   0.8   0   0   1
8.26925825825832   0.8   0   0   1
8.27928160160166   0.8   0   0   1
8.28930494494501   0.8   0   0   1
8.29932828828835   0.8   0   0   1
8.30935163163169   0.8   0   0   1
8.31937497497504   0.8   0   0   1
8.32939831831838   0.8   0   0   1
8.33942166166172   0.8   0   0   1
8.34944500500507   0.8   0   0   1
8.35946834834841   0.8   0   0   1
8.36949169169175   0.8   0   0   1
8.3795150350351   0.8   0   0   1
8.38953837837844   0.8   0   0   1
8.39956172172178   0.8   0   0   1
8.40958506506513   0.8   0   0   1
8.41960840840847   0.8   0   0   1
8.42963175175181   0.8   0   0   1
8.43965509509516   0.8   0   0   1
8.4496784384385   0.8   0   0   1
8.45970178178184   0.8   0   0   1
8.46972512512519   0.8   0   0   1
8.47974846846853   0.8   0   0   1
8.48977181181187   0.8   0   0   1
8.49979515515522   0.8   0   0   1
8.50981849849856   0.8   0   0   1
8.5198418418419   0.8   0   0   1
8.52986518518525   0.8   0   0   1
8.53988852852859   0.8   0   0   1
8.54991187187193   0.8   0   0   1
8.55993521521528   0.8   0   0   1
8.56995855855862   0.8   0   0   1
8.57998190190196   0.8   0   0   1
8.59000524524531   0.8   0   0   1
8.60002858858865   0.8   0   0   1
8.610051931932   0.8   0   0   1
8.62007527527534   0.8   0   0   1
8.63009861861868   0.8   0   0   1
8.64012196196203   0.8   0   0   1
8.65014530530537   0.8   0   0   1
8.66016864864871   0.8   0   0   1
8.67019199199206   0.8   0   0   1
8.6802153353354   0.8   0   0   1
8.69023867867874   0.8   0   0   1
8.70026202202209   0.8   0   0   1
8.71028536536543   0.8   0   0   1
8.72030870870877   0.8   0   0   1
8.73033205205212   0.8   0   0   1
8.74035539539546   0.8   0   0   1
8.7503787387388   0.8   0   0   1
8.76040208208215   0.8   0   0   1
8.77042542542549   0.8   0   0   1
8.78044876876883   0.8   0   0   1
8.79047211211218   0.8   0   0   1
8.80049545545552   0.8   0   0   1
8.81051879879886   0.8   0   0   1
8.82054214214221   0.8   0   0   1
8.83056548548555   0.8   0   0   1
8.84058882882889   0.8   0   0   1
8.85061217217224   0.8   0   0   1
8.86063551551558   0.8   0   0   1
8.87065885885892   0.8   0   0   1
8.88068220220227   0.8   0   0   1
8.89070554554561   0.8   0   0   1
8.90072888888895   0.8   0   0   1
8.9107522322323   0.8   0   0   1
8.92077557557564   0.8   0   0   1
8.93079891891898   0.8   0   0   1
8.94082226226233   0.8   0   0   1
8.95084560560567   0.8   0   0   1
8.96086894894901   0.8   0   0   1
8.97089229229236   0.8   0   0   1
8.9809156356357   0.8   0   0   1
8.99093897897905   0.8   0   0   1
9.00096232232239   0.8   0   0   1
9.01098566566573   0.8   0   0   1
9.02100900900908   0.8   0   0   1
9.03103235235242   0.8   0   0   1
9.04105569569576   0.8   0   0   1
9.05107903903911   0.8   0   0   1
9.06110238238245   0.8   0   0   1
9.07112572572579   0.8   0   0   1
9.08114906906914   0.8   0   0   1
9.09117241241248   0.8   0   0   1
9.10119575575582   0.8   0   0   1
9.11121909909917   0.8   0   0   1
9.12124244244251   0.8   0   0   1
9.13126578578585   0.8   0   0   1
9.1412891291292   0.8   0   0   1
9.15131247247254   0.8   0   0   1
9.16133581581588   0.8   0   0   1
9.17135915915923   0.8   0   0   1
9.18138250250257   0.8   0   0   1
9.19140584584591   0.8   0   0   1
9.20142918918926   0.8   0   0   1
9.2114525325326   0.8   0   0   1
9.22147587587594   0.8   0   0   1
9.23149921921929   0.8   0   0   1
9.24152256256263   0.8   0   0   1
9.25154590590597   0.8   0   0   1
9.26156924924932   0.8   0   0   1
9.27159259259266   0.8   0   0   1
9.281615935936   0.8   0   0   1
9.29163927927935   0.8   0   0   1
9.30166262262269   0.8   0   0   1
9.31168596596603   0.8   0   0   1
9.32170930930938   0.8   0   0   1
9.33173265265272   0.8   0   0   1
9.34175599599607   0.8   0   0   1
9.35177933933941   0.8   0   0   1
9.36180268268275   0.8   0   0   1
9.3718260260261   0.8   0   0   1
9.38184936936944   0.8   0   0   1
9.39187271271278   0.8   0   0   1
9.40189605605613   0.8   0   0   1
9.41191939939947   0.8   0   0   1
9.42194274274281   0.8   0   0   1
9.43196608608616   0.8   0   0   1
9.4419894294295   0.8   0   0   1
9.45201277277284   0.8   0   0   1
9.46203611611619   0.8   0   0   1
9.47205945945953   0.8   0   0   1
9.48208280280287   0.8   0   0   1
9.49210614614622   0.8   0   0   1
9.50212948948956   0.8   0   0   1
9.5121528328329   0.8   0   0   1
9.52217617617625   0.8   0   0   1
9.53219951951959   0.8   0   0   1
9.54222286286293   0.8   0   0   1
9.55224620620628   0.8   0   0   1
9.56226954954962   0.8   0   0   1
9.57229289289296   0.8   0   0   1
9.58231623623631   0.8   0   0   1
9.59233957957965   0.8   0   0   1
9.60236292292299   0.8   0   0   1
9.61238626626634   0.8   0   0   1
9.62240960960968   0.8   0   0   1
9.63243295295302   0.8   0   0   1
9.64245629629637   0.8   0   0   1
9.65247963963971   0.8   0   0   1
9.66250298298305   0.8   0   0   1
9.6725263263264   0.8   0   0   1
9.68254966966974   0.8   0   0   1
9.69257301301309   0.8   0   0   1
9.70259635635643   0.8   0   0   1
9.71261969969977   0.8   0   0   1
9.72264304304312   0.8   0   0   1
9.73266638638646   0.8   0   0   1
9.7426897297298   0.8   0   0   1
9.75271307307315   0.8   0   0   1
9.76273641641649   0.8   0   0   1
9.77275975975983   0.8   0   0   1
9.78278310310318   0.8   0   0   1
9.79280644644652   0.8   0   0   1
9.80282978978986   0.8   0   0   1
9.81285313313321   0.8   0   0   1
9.82287647647655   0.8   0   0   1
9.83289981981989   0.8   0   0   1
9.84292316316324   0.8   0   0   1
9.85294650650658   0.8   0   0   1
9.86296984984992   0.8   0   0   1
9.87299319319327   0.8   0   0   1
9.88301653653661   0.8   0   0   1
9.89303987987995   0.8   0   0   1
9.9030632232233   0.8   0   0   1
9.91308656656664   0.8   0   0   1
9.92310990990998   0.8   0   0   1
9.93313325325333   0.8   0   0   1
9.94315659659667   0.8   0   0   1
9.95317993994001   0.8   0   0   1
9.96320328328336   0.8   0   0   1
9.9732266266267   0.8   0   0   1
9.98324996997004   0.8   0   0   1
9.99327331331339   0.8   0   0   1
10.0032966566567   0.8   0   0   1
10.0133200000001   0.8   0   0   1
