variables = x,rho,u,v,p
0   3.8571   2.6293   0   10.3333
0.0100233433433433   3.8571   2.6293   0   10.3333
0.0200466866866867   3.8571   2.6293   0   10.3333
0.03007003003003   3.8571   2.6293   0   10.3333
0.0400933733733734   3.8571   2.6293   0   10.3333
0.0501167167167167   3.8571   2.6293   0   10.3333
0.0601400600600601   3.8571   2.6293   0   10.3333
0.0701634034034034   3.8571   2.6293   0   10.3333
0.0801867467467468   3.8571   2.6293   0   10.3333
0.0902100900900901   3.8571   2.6293   0   10.3333
0.100233433433433   3.8571   2.6293   0   10.3333
0.110256776776777   3.8571   2.6293   0   10.3333
0.12028012012012   3.8571   2.6293   0   10.3333
0.130303463463463   3.8571   2.6293   0   10.3333
0.140326806806807   3.8571   2.6293   0   10.3333
0.15035015015015   3.8571   2.6293   0   10.3333
0.160373493493494   3.8571   2.6293   0   10.3333
0.170396836836837   3.8571   2.6293   0   10.3333
0.18042018018018   3.8571   2.6293   0   10.3333
0.190443523523524   3.8571   2.6293   0   10.3333
0.200466866866867   3.8571   2.6293   0   10.3333
0.21049021021021   3.8571   2.6293   0   10.3333
0.220513553553554   3.8571   2.6293   0   10.3333
0.230536896896897   3.8571   2.6293   0   10.3333
0.24056024024024   3.8571   2.6293   0   10.3333
0.250583583583584   3.8571   2.6293   0   10.3333
0.260606926926927   3.8571   2.6293   0   10.3333
0.27063027027027   3.8571   2.6293   0   10.3333
0.280653613613614   3.8571   2.6293   0   10.3333
0.290676956956957   3.8571   2.6293   0   10.3333
0.3007003003003   3.8571   2.6293   0   10.3333
0.310723643643644   3.8571   2.6293   0   10.3333
0.320746986986987   3.8571   2.6293   0   10.3333
0.330770330330331   3.8571   2.6293   0   10.3333
0.340793673673674   3.8571   2.6293   0   10.3333
0.350817017017017   3.8571   2.6293   0   10.3333
0.360840360360361   3.8571   2.6293   0   10.3333
0.370863703703704   3.8571   2.6293   0   10.3333
0.380887047047047   3.8571   2.6293   0   10.3333
0.390910390390391   3.8571   2.6293   0   10.3333
0.400933733733734   3.8571   2.6293   0   10.3333
0.410957077077078   3.8571   2.6293   0   10.3333
0.420980420420421   3.8571   2.6293   0   10.3333
0.431003763763764   3.8571   2.6293   0   10.3333
0.441027107107108   3.8571   2.6293   0   10.3333
0.451050450450451   3.8571   2.6293   0   10.3333
0.461073793793794   3.8571   2.6293   0   10.3333
0.471097137137138   3.8571   2.6293   0   10.3333
0.481120480480481   3.8571   2.6293   0   10.3333
0.491143823823825   3.8571   2.6293   0   10.3333
0.501167167167168   3.8571   2.6293   0   10.3333
0.511190510510511   3.8571   2.6293   0   10.3333
0.521213853853855   3.8571   2.6293   0   10.3333
0.531237197197198   3.8571   2.6293   0   10.3333
0.541260540540541   3.8571   2.6293   0   10.3333
0.551283883883884   3.8571   2.6293   0   10.3333
0.561307227227228   3.8571   2.6293   0   10.3333
0.571330570570571   3.85709999999999   2.6293   3.94813511261462e-16   10.3333
0.581353913913914   3.85709999999997   2.62930000000002   -1.80407934598399e-16   10.3332999999999
0.591377257257258   3.85709999999993   2.62930000000005   -4.04584237404228e-16   10.3332999999997
0.601400600600601   3.85709999999982   2.62930000000011   -3.67935865809011e-16   10.3332999999992
0.611423943943944   3.8570999999996   2.62930000000025   6.17993565579808e-17   10.3332999999981
0.621447287287288   3.8570999999991   2.62930000000054   -2.5326236740265e-16   10.3332999999959
0.631470630630631   3.85709999999803   2.62930000000119   -1.35251056101025e-16   10.333299999991
0.641493973973974   3.85709999999576   2.62930000000256   4.85500984828916e-17   10.3332999999807
0.651517317317318   3.85709999999099   2.62930000000542   -1.75437074028472e-16   10.333299999959
0.661540660660661   3.85709999998108   2.62930000001135   -3.88509311753184e-16   10.3332999999142
0.671564004004004   3.85709999996073   2.62930000002349   -1.39399586212164e-16   10.3332999998226
0.681587347347348   3.85709999991946   2.62930000004803   -6.6458447541861e-17   10.3332999996373
0.691610690690691   3.85709999983679   2.62930000009702   -9.73544458527025e-17   10.3332999992675
0.701634034034034   3.85709999967324   2.62930000019366   1.81419621472226e-16   10.3332999985381
0.711657377377378   3.85709999935364   2.62930000038194   4.81733972485567e-16   10.3332999971176
0.721680720720721   3.85709999873678   2.62930000074418   6.6644115389305e-16   10.3332999943849
0.731704064064064   3.85709999756092   2.62930000143256   7.97205956181415e-16   10.3332999891932
0.741727407407408   3.85709999534729   2.62930000272441   8.3963565750537e-16   10.3332999794522
0.751750750750751   3.85709999123188   2.62930000511861   6.81172059387858e-16   10.3332999614029
0.761774094094094   3.8570999836763   2.62930000950037   6.49341277714575e-16   10.333299928377
0.771797437437437   3.85709996997854   2.62930001741918   9.05681667443059e-16   10.3332998687044
0.781820780780781   3.85709994545722   2.62930003155046   9.52889359084124e-16   10.3332997622402
0.791844124124124   3.85709990211264   2.62930005645026   9.46026596569225e-16   10.3332995746865
0.801867467467467   3.85709982646305   2.62930009977022   7.13545641118942e-16   10.333299248455
0.811890810810811   3.8570996961031   2.62930017418228   4.68321478138626e-16   10.3332986881957
0.821914154154154   3.85709947431792   2.6293003003786   -1.69179909321067e-17   10.333297738246
0.831937497497497   3.85709910179152   2.62930051167091   -3.55751809376739e-17   10.3332961480676
0.841960840840841   3.85709848405499   2.62930086092386   5.43222404503584e-17   10.3332935201564
0.851984184184184   3.8570974728084   2.62930143082815   -7.04681658135549e-17   10.3332892328839
0.862007527527527   3.85709583861105   2.62930234885514   2.35565041388655e-17   10.3332823282074
0.872030870870871   3.85709323166563   2.62930380863459   1.79471876143858e-16   10.3332713512003
0.882054214214214   3.85708912654386   2.62930609994618   2.98233290306021e-16   10.3332541249905
0.892077557557557   3.85708274576353   2.62930964998724   2.59458785326162e-16   10.333227441181
0.902100900900901   3.85707295621752   2.62931507902082   1.49631959907769e-16   10.3331866425365
0.912124244244244   3.85705813171403   2.62932327384656   1.73138634577195e-16   10.3331250722185
0.922147587587587   3.85703597450577   2.62933548266787   3.39597976116249e-16   10.3330333629243
0.932170930930931   3.85700328890981   2.629353434724   6.00084822887252e-16   10.3328985408877
0.942194274274274   3.85695570123571   2.62937948737081   6.77303210832868e-16   10.3327029249375
0.952217617617617   3.85688732254355   2.62941680198178   9.49940812041641e-16   10.3324228107813
0.96224096096096   3.85679035450862   2.62946954798069   7.85339289345685e-16   10.3320269463189
0.972264304304304   3.85665464404105   2.62954313144602   4.73221599487323e-16   10.3314748255822
0.982287647647647   3.85646719928902   2.62964444107662   -9.55664078890832e-17   10.3307148566141
0.99231099099099   3.85621168798575   2.62978210004687   -2.93188501545783e-16   10.3296824910192
1.00233433433433   3.85586794821671   2.62996670773302   -3.10469676807711e-16   10.3282984375796
1.01235767767768   3.85541155068088   2.63021105095349   -1.83028147972331e-16   10.3264671155315
1.02238102102102   3.85481345919732   2.6305302608632   -9.28545788705115e-17   10.3240755300447
1.03240436436436   3.85403984117475   2.63094188967448   6.84734383974075e-17   10.3209927677644
1.04242770770771   3.85305208062321   2.63146588160962   5.4969577459929e-16   10.3170703087461
1.05245105105105   3.85180704189936   2.63212441542115   7.7142926019311e-16   10.3121433287309
1.06247439439439   3.85025762211191   2.63294160164773   1.21760011512105e-15   10.3060331206045
1.07249773773774   3.8483536140916   2.63394302630715   1.91285189678477e-15   10.2985506972857
1.08252108108108   3.84604288105096   2.63515514332648   2.25740253642801e-15   10.2895015548059
1.09254442442442   3.84327282037115   2.63660452963941   2.46896548636617e-15   10.2786914818001
1.10256776776777   3.83999206985221   2.6383170282515   2.80090686578044e-15   10.2659332101182
1.11259111111111   3.83615238802539   2.64031681433615   3.12348346999515e-15   10.2510536216095
1.12261445445445   3.83171062335885   2.64262542640528   3.19552435902836e-15   10.2339011681351
1.1326377977978   3.82663067737412   2.64526080801127   3.45314490494831e-15   10.2143531325349
1.14266114114114   3.82088536485199   2.64823640501277   3.47189528066136e-15   10.1923223606634
1.15268448448449   3.81445808033339   2.65156035946588   3.85641781618484e-15   10.1677631272722
1.16270782782783   3.80734419283101   2.65523483445567   3.75764161671314e-15   10.1406758559453
1.17273117117117   3.79955210804757   2.65925549576085   3.43468761440905e-15   10.1111104869684
1.18275451451452   3.79110395698438   2.66361116736822   3.20793421783179e-15   10.0791683670299
1.19277785785786   3.78203588912988   2.66828366966401   2.93332953820531e-15   10.0450026113201
1.2028012012012   3.77239796532314   2.67324784251197   2.7980660385214e-15   10.0088169539969
1.21282454454455   3.7622536584272   2.67847175090288   2.71705525291578e-15   9.97086315192706
1.22284788788789   3.7516789784911   2.68391706852437   2.95885269393932e-15   9.93143703719777
1.23287123123123   3.74076124335514   2.68953963414118   3.28175035682004e-15   9.89087332750162
1.24289457457458   3.72959751669057   2.69529017641009   3.30175621442356e-15   9.84953930441456
1.25291791791792   3.71829273492459   2.70111520371441   3.45593693753791e-15   9.80782746428565
1.26294126126126   3.70695754446647   2.70695805564222   3.79421036282357e-15   9.76614724275042
1.27296460460461   3.69570587333991   2.7127601106594   3.80443407735961e-15   9.72491591983317
1.28298794794795   3.68465226875649   2.71846213928601   4.01267158961307e-15   9.68454883533903
1.29301129129129   3.67390904575285   2.72400578296327   4.43781662086614e-15   9.6454490885438
1.30303463463464   3.66358331213768   2.72933512569099   4.79848820620348e-15   9.60799696304819
1.31305797797798   3.65377396057097   2.73439830916271   5.01621907809972e-15   9.57253940286279
1.32308132132132   3.64456874679353   2.73914912429513   5.07920778004386e-15   9.53937995902319
1.33310466466467   3.63604159924103   2.74354849554053   4.88752507568127e-15   9.50876971098657
1.34312800800801   3.62825032357798   2.74756576276114   4.53131405834647e-15   9.48089972300432
1.35315135135135   3.6212348697481   2.75117966250351   3.85962804468855e-15   9.45589560086906
1.3631746946947   3.6150163136588   2.75437891934095   3.38969991152625e-15   9.43381465111751
1.37319803803804   3.60959666792669   2.75716238001941   3.06293146376461e-15   9.41464600466011
1.38322138138138   3.60495957750831   2.75953865748513   3.1631907795823e-15   9.39831385569062
1.39324472472473   3.6010718823572   2.76152529481026   3.45467508967538e-15   9.38468370621074
1.40326806806807   3.59788595026486   2.76314750459085   3.52832054353592e-15   9.37357123168609
1.41329141141141   3.59534261070882   2.7644365804444   4.04262502640088e-15   9.3647531363779
1.42331475475476   3.5933744664054   2.76542810708888   4.70840874302527e-15   9.35797918781755
1.4333380980981   3.59190933188237   2.76616010944171   5.52392401764316e-15   9.3529845374272
1.44336144144144   3.59087355134864   2.76667127758581   6.48248120247571e-15   9.34950145931511
1.45338478478479   3.59019497948424   2.76699938494052   7.46033525057491e-15   9.34726976295357
1.46340812812813   3.58980546175039   2.76717998585608   8.14595927207103e-15   9.34604533234235
1.47343147147147   3.58964271571509   2.76724544191997   8.29014891093371e-15   9.34560647912657
1.48345481481482   3.5896515813034   2.7672242894388   8.74279882454571e-15   9.34575803311701
1.49347815815816   3.58978466678867   2.76714092872719   8.87376118432516e-15   9.34633329953799
1.50350150150151   3.59000246246185   2.76701559214762   9.01190274632216e-15   9.3471941672061
1.51352484484485   3.59027302224035   2.76686453355332   9.20084035171814e-15   9.34822974668947
1.52354818818819   3.59057132500186   2.76670037647979   9.21198933654323e-15   9.34935395396128
1.53357153153154   3.59087842440139   2.76653256054786   8.92343928675289e-15   9.35050244255296
1.54359487487488   3.59118048188961   2.76636783292748   8.20244021477456e-15   9.35162923936005
1.55361821821822   3.59146775652724   2.76621074212465   7.56510973370979e-15   9.35270337064608
1.56364156156157   3.59173360063655   2.76606410281784   6.7478273061729e-15   9.35370568854351
1.57366490490491   3.59197348533477   2.76592941146981   6.33957147568942e-15   9.35462603469432
1.58368824824825   3.59218405676982   2.76580720198471   5.45930977197275e-15   9.3554608134328
1.5937115915916   3.5923622039592   2.76569733825714   4.52784646176252e-15   9.3562109957041
1.60373493493494   3.59250410358227   2.76559924594532   3.95840359472251e-15   9.35688053771279
1.61375827827828   3.59260419674432   2.76551208934194   3.04115745543991e-15   9.35747517421893
1.62378162162163   3.59265404845735   2.76543490111953   2.21843602560837e-15   9.35800153342538
1.63380496496497   3.59264104331942   2.76536667336753   1.71076251039548e-15   9.35846651602163
1.64382830830831   3.59254688166167   2.76530641809084   1.23436227650897e-15   9.35887688262551
1.65385165165166   3.59234586023507   2.76525320453722   7.18484926647594e-16   9.35923899933362
1.663874994995   3.59200295090745   2.76520617963292   -6.04022169286443e-18   9.35955869851557
1.67389833833834   3.59147172962829   2.76516457663134   -2.71164889392278e-16   9.35984122000775
1.68392168168169   3.59069225465664   2.76512771595241   -3.04026911923609e-16   9.36009120556212
1.69394502502503   3.58958904469492   2.76509500118876   -8.5303644828322e-17   9.36031272624574
1.70396836836837   3.58806935927602   2.76506591241657   2.7047670452692e-17   9.36050932821465
1.71399171171172   3.58602202892401   2.76503999827987   -1.82894652980273e-16   9.36068408685369
1.72401505505506   3.58331711335719   2.76501686780664   -2.76493563432619e-16   9.36083966275896
1.7340383983984   3.57980667395964   2.76499618254117   -1.09826320807128e-16   9.36097835559105
1.74406174174175   3.57532692425177   2.76497764931439   1.03014108501624e-16   9.36110215361526
1.75408508508509   3.56970196359489   2.76496101379804   -9.25065684320139e-17   9.3612127779424
1.76410842842843   3.56274920287348   2.76494605487639   -2.38454118630222e-16   9.36131172124224
1.77413177177178   3.55428645916135   2.76493257980283   -4.22489001993878e-16   9.3614002811477
1.78415511511512   3.54414053758356   2.76492042007367   -4.22360902574364e-16   9.36147958880212
1.79417845845846   3.53215694629737   2.76490942793575   -1.65709423191094e-16   9.36155063309961
1.80420180180181   3.51821022272256   2.76489947344219   -1.88744358135613e-16   9.3616142811826
1.81422514514515   3.50221420643531   2.76489044197444   -3.02819498352729e-16   9.36167129572931
1.82424848848849   3.48413149711362   2.7648822321563   -2.61898369230238e-16   9.36172234951072
1.83427183183184   3.46398130228871   2.76487475409494   -8.89154297428417e-16   9.36176803763609
1.84429517517518   3.44184492131285   2.7648679278927   -1.39426980866493e-15   9.36180888784749
1.85431851851853   3.41786823264385   2.76486168238223   -1.65100761953983e-15   9.36184536917032
1.86434186186187   3.39226074550979   2.76485595404526   -1.57223508270292e-15   9.36187789918104
1.87436520520521   3.36529102893873   2.76485068608204   -1.43926509545325e-15   9.36190685011381
1.88438854854856   3.33727861752055   2.76484582760451   -1.15676577219314e-15   9.36193255399507
1.8944118918919   3.30858278509249   2.76484133293122   -1.12739846924172e-15   9.36195530696742
1.90443523523524   3.27958884386215   2.76483716096625   -1.02163590311698e-15   9.36197537293967
1.91445857857859   3.2506928384337   2.7648332746476   -1.28908804977977e-15   9.36199298667872
1.92448192192193   3.22228563878992   2.76482964045326   -1.33497088699772e-15   9.36200835643823
1.93450526526527   3.19473747939018   2.76482622795463   -1.73720488325266e-15   9.36202166619796
1.94452860860862   3.16838393969051   2.76482300940735   -1.71557278962418e-15   9.3620330775632
1.95455195195196   3.1435142219908   2.76481995936872   -1.79306482553428e-15   9.36204273134206
1.9645752952953   3.12036237262572   2.76481705432666   -1.96433126959508e-15   9.3620507487703
1.97459863863865   3.09910183634413   2.76481427231673   -1.91997826593211e-15   9.36205723227442
1.98462198198199   3.07984345926305   2.76481159248622   -1.74764318072408e-15   9.3620622655236
1.99464532532533   3.06263679118303   2.76480899453008   -1.00575135217693e-15   9.36206591226238
2.00466866866868   3.04747430819043   2.76480645785764   -5.62703557783862e-16   9.36206821292935
2.01469201201202   3.03429800026081   2.76480396022227   -4.65805251707773e-17   9.36206917714261
2.02471535535536   3.02300765726314   2.7648014753033   5.10097382369576e-16   9.36206876836812
2.03473869869871   3.01347014337811   2.76479896826427   8.6680532929453e-16   9.36206687371491
2.04476204204205   3.00552896980777   2.7647963874219   3.68540514503226e-16   9.36206324535416
2.05478538538539   2.99901354771212   2.76479364845858   1.60811296785569e-16   9.36205738773826
2.06480872872874   2.99374761190248   2.76479060436049   9.82541457785124e-17   9.36204834125685
2.07483207207208   2.98955643245249   2.76478698805493   -4.78826059498502e-17   9.36203426801679
2.08485541541542   2.98627255590832   2.76478230286738   -5.57983940420807e-16   9.36201165962582
2.09487875875877   2.9837399183758   2.76477561329768   -1.00106422270678e-15   9.36197382311066
2.10490210210211   2.9818162237681   2.7647651454501   -1.6862756574627e-15   9.3619079886896
2.11492544544545   2.98037344656235   2.76474752410424   -2.23908120082405e-15   9.36178978722628
2.1249487887888   2.97929614228072   2.76471631632854   -3.26760063066206e-15   9.36157270889214
2.13497213213214   2.97847682771175   2.76465925191925   -4.09522446922572e-15   9.36116798865058
2.14499547547548   2.97780683327906   2.7645529195236   -4.90303737111841e-15   9.36040623856318
2.15501881881883   2.9771593640673   2.7643526476706   -5.50296414654383e-15   9.35896429858069
2.16504216216217   2.97635833542137   2.76397320269236   -6.08453959644402e-15   9.35622588363051
2.17506550550551   2.9751205610473   2.76325197753998   -6.50730871958017e-15   9.35101647294036
2.18508884884886   2.97294764543475   2.76187881127532   -7.17340474865985e-15   9.34110023339123
2.1951121921922   2.96892316687884   2.75926226431115   -7.41592564031185e-15   9.32222997493983
2.20513553553555   2.96133338207525   2.75427507853985   -7.41539171551472e-15   9.28636963073309
2.21515887887889   2.94696642516828   2.74477065041698   -7.13387452201023e-15   9.21842850658958
2.22518222222223   2.91985256560103   2.72666826744688   -7.03460514607196e-15   9.09047670426482
2.23520556556558   2.86912948609857   2.69223749754927   -7.24647154089656e-15   8.85226532752167
2.24522890890892   2.7758880812319   2.62694440566393   -7.2005055784943e-15   8.41837407868885
2.25525225225226   2.61013277254719   2.50394835438186   -6.86810457194088e-15   7.66003252200587
2.26527559559561   2.333579842808   2.27597679294337   -6.03919743007563e-15   6.433230316502
2.27529893893895   1.92390110193031   1.87118880829445   -4.60656285810695e-15   4.71276828020284
2.28532228228229   1.43579398506717   1.23433531846752   -2.7813653960326e-15   2.85014653874939
2.29534562562564   1.03716179760856   0.513952215078017   -8.58514148291073e-16   1.56159533695594
2.30536896896898   0.852263458173818   0.110765441104796   -1.27534289553057e-16   1.10011327072914
2.31539231231232   0.807723632889329   0.015906045003966   -7.90454620767657e-17   1.01368307946626
2.32541565565567   0.801008629254398   0.00207290067322351   -1.58467835163298e-17   1.00176770193457
2.33543899899901   0.800129546789808   0.000266228154978867   -2.5652563684345e-21   1.00022674922257
2.34546234234235   0.800016605766637   3.41260125406912e-05   -2.08051294382643e-26   1.00002906078617
2.3554856856857   0.800002128044584   4.37328055766288e-06   -1.07846216408189e-32   1.00000372408942
2.36550902902904   0.80000027270129   5.60420326806091e-07   -3.76576784198293e-40   1.00000047722744
2.37553237237238   0.800000034945434   7.18153379228249e-08   -8.4009866298047e-49   1.00000006115451
2.38555571571573   0.800000004478081   9.20277423872411e-09   -9.36487496068739e-59   1.00000000783664
2.39557905905907   0.800000000573841   1.17928406547205e-09   -5.54847800026282e-81   1.00000000100422
2.40560240240241   0.800000000073534   1.51117445195092e-10   -1.95237482640651e-93   1.00000000012868
2.41562574574576   0.800000000009423   1.93641097634174e-11   -5.74778173553305e-107   1.00000000001649
2.4256490890891   0.800000000001208   2.4810232732367e-12   -1.28447925535651e-121   1.00000000000211
2.43567243243244   0.800000000000154   3.17679372594657e-13   -2.58054692753104e-137   1.00000000000027
2.44569577577579   0.80000000000002   4.05063715755753e-14   -6.51695081797673e-154   1.00000000000003
2.45571911911913   0.800000000000002   5.0119117697494e-15   -1.38698066656014e-171   1
2.46574246246247   0.8   5.45460204759104e-16   -2.22580455403606e-190   1
2.47576580580582   0.8   3.95260518888917e-17   -1.90985344131409e-210   1
2.48578914914916   0.8   0   0   1
2.4958124924925   0.8   0   0   1
2.50583583583585   0.8   0   0   1
2.51585917917919   0.8   0   0   1
2.52588252252253   0.8   0   0   1
2.53590586586588   0.8   0   0   1
2.54592920920922   0.8   0   0   1
2.55595255255257   0.8   0   0   1
2.56597589589591   0.8   0   0   1
2.57599923923925   0.8   0   0   1
2.5860225825826   0.8   0   0   1
2.59604592592594   0.8   0   0   1
2.60606926926928   0.8   0   0   1
2.61609261261263   0.8   0   0   1
2.62611595595597   0.8   0   0   1
2.63613929929931   0.8   0   0   1
2.64616264264266   0.8   0   0   1
2.656185985986   0.8   0   0   1
2.66620932932934   0.8   0   0   1
2.67623267267269   0.8   0   0   1
2.68625601601603   0.8   0   0   1
2.69627935935937   0.8   0   0   1
2.70630270270272   0.8   0   0   1
2.71632604604606   0.8   0   0   1
2.7263493893894   0.8   0   0   1
2.73637273273275   0.8   0   0   1
2.74639607607609   0.8   0   0   1
2.75641941941943   0.8   0   0   1
2.76644276276278   0.8   0   0   1
2.77646610610612   0.8   0   0   1
2.78648944944946   0.8   0   0   1
2.79651279279281   0.8   0   0   1
2.80653613613615   0.8   0   0   1
2.81655947947949   0.8   0   0   1
2.82658282282284   0.8   0   0   1
2.83660616616618   0.8   0   0   1
2.84662950950952   0.8   0   0   1
2.85665285285287   0.8   0   0   1
2.86667619619621   0.8   0   0   1
2.87669953953955   0.8   0   0   1
2.8867228828829   0.8   0   0   1
2.89674622622624   0.8   0   0   1
2.90676956956958   0.8   0   0   1
2.91679291291293   0.8   0   0   1
2.92681625625627   0.8   0   0   1
2.93683959959962   0.8   0   0   1
2.94686294294296   0.8   0   0   1
2.9568862862863   0.8   0   0   1
2.96690962962965   0.8   0   0   1
2.97693297297299   0.8   0   0   1
2.98695631631633   0.8   0   0   1
2.99697965965968   0.8   0   0   1
3.00700300300302   0.8   0   0   1
3.01702634634636   0.8   0   0   1
3.02704968968971   0.8   0   0   1
3.03707303303305   0.8   0   0   1
3.04709637637639   0.8   0   0   1
3.05711971971974   0.8   0   0   1
3.06714306306308   0.8   0   0   1
3.07716640640642   0.8   0   0   1
3.08718974974977   0.8   0   0   1
3.09721309309311   0.8   0   0   1
3.10723643643645   0.8   0   0   1
3.1172597797798   0.8   0   0   1
3.12728312312314   0.8   0   0   1
3.13730646646648   0.8   0   0   1
3.14732980980983   0.8   0   0   1
3.15735315315317   0.8   0   0   1
3.16737649649651   0.8   0   0   1
3.17739983983986   0.8   0   0   1
3.1874231831832   0.8   0   0   1
3.19744652652654   0.8   0   0   1
3.20746986986989   0.8   0   0   1
3.21749321321323   0.8   0   0   1
3.22751655655657   0.8   0   0   1
3.23753989989992   0.8   0   0   1
3.24756324324326   0.8   0   0   1
3.2575865865866   0.8   0   0   1
3.26760992992995   0.8   0   0   1
3.27763327327329   0.8   0   0   1
3.28765661661664   0.8   0   0   1
3.29767995995998   0.8   0   0   1
3.30770330330332   0.8   0   0   1
3.31772664664667   0.8   0   0   1
3.32774998999001   0.8   0   0   1
3.33777333333335   0.8   0   0   1
3.3477966766767   0.8   0   0   1
3.35782002002004   0.8   0   0   1
3.36784336336338   0.8   0   0   1
3.37786670670673   0.8   0   0   1
3.38789005005007   0.8   0   0   1
3.39791339339341   0.8   0   0   1
3.40793673673676   0.8   0   0   1
3.4179600800801   0.8   0   0   1
3.42798342342344   0.8   0   0   1
3.43800676676679   0.8   0   0   1
3.44803011011013   0.8   0   0   1
3.45805345345347   0.8   0   0   1
3.46807679679682   0.8   0   0   1
3.47810014014016   0.8   0   0   1
3.4881234834835   0.8   0   0   1
3.49814682682685   0.8   0   0   1
3.50817017017019   0.8   0   0   1
3.51819351351353   0.8   0   0   1
3.52821685685688   0.8   0   0   1
3.53824020020022   0.8   0   0   1
3.54826354354356   0.8   0   0   1
3.55828688688691   0.8   0   0   1
3.56831023023025   0.8   0   0   1
3.57833357357359   0.8   0   0   1
3.58835691691694   0.8   0   0   1
3.59838026026028   0.8   0   0   1
3.60840360360362   0.8   0   0   1
3.61842694694697   0.8   0   0   1
3.62845029029031   0.8   0   0   1
3.63847363363366   0.8   0   0   1
3.648496976977   0.8   0   0   1
3.65852032032034   0.8   0   0   1
3.66854366366369   0.8   0   0   1
3.67856700700703   0.8   0   0   1
3.68859035035037   0.8   0   0   1
3.69861369369372   0.8   0   0   1
3.70863703703706   0.8   0   0   1
3.7186603803804   0.8   0   0   1
3.72868372372375   0.8   0   0   1
3.73870706706709   0.8   0   0   1
3.74873041041043   0.8   0   0   1
3.75875375375378   0.8   0   0   1
3.76877709709712   0.8   0   0   1
3.77880044044046   0.8   0   0   1
3.78882378378381   0.8   0   0   1
3.79884712712715   0.8   0   0   1
3.80887047047049   0.8   0   0   1
3.81889381381384   0.8   0   0   1
3.82891715715718   0.8   0   0   1
3.83894050050052   0.8   0   0   1
3.84896384384387   0.8   0   0   1
3.85898718718721   0.8   0   0   1
3.86901053053055   0.8   0   0   1
3.8790338738739   0.8   0   0   1
3.88905721721724   0.8   0   0   1
3.89908056056058   0.8   0   0   1
3.90910390390393   0.8   0   0   1
3.91912724724727   0.8   0   0   1
3.92915059059061   0.8   0   0   1
3.93917393393396   0.8   0   0   1
3.9491972772773   0.8   0   0   1
3.95922062062064   0.8   0   0   1
3.96924396396399   0.8   0   0   1
3.97926730730733   0.8   0   0   1
3.98929065065068   0.8   0   0   1
3.99931399399402   0.8   0   0   1
4.00933733733736   0.8   0   0   1
4.01936068068071   0.8   0   0   1
4.02938402402405   0.8   0   0   1
4.03940736736739   0.8   0   0   1
4.04943071071074   0.8   0   0   1
4.05945405405408   0.8   0   0   1
4.06947739739742   0.8   0   0   1
4.07950074074077   0.8   0   0   1
4.08952408408411   0.8   0   0   1
4.09954742742745   0.8   0   0   1
4.1095707707708   0.8   0   0   1
4.11959411411414   0.8   0   0   1
4.12961745745748   0.8   0   0   1
4.13964080080083   0.8   0   0   1
4.14966414414417   0.8   0   0   1
4.15968748748751   0.8   0   0   1
4.16971083083086   0.8   0   0   1
4.1797341741742   0.8   0   0   1
4.18975751751754   0.8   0   0   1
4.19978086086089   0.8   0   0   1
4.20980420420423   0.8   0   0   1
4.21982754754757   0.8   0   0   1
4.22985089089092   0.8   0   0   1
4.23987423423426   0.8   0   0   1
4.2498975775776   0.8   0   0   1
4.25992092092095   0.8   0   0   1
4.26994426426429   0.8   0   0   1
4.27996760760763   0.8   0   0   1
4.28999095095098   0.8   0   0   1
4.30001429429432   0.8   0   0   1
4.31003763763766   0.8   0   0   1
4.32006098098101   0.8   0   0   1
4.33008432432435   0.8   0   0   1
4.3401076676677   0.8   0   0   1
4.35013101101104   0.8   0   0   1
4.36015435435438   0.8   0   0   1
4.37017769769773   0.8   0   0   1
4.38020104104107   0.8   0   0   1
4.39022438438441   0.8   0   0   1
4.40024772772776   0.8   0   0   1
4.4102710710711   0.8   0   0   1
4.42029441441444   0.8   0   0   1
4.43031775775779   0.8   0   0   1
4.44034110110113   0.8   0   0   1
4.45036444444447   0.8   0   0   1
4.46038778778782   0.8   0   0   1
4.47041113113116   0.8   0   0   1
4.4804344744745   0.8   0   0   1
4.49045781781785   0.8   0   0   1
4.50048116116119   0.8   0   0   1
4.51050450450453   0.8   0   0   1
4.52052784784788   0.8   0   0   1
4.53055119119122   0.8   0   0   1
4.54057453453456   0.8   0   0   1
4.55059787787791   0.8   0   0   1
4.56062122122125   0.8   0   0   1
4.57064456456459   0.8   0   0   1
4.58066790790794   0.8   0   0   1
4.59069125125128   0.8   0   0   1
4.60071459459462   0.8   0   0   1
4.61073793793797   0.8   0   0   1
4.62076128128131   0.8   0   0   1
4.63078462462465   0.8   0   0   1
4.640807967968   0.8   0   0   1
4.65083131131134   0.8   0   0   1
4.66085465465468   0.8   0   0   1
4.67087799799803   0.8   0   0   1
4.68090134134137   0.8   0   0   1
4.69092468468472   0.8   0   0   1
4.70094802802806   0.8   0   0   1
4.7109713713714   0.8   0   0   1
4.72099471471475   0.8   0   0   1
4.73101805805809   0.8   0   0   1
4.74104140140143   0.8   0   0   1
4.75106474474478   0.8   0   0   1
4.76108808808812   0.8   0   0   1
4.77111143143146   0.8   0   0   1
4.78113477477481   0.8   0   0   1
4.79115811811815   0.8   0   0   1
4.80118146146149   0.8   0   0   1
4.81120480480484   0.8   0   0   1
4.82122814814818   0.8   0   0   1
4.83125149149152   0.8   0   0   1
4.84127483483487   0.8   0   0   1
4.85129817817821   0.8   0   0   1
4.86132152152155   0.8   0   0   1
4.8713448648649   0.8   0   0   1
4.88136820820824   0.8   0   0   1
4.89139155155158   0.8   0   0   1
4.90141489489493   0.8   0   0   1
4.91143823823827   0.8   0   0   1
4.92146158158161   0.8   0   0   1
4.93148492492496   0.8   0   0   1
4.9415082682683   0.8   0   0   1
4.95153161161164   0.8   0   0   1
4.96155495495499   0.8   0   0   1
4.97157829829833   0.8   0   0   1
4.98160164164167   0.8   0   0   1
4.99162498498502   0.8   0   0   1
5.00164832832836   0.8   0   0   1
5.0116716716717   0.8   0   0   1
5.02169501501505   0.8   0   0   1
5.03171835835839   0.8   0   0   1
5.04174170170173   0.8   0   0   1
5.05176504504508   0.8   0   0   1
5.06178838838842   0.8   0   0   1
5.07181173173177   0.8   0   0   1
5.08183507507511   0.8   0   0   1
5.09185841841845   0.8   0   0   1
5.1018817617618   0.8   0   0   1
5.11190510510514   0.8   0   0   1
5.12192844844848   0.8   0   0   1
5.13195179179183   0.8   0   0   1
5.14197513513517   0.8   0   0   1
5.15199847847851   0.8   0   0   1
5.16202182182186   0.8   0   0   1
5.1720451651652   0.8   0   0   1
5.18206850850854   0.8   0   0   1
5.19209185185189   0.8   0   0   1
5.20211519519523   0.8   0   0   1
5.21213853853857   0.8   0   0   1
5.22216188188192   0.8   0   0   1
5.23218522522526   0.8   0   0   1
5.2422085685686   0.8   0   0   1
5.25223191191195   0.8   0   0   1
5.26225525525529   0.8   0   0   1
5.27227859859863   0.8   0   0   1
5.28230194194198   0.8   0   0   1
5.29232528528532   0.8   0   0   1
5.30234862862866   0.8   0   0   1
5.31237197197201   0.8   0   0   1
5.32239531531535   0.8   0   0   1
5.33241865865869   0.8   0   0   1
5.34244200200204   0.8   0   0   1
5.35246534534538   0.8   0   0   1
5.36248868868872   0.8   0   0   1
5.37251203203207   0.8   0   0   1
5.38253537537541   0.8   0   0   1
5.39255871871875   0.8   0   0   1
5.4025820620621   0.8   0   0   1
5.41260540540544   0.8   0   0   1
5.42262874874879   0.8   0   0   1
5.43265209209213   0.8   0   0   1
5.44267543543547   0.8   0   0   1
5.45269877877882   0.8   0   0   1
5.46272212212216   0.8   0   0   1
5.4727454654655   0.8   0   0   1
5.48276880880885   0.8   0   0   1
5.49279215215219   0.8   0   0   1
5.50281549549553   0.8   0   0   1
5.51283883883888   0.8   0   0   1
5.52286218218222   0.8   0   0   1
5.53288552552556   0.8   0   0   1
5.54290886886891   0.8   0   0   1
5.55293221221225   0.8   0   0   1
5.56295555555559   0.8   0   0   1
5.57297889889894   0.8   0   0   1
5.58300224224228   0.8   0   0   1
5.59302558558562   0.8   0   0   1
5.60304892892897   0.8   0   0   1
5.61307227227231   0.8   0   0   1
5.62309561561565   0.8   0   0   1
5.633118958959   0.8   0   0   1
5.64314230230234   0.8   0   0   1
5.65316564564568   0.8   0   0   1
5.66318898898903   0.8   0   0   1
5.67321233233237   0.8   0   0   1
5.68323567567571   0.8   0   0   1
5.69325901901906   0.8   0   0   1
5.7032823623624   0.8   0   0   1
5.71330570570574   0.8   0   0   1
5.72332904904909   0.8   0   0   1
5.73335239239243   0.8   0   0   1
5.74337573573577   0.8   0   0   1
5.75339907907912   0.8   0   0   1
5.76342242242246   0.8   0   0   1
5.77344576576581   0.8   0   0   1
5.78346910910915   0.8   0   0   1
5.79349245245249   0.8   0   0   1
5.80351579579584   0.8   0   0   1
5.81353913913918   0.8   0   0   1
5.82356248248252   0.8   0   0   1
5.83358582582587   0.8   0   0   1
5.84360916916921   0.8   0   0   1
5.85363251251255   0.8   0   0   1
5.8636558558559   0.8   0   0   1
5.87367919919924   0.8   0   0   1
5.88370254254258   0.8   0   0   1
5.89372588588593   0.8   0   0   1
5.90374922922927   0.8   0   0   1
5.91377257257261   0.8   0   0   1
5.92379591591596   0.8   0   0   1
5.9338192592593   0.8   0   0   1
5.94384260260264   0.8   0   0   1
5.95386594594599   0.8   0   0   1
5.96388928928933   0.8   0   0   1
5.97391263263267   0.8   0   0   1
5.98393597597602   0.8   0   0   1
5.99395931931936   0.8   0   0   1
6.0039826626627   0.8   0   0   1
6.01400600600605   0.8   0   0   1
6.02402934934939   0.8   0   0   1
6.03405269269273   0.8   0   0   1
6.04407603603608   0.8   0   0   1
6.05409937937942   0.8   0   0   1
6.06412272272276   0.8   0   0   1
6.07414606606611   0.8   0   0   1
6.08416940940945   0.8   0   0   1
6.09419275275279   0.8   0   0   1
6.10421609609614   0.8   0   0   1
6.11423943943948   0.8   0   0   1
6.12426278278283   0.8   0   0   1
6.13428612612617   0.8   0   0   1
6.14430946946951   0.8   0   0   1
6.15433281281286   0.8   0   0   1
6.1643561561562   0.8   0   0   1
6.17437949949954   0.8   0   0   1
6.18440284284289   0.8   0   0   1
6.19442618618623   0.8   0   0   1
6.20444952952957   0.8   0   0   1
6.21447287287292   0.8   0   0   1
6.22449621621626   0.8   0   0   1
6.2345195595596   0.8   0   0   1
6.24454290290295   0.8   0   0   1
6.25456624624629   0.8   0   0   1
6.26458958958963   0.8   0   0   1
6.27461293293298   0.8   0   0   1
6.28463627627632   0.8   0   0   1
6.29465961961966   0.8   0   0   1
6.30468296296301   0.8   0   0   1
6.31470630630635   0.8   0   0   1
6.32472964964969   0.8   0   0   1
6.33475299299304   0.8   0   0   1
6.34477633633638   0.8   0   0   1
6.35479967967972   0.8   0   0   1
6.36482302302307   0.8   0   0   1
6.37484636636641   0.8   0   0   1
6.38486970970975   0.8   0   0   1
6.3948930530531   0.8   0   0   1
6.40491639639644   0.8   0   0   1
6.41493973973978   0.8   0   0   1
6.42496308308313   0.8   0   0   1
6.43498642642647   0.8   0   0   1
6.44500976976981   0.8   0   0   1
6.45503311311316   0.8   0   0   1
6.4650564564565   0.8   0   0   1
6.47507979979985   0.8   0   0   1
6.48510314314319   0.8   0   0   1
6.49512648648653   0.8   0   0   1
6.50514982982988   0.8   0   0   1
6.51517317317322   0.8   0   0   1
6.52519651651656   0.8   0   0   1
6.53521985985991   0.8   0   0   1
6.54524320320325   0.8   0   0   1
6.55526654654659   0.8   0   0   1
6.56528988988994   0.8   0   0   1
6.57531323323328   0.8   0   0   1
6.58533657657662   0.8   0   0   1
6.59535991991997   0.8   0   0   1
6.60538326326331   0.8   0   0   1
6.61540660660665   0.8   0   0   1
6.62542994995   0.8   0   0   1
6.63545329329334   0.8   0   0   1
6.64547663663668   0.8   0   0   1
6.65549997998003   0.8   0   0   1
6.66552332332337   0.8   0   0   1
6.67554666666671   0.8   0   0   1
6.68557001001006   0.8   0   0   1
6.6955933533534   0.8   0   0   1
6.70561669669674   0.8   0   0   1
6.71564004004009   0.8   0   0   1
6.72566338338343   0.8   0   0   1
6.73568672672677   0.8   0   0   1
6.74571007007012   0.8   0   0   1
6.75573341341346   0.8   0   0   1
6.7657567567568   0.8   0   0   1
6.77578010010015   0.8   0   0   1
6.78580344344349   0.8   0   0   1
6.79582678678683   0.8   0   0   1
6.80585013013018   0.8   0   0   1
6.81587347347352   0.8   0   0   1
6.82589681681686   0.8   0   0   1
6.83592016016021   0.8   0   0   1
6.84594350350355   0.8   0   0   1
6.8559668468469   0.8   0   0   1
6.86599019019024   0.8   0   0   1
6.87601353353358   0.8   0   0   1
6.88603687687693   0.8   0   0   1
6.89606022022027   0.8   0   0   1
6.90608356356361   0.8   0   0   1
6.91610690690696   0.8   0   0   1
6.9261302502503   0.8   0   0   1
6.93615359359364   0.8   0   0   1
6.94617693693699   0.8   0   0   1
6.95620028028033   0.8   0   0   1
6.96622362362367   0.8   0   0   1
6.97624696696702   0.8   0   0   1
6.98627031031036   0.8   0   0   1
6.9962936536537   0.8   0   0   1
7.00631699699705   0.8   0   0   1
7.01634034034039   0.8   0   0   1
7.02636368368373   0.8   0   0   1
7.03638702702708   0.8   0   0   1
7.04641037037042   0.8   0   0   1
7.05643371371376   0.8   0   0   1
7.06645705705711   0.8   0   0   1
7.07648040040045   0.8   0   0   1
7.08650374374379   0.8   0   0   1
7.09652708708714   0.8   0   0   1
7.10655043043048   0.8   0   0   1
7.11657377377382   0.8   0   0   1
7.12659711711717   0.8   0   0   1
7.13662046046051   0.8   0   0   1
7.14664380380385   0.8   0   0   1
7.1566671471472   0.8   0   0   1
7.16669049049054   0.8   0   0   1
7.17671383383388   0.8   0   0   1
7.18673717717723   0.8   0   0   1
7.19676052052057   0.8   0   0   1
7.20678386386392   0.8   0   0   1
7.21680720720726   0.8   0   0   1
7.2268305505506   0.8   0   0   1
7.23685389389395   0.8   0   0   1
7.24687723723729   0.8   0   0   1
7.25690058058063   0.8   0   0   1
7.26692392392398   0.8   0   0   1
7.27694726726732   0.8   0   0   1
7.28697061061066   0.8   0   0   1
7.29699395395401   0.8   0   0   1
7.30701729729735   0.8   0   0   1
7.31704064064069   0.8   0   0   1
7.32706398398404   0.8   0   0   1
7.33708732732738   0.8   0   0   1
7.34711067067072   0.8   0   0   1
7.35713401401407   0.8   0   0   1
7.36715735735741   0.8   0   0   1
7.37718070070075   0.8   0   0   1
7.3872040440441   0.8   0   0   1
7.39722738738744   0.8   0   0   1
7.40725073073078   0.8   0   0   1
7.41727407407413   0.8   0   0   1
7.42729741741747   0.8   0   0   1
7.43732076076081   0.8   0   0   1
7.44734410410416   0.8   0   0   1
7.4573674474475   0.8   0   0   1
7.46739079079084   0.8   0   0   1
7.47741413413419   0.8   0   0   1
7.48743747747753   0.8   0   0   1
7.49746082082087   0.8   0   0   1
7.50748416416422   0.8   0   0   1
7.51750750750756   0.8   0   0   1
7.5275308508509   0.8   0   0   1
7.53755419419425   0.8   0   0   1
7.54757753753759   0.8   0   0   1
7.55760088088094   0.8   0   0   1
7.56762422422428   0.8   0   0   1
7.57764756756762   0.8   0   0   1
7.58767091091097   0.8   0   0   1
7.59769425425431   0.8   0   0   1
7.60771759759765   0.8   0   0   1
7.617740940941   0.8   0   0   1
7.62776428428434   0.8   0   0   1
7.63778762762768   0.8   0   0   1
7.64781097097103   0.8   0   0   1
7.65783431431437   0.8   0   0   1
7.66785765765771   0.8   0   0   1
7.67788100100106   0.8   0   0   1
7.6879043443444   0.8   0   0   1
7.69792768768774   0.8   0   0   1
7.70795103103109   0.8   0   0   1
7.71797437437443   0.8   0   0   1
7.72799771771777   0.8   0   0   1
7.73802106106112   0.8   0   0   1
7.74804440440446   0.8   0   0   1
7.7580677477478   0.8   0   0   1
7.76809109109115   0.8   0   0   1
7.77811443443449   0.8   0   0   1
7.78813777777783   0.8   0   0   1
7.79816112112118   0.8   0   0   1
7.80818446446452   0.8   0   0   1
7.81820780780786   0.8   0   0   1
7.82823115115121   0.8   0   0   1
7.83825449449455   0.8   0   0   1
7.84827783783789   0.8   0   0   1
7.85830118118124   0.8   0   0   1
7.86832452452458   0.8   0   0   1
7.87834786786792   0.8   0   0   1
7.88837121121127   0.8   0   0   1
7.89839455455461   0.8   0   0   1
7.90841789789796   0.8   0   0   1
7.9184412412413   0.8   0   0   1
7.92846458458464   0.8   0   0   1
7.93848792792799   0.8   0   0   1
7.94851127127133   0.8   0   0   1
7.95853461461467   0.8   0   0   1
7.96855795795802   0.8   0   0   1
7.97858130130136   0.8   0   0   1
7.9886046446447   0.8   0   0   1
7.99862798798805   0.8   0   0   1
8.00865133133139   0.8   0   0   1
8.01867467467473   0.8   0   0   1
8.02869801801808   0.8   0   0   1
8.03872136136142   0.8   0   0   1
8.04874470470476   0.8   0   0   1
8.05876804804811   0.8   0   0   1
8.06879139139145   0.8   0   0   1
8.07881473473479   0.8   0   0   1
8.08883807807814   0.8   0   0   1
8.09886142142148   0.8   0   0   1
8.10888476476482   0.8   0   0   1
8.11890810810817   0.8   0   0   1
8.12893145145151   0.8   0   0   1
8.13895479479485   0.8   0   0   1
8.1489781381382   0.8   0   0   1
8.15900148148154   0.8   0   0   1
8.16902482482488   0.8   0   0   1
8.17904816816823   0.8   0   0   1
8.18907151151157   0.8   0   0   1
8.19909485485491   0.8   0   0   1
8.20911819819826   0.8   0   0   1
8.2191415415416   0.8   0   0   1
8.22916488488494   0.8   0   0   1
8.23918822822829   0.8   0   0   1
8.24921157157163   0.8   0   0   1
8.25923491491498   0.8   0   0   1
8.26925825825832   0.8   0   0   1
8.27928160160166   0.8   0   0   1
8.28930494494501   0.8   0   0   1
8.29932828828835   0.8   0   0   1
8.30935163163169   0.8   0   0   1
8.31937497497504   0.8   0   0   1
8.32939831831838   0.8   0   0   1
8.33942166166172   0.8   0   0   1
8.34944500500507   0.8   0   0   1
8.35946834834841   0.8   0   0   1
8.36949169169175   0.8   0   0   1
8.3795150350351   0.8   0   0   1
8.38953837837844   0.8   0   0   1
8.39956172172178   0.8   0   0   1
8.40958506506513   0.8   0   0   1
8.41960840840847   0.8   0   0   1
8.42963175175181   0.8   0   0   1
8.43965509509516   0.8   0   0   1
8.4496784384385   0.8   0   0   1
8.45970178178184   0.8   0   0   1
8.46972512512519   0.8   0   0   1
8.47974846846853   0.8   0   0   1
8.48977181181187   0.8   0   0   1
8.49979515515522   0.8   0   0   1
8.50981849849856   0.8   0   0   1
8.5198418418419   0.8   0   0   1
8.52986518518525   0.8   0   0   1
8.53988852852859   0.8   0   0   1
8.54991187187193   0.8   0   0   1
8.55993521521528   0.8   0   0   1
8.56995855855862   0.8   0   0   1
8.57998190190196   0.8   0   0   1
8.59000524524531   0.8   0   0   1
8.60002858858865   0.8   0   0   1
8.610051931932   0.8   0   0   1
8.62007527527534   0.8   0   0   1
8.63009861861868   0.8   0   0   1
8.64012196196203   0.8   0   0   1
8.65014530530537   0.8   0   0   1
8.66016864864871   0.8   0   0   1
8.67019199199206   0.8   0   0   1
8.6802153353354   0.8   0   0   1
8.69023867867874   0.8   0   0   1
8.70026202202209   0.8   0   0   1
8.71028536536543   0.8   0   0   1
8.72030870870877   0.8   0   0   1
8.73033205205212   0.8   0   0   1
8.74035539539546   0.8   0   0   1
8.7503787387388   0.8   0   0   1
8.76040208208215   0.8   0   0   1
8.77042542542549   0.8   0   0   1
8.78044876876883   0.8   0   0   1
8.79047211211218   0.8   0   0   1
8.80049545545552   0.8   0   0   1
8.81051879879886   0.8   0   0   1
8.82054214214221   0.8   0   0   1
8.83056548548555   0.8   0   0   1
8.84058882882889   0.8   0   0   1
8.85061217217224   0.8   0   0   1
8.86063551551558   0.8   0   0   1
8.87065885885892   0.8   0   0   1
8.88068220220227   0.8   0   0   1
8.89070554554561   0.8   0   0   1
8.90072888888895   0.8   0   0   1
8.9107522322323   0.8   0   0   1
8.92077557557564   0.8   0   0   1
8.93079891891898   0.8   0   0   1
8.94082226226233   0.8   0   0   1
8.95084560560567   0.8   0   0   1
8.96086894894901   0.8   0   0   1
8.97089229229236   0.8   0   0   1
8.9809156356357   0.8   0   0   1
8.99093897897905   0.8   0   0   1
9.00096232232239   0.8   0   0   1
9.01098566566573   0.8   0   0   1
9.02100900900908   0.8   0   0   1
9.03103235235242   0.8   0   0   1
9.04105569569576   0.8   0   0   1
9.05107903903911   0.8   0   0   1
9.06110238238245   0.8   0   0   1
9.07112572572579   0.8   0   0   1
9.08114906906914   0.8   0   0   1
9.09117241241248   0.8   0   0   1
9.10119575575582   0.8   0   0   1
9.11121909909917   0.8   0   0   1
9.12124244244251   0.8   0   0   1
9.13126578578585   0.8   0   0   1
9.1412891291292   0.8   0   0   1
9.15131247247254   0.8   0   0   1
9.16133581581588   0.8   0   0   1
9.17135915915923   0.8   0   0   1
9.18138250250257   0.8   0   0   1
9.19140584584591   0.8   0   0   1
9.20142918918926   0.8   0   0   1
9.2114525325326   0.8   0   0   1
9.22147587587594   0.8   0   0   1
9.23149921921929   0.8   0   0   1
9.24152256256263   0.8   0   0   1
9.25154590590597   0.8   0   0   1
9.26156924924932   0.8   0   0   1
9.27159259259266   0.8   0   0   1
9.281615935936   0.8   0   0   1
9.29163927927935   0.8   0   0   1
9.30166262262269   0.8   0   0   1
9.31168596596603   0.8   0   0   1
9.32170930930938   0.8   0   0   1
9.33173265265272   0.8   0   0   1
9.34175599599607   0.8   0   0   1
9.35177933933941   0.8   0   0   1
9.36180268268275   0.8   0   0   1
9.3718260260261   0.8   0   0   1
9.38184936936944   0.8   0   0   1
9.39187271271278   0.8   0   0   1
9.40189605605613   0.8   0   0   1
9.41191939939947   0.8   0   0   1
9.42194274274281   0.8   0   0   1
9.43196608608616   0.8   0   0   1
9.4419894294295   0.8   0   0   1
9.45201277277284   0.8   0   0   1
9.46203611611619   0.8   0   0   1
9.47205945945953   0.8   0   0   1
9.48208280280287   0.8   0   0   1
9.49210614614622   0.8   0   0   1
9.50212948948956   0.8   0   0   1
9.5121528328329   0.8   0   0   1
9.52217617617625   0.8   0   0   1
9.53219951951959   0.8   0   0   1
9.54222286286293   0.8   0   0   1
9.55224620620628   0.8   0   0   1
9.56226954954962   0.8   0   0   1
9.57229289289296   0.8   0   0   1
9.58231623623631   0.8   0   0   1
9.59233957957965   0.8   0   0   1
9.60236292292299   0.8   0   0   1
9.61238626626634   0.8   0   0   1
9.62240960960968   0.8   0   0   1
9.63243295295302   0.8   0   0   1
9.64245629629637   0.8   0   0   1
9.65247963963971   0.8   0   0   1
9.66250298298305   0.8   0   0   1
9.6725263263264   0.8   0   0   1
9.68254966966974   0.8   0   0   1
9.69257301301309   0.8   0   0   1
9.70259635635643   0.8   0   0   1
9.71261969969977   0.8   0   0   1
9.72264304304312   0.8   0   0   1
9.73266638638646   0.8   0   0   1
9.7426897297298   0.8   0   0   1
9.75271307307315   0.8   0   0   1
9.76273641641649   0.8   0   0   1
9.77275975975983   0.8   0   0   1
9.78278310310318   0.8   0   0   1
9.79280644644652   0.8   0   0   1
9.80282978978986   0.8   0   0   1
9.81285313313321   0.8   0   0   1
9.82287647647655   0.8   0   0   1
9.83289981981989   0.8   0   0   1
9.84292316316324   0.8   0   0   1
9.85294650650658   0.8   0   0   1
9.86296984984992   0.8   0   0   1
9.87299319319327   0.8   0   0   1
9.88301653653661   0.8   0   0   1
9.89303987987995   0.8   0   0   1
9.9030632232233   0.8   0   0   1
9.91308656656664   0.8   0   0   1
9.92310990990998   0.8   0   0   1
9.93313325325333   0.8   0   0   1
9.94315659659667   0.8   0   0   1
9.95317993994001   0.8   0   0   1
9.96320328328336   0.8   0   0   1
9.9732266266267   0.8   0   0   1
9.98324996997004   0.8   0   0   1
9.99327331331339   0.8   0   0   1
10.0032966566567   0.8   0   0   1
10.0133200000001   0.8   0   0   1
