variables = x,rho,u,v,p
0   3.8571   2.6293   0   10.3333
0.0100233433433433   3.8571   2.6293   0   10.3333
0.0200466866866867   3.8571   2.6293   0   10.3333
0.03007003003003   3.8571   2.6293   0   10.3333
0.0400933733733734   3.8571   2.6293   0   10.3333
0.0501167167167167   3.8571   2.6293   0   10.3333
0.0601400600600601   3.8571   2.6293   0   10.3333
0.0701634034034034   3.8571   2.6293   0   10.3333
0.0801867467467468   3.8571   2.6293   0   10.3333
0.0902100900900901   3.8571   2.6293   0   10.3333
0.100233433433433   3.8571   2.6293   0   10.3333
0.110256776776777   3.8571   2.6293   0   10.3333
0.12028012012012   3.8571   2.6293   0   10.3333
0.130303463463463   3.8571   2.6293   0   10.3333
0.140326806806807   3.8571   2.6293   0   10.3333
0.15035015015015   3.8571   2.6293   0   10.3333
0.160373493493494   3.8571   2.6293   0   10.3333
0.170396836836837   3.8571   2.6293   0   10.3333
0.18042018018018   3.8571   2.6293   0   10.3333
0.190443523523524   3.8571   2.6293   0   10.3333
0.200466866866867   3.8571   2.6293   0   10.3333
0.21049021021021   3.8571   2.6293   0   10.3333
0.220513553553554   3.8571   2.6293   0   10.3333
0.230536896896897   3.8571   2.6293   0   10.3333
0.24056024024024   3.8571   2.6293   0   10.3333
0.250583583583584   3.8571   2.6293   0   10.3333
0.260606926926927   3.8571   2.6293   0   10.3333
0.27063027027027   3.8571   2.6293   0   10.3333
0.280653613613614   3.8571   2.6293   0   10.3333
0.290676956956957   3.8571   2.6293   0   10.3333
0.3007003003003   3.8571   2.6293   0   10.3333
0.310723643643644   3.8571   2.6293   0   10.3333
0.320746986986987   3.8571   2.6293   0   10.3333
0.330770330330331   3.8571   2.6293   0   10.3333
0.340793673673674   3.8571   2.6293   0   10.3333
0.350817017017017   3.8571   2.6293   0   10.3333
0.360840360360361   3.8571   2.6293   0   10.3333
0.370863703703704   3.8571   2.6293   0   10.3333
0.380887047047047   3.8571   2.6293   0   10.3333
0.390910390390391   3.8571   2.6293   0   10.3333
0.400933733733734   3.8571   2.6293   0   10.3333
0.410957077077078   3.8571   2.6293   0   10.3333
0.420980420420421   3.8571   2.6293   0   10.3333
0.431003763763764   3.8571   2.6293   0   10.3333
0.441027107107108   3.8571   2.6293   0   10.3333
0.451050450450451   3.8571   2.6293   0   10.3333
0.461073793793794   3.8571   2.6293   0   10.3333
0.471097137137138   3.8571   2.6293   0   10.3333
0.481120480480481   3.8571   2.6293   0   10.3333
0.491143823823825   3.8571   2.6293   0   10.3333
0.501167167167168   3.8571   2.6293   0   10.3333
0.511190510510511   3.8571   2.6293   0   10.3333
0.521213853853855   3.8571   2.6293   0   10.3333
0.531237197197198   3.8571   2.6293   0   10.3333
0.541260540540541   3.8571   2.6293   0   10.3333
0.551283883883884   3.8571   2.6293   0   10.3333
0.561307227227228   3.8571   2.6293   0   10.3333
0.571330570570571   3.85709999999999   2.6293   -5.86170142343756e-17   10.3333
0.581353913913914   3.85709999999997   2.62930000000002   1.59942520228554e-16   10.3332999999999
0.591377257257258   3.85709999999992   2.62930000000005   -2.90331621255677e-16   10.3332999999996
0.601400600600601   3.8570999999998   2.62930000000012   -3.82124960555729e-16   10.3332999999991
0.611423943943944   3.85709999999956   2.62930000000027   -8.169382216338e-17   10.333299999998
0.621447287287288   3.85709999999903   2.62930000000059   -1.74420551612175e-16   10.3332999999955
0.631470630630631   3.85709999999789   2.62930000000127   -1.9995369895134e-16   10.3332999999904
0.641493973973974   3.85709999999549   2.62930000000272   1.56057847113476e-16   10.3332999999794
0.651517317317318   3.85709999999046   2.62930000000573   1.28899733783942e-16   10.3332999999567
0.661540660660661   3.85709999998007   2.62930000001193   -1.71911568564897e-16   10.3332999999098
0.671564004004004   3.85709999995887   2.62930000002456   -3.54350520429715e-16   10.3332999998145
0.681587347347348   3.85709999991611   2.62930000004996   -3.24660761035913e-16   10.3332999996228
0.691610690690691   3.85709999983089   2.6293000001004   -3.79748149424928e-16   10.333299999242
0.701634034034034   3.85709999966314   2.62930000019941   -9.6026458099551e-17   10.3332999984949
0.711657377377378   3.85709999933693   2.62930000039134   2.43729711360722e-16   10.3332999970468
0.721680720720721   3.85709999871029   2.6293000007589   3.86086239054465e-16   10.3332999942743
0.731704064064064   3.85709999752128   2.62930000145419   5.50198287614484e-16   10.3332999890309
0.741727407407408   3.85709999529283   2.62930000275328   5.11752004822136e-16   10.333299979236
0.751750750750751   3.85709999116761   2.62930000515067   5.84941765598515e-16   10.3332999611639
0.761774094094094   3.8570999836253   2.62930000952032   6.37445699030231e-16   10.3332999282315
0.771797437437437   3.85709997000593   2.62930001738619   8.13458492779134e-16   10.3332998689617
0.781820780780781   3.85709994571798   2.62930003136997   8.29289923241335e-16   10.3332997636152
0.791844124124124   3.85709990294299   2.62930005592073   8.70178409273682e-16   10.3332995787014
0.801867467467467   3.8570998285487   2.62930009848575   8.26452282529313e-16   10.3332992581731
0.811890810810811   3.85709970077985   2.62930017135994   6.51783032201191e-16   10.3332987095216
0.821914154154154   3.8570994840934   2.62930029456072   4.84159145681304e-16   10.3332977821673
0.831937497497497   3.8570991212279   2.62930050022455   2.56690471723005e-16   10.3332962344213
0.841960840840841   3.85709852122578   2.62930083921964   1.68173595011058e-16   10.3332936838065
0.851984184184184   3.85709754164694   2.62930139092393   2.23435849746305e-18   10.3332895336194
0.862007527527527   3.85709596261088   2.62930227743365   -3.5381122533768e-17   10.3332828662456
0.872030870870871   3.85709344958164   2.62930368384328   -6.51450264329364e-17   10.333272290933
0.882054214214214   3.85708950098335   2.62930588666121   9.36516300957332e-17   10.3332557305591
0.892077557557557   3.85708337584832   2.62930929287118   1.53360554438451e-16   10.3332301286057
0.902100900900901   3.85707399583551   2.62931449257076   5.25537053793724e-16   10.333191054416
0.912124244244244   3.8570598152411   2.62932232844705   6.4437640926972e-16   10.3331321823772
0.922147587587587   3.85703865223124   2.62933398549143   9.07881916465044e-16   10.333044619659
0.932170930930931   3.85700747468667   2.629351104191   1.16810106773737e-15   10.3329160584299
0.942194274274274   3.85696213502314   2.62937591983034   1.19782764990349e-15   10.3327297330987
0.952217617617617   3.85689705041943   2.62941142935575   9.89290615841672e-16   10.3324631721053
0.96224096096096   3.85680482829553   2.62946158537833   1.14594371807079e-15   10.3320867480267
0.972264304304304   3.85667584180351   2.62953151425747   7.31007064791347e-16   10.3315620497521
0.982287647647647   3.8564977665356   2.62962775183035   6.37569442803287e-16   10.3308401261183
0.99231099099099   3.85625509740627   2.62975848637821   5.42478649472184e-17   10.3298596806173
1.00233433433433   3.85592867323324   2.62993379413258   -4.59949072824598e-16   10.3285453294705
1.01235767767768   3.85549524512189   2.63016584846535   -2.89530432879723e-16   10.3268060671667
1.02238102102102   3.85492713225725   2.63046908044912   -5.19617460096639e-16   10.3245341101382
1.03240436436436   3.85419201384436   2.63086026636793   -3.15294737129151e-16   10.3216043055981
1.04242770770771   3.85325290739685   2.63135851763452   -1.15391192970093e-16   10.317874293768
1.05245105105105   3.852068380237   2.63198515092675   2.284022868468e-16   10.3131855937785
1.06247439439439   3.85059303226014   2.63276342143159   4.77767494480822e-16   10.3073657443489
1.07249773773774   3.84877827372443   2.63371810975883   1.1539141579534e-15   10.3002315705628
1.08252108108108   3.84657340284566   2.63487496283193   1.58017944539644e-15   10.2915935714412
1.09254442442442   3.8439269659089   2.63625999997241   1.86156661297303e-15   10.2812613364033
1.10256776776777   3.84078835969713   2.63789870629062   2.3676096143288e-15   10.2690498112298
1.11259111111111   3.83710961486091   2.63981514511315   2.82961029886495e-15   10.2547861559276
1.12261445445445   3.83284728191168   2.64203102837053   2.99559112074886e-15   10.238316877395
1.1326377977978   3.8279643308144   2.64456478781696   3.23036403830337e-15   10.2195148862056
1.14266114114114   3.82243197183877   2.64743069030034   3.37991734790378e-15   10.198286122818
1.15268448448449   3.81623130952402   2.6506380372075   3.48153111718383e-15   10.1745754236208
1.16270782782783   3.80935475241684   2.65419048230984   3.61943436316649e-15   10.1483713470461
1.17273117117117   3.80180711691626   2.65808549450419   3.54600763184945e-15   10.1197097470688
1.18275451451452   3.7936063818615   2.66231398351636   3.24413420663676e-15   10.0886759566533
1.19277785785786   3.78478406906776   2.66686009861345   3.05085913896084e-15   10.0554055178666
1.2028012012012   3.77538524175425   2.67170120365531   3.01109706487537e-15   10.020083460516
1.21282454454455   3.76546812617188   2.67680802698779   3.12890489732978e-15   9.98294218173058
1.22284788788789   3.75510337092177   2.68214498193994   3.10720464649462e-15   9.94425801227334
1.23287123123123   3.74437296345675   2.68767065284513   3.08595010986606e-15   9.90434657203847
1.24289457457458   3.73336882483722   2.69333844201942   3.06668525286857e-15   9.86355702042317
1.25291791791792   3.72219110336535   2.6990973741688   3.23576080221482e-15   9.82226530260675
1.26294126126126   3.71094618709769   2.70489305523016   3.27107462124082e-15   9.78086648721234
1.27296460460461   3.69974445649393   2.71066878156975   3.5509129144927e-15   9.73976629193734
1.28298794794795   3.68869780358277   2.71636679171839   3.64435607937577e-15   9.69937190858538
1.29301129129129   3.67791695457241   2.72192964561828   4.09462341590138e-15   9.66008227288176
1.30303463463464   3.66750864954847   2.7273017053627   4.47811585359032e-15   9.62227797983874
1.31305797797798   3.65757275531642   2.73243067700271   4.84311960580807e-15   9.58631112023177
1.32308132132132   3.64819941354974   2.73726915644781   5.00486335207788e-15   9.5524954005287
1.33310466466467   3.63946635252519   2.7417761060513   4.90742008739669e-15   9.52109699423249
1.34312800800801   3.63143651174132   2.74591817523885   4.73358941914137e-15   9.49232663906116
1.35315135135135   3.62415613874285   2.74967077203112   4.61253456086219e-15   9.46633352133191
1.3631746946947   3.61765351100531   2.75301879577778   4.47984956045228e-15   9.44320145764363
1.37319803803804   3.61193840909378   2.7559569569594   3.98744771087715e-15   9.42294778247853
1.38322138138138   3.60700242003274   2.75848963764679   3.61387090632302e-15   9.40552517816081
1.39324472472473   3.60282008554106   2.76063028377956   3.63389602985739e-15   9.39082645457953
1.40326806806807   3.59935083615423   2.76240036310462   3.60014604899147e-15   9.37869202798765
1.41329141141141   3.59654157978389   2.76382796407098   3.67951415640394e-15   9.36891959837221
1.42331475475476   3.59432975320653   2.76494614460253   3.91063489115876e-15   9.36127532268335
1.4333380980981   3.59264660683811   2.76579116008788   4.42562322010573e-15   9.35550565914023
1.44336144144144   3.59142048256485   2.7664007042157   5.06528936568108e-15   9.35134903419775
1.45338478478479   3.59057986193927   2.76681228456557   5.92733445131512e-15   9.3485465588032
1.46340812812813   3.59005600336494   2.76706183008735   6.52970245593543e-15   9.34685117726693
1.47343147147147   3.58978504399508   2.76718259466489   7.54731170955832e-15   9.34603484099536
1.48345481481482   3.58970950530797   2.76720438547809   8.32654611344194e-15   9.34589352589028
1.49347815815816   3.58977920144341   2.7671531119913   8.7843603045827e-15   9.34625012397717
1.50350150150151   3.58995159915523   2.76705062489901   8.66054232931204e-15   9.34695541213813
1.51352484484485   3.59019171330705   2.76691479630496   8.65767291755181e-15   9.34788741968271
1.52354818818819   3.59047164085578   2.76675978315685   9.05640011415096e-15   9.34894957861581
1.53357153153154   3.59076984036026   2.7665964145382   9.26980479234333e-15   9.35006805130068
1.54359487487488   3.59107025601501   2.76643264804517   9.19844410416528e-15   9.35118860084972
1.55361821821822   3.59136136860918   2.76627404904896   8.76565386846355e-15   9.35227331348949
1.56364156156157   3.59163523424729   2.76612425715521   8.23566955065315e-15   9.35329741254771
1.57366490490491   3.59188654826253   2.76598541495863   7.65689605910824e-15   9.35424633171449
1.58368824824825   3.59211174891486   2.76585854406187   6.93019881591169e-15   9.35511314896074
1.5937115915916   3.59230815487841   2.76574386156499   6.13551062668852e-15   9.35589642693819
1.60373493493494   3.59247311328769   2.76564103653103   5.55401880903643e-15   9.35659846304149
1.61375827827828   3.59260312197944   2.76554939030227   4.54028265025656e-15   9.3572239226505
1.62378162162163   3.59269288116916   2.76546804719284   4.06377597845194e-15   9.35777881102483
1.63380496496497   3.59273422683722   2.76539604334002   3.60636171317458e-15   9.35826973074927
1.64382830830831   3.59271490142947   2.76533240171488   2.6171909412213e-15   9.35870337012917
1.65385165165166   3.59261712808383   2.76527618081041   1.79749544949028e-15   9.35908617121618
1.663874994995   3.59241597341732   2.76522650363129   1.06620073613682e-15   9.35942413224349
1.67389833833834   3.59207751155   2.76518257252894   1.03654944486275e-16   9.35972270662735
1.68392168168169   3.59155683838733   2.76514367431904   -4.05442729829157e-16   9.35998676824576
1.69394502502503   3.59079602898638   2.76510917909127   -7.41234348548246e-16   9.36022061972572
1.70396836836837   3.58972217936976   2.76507853522887   -6.70630089478432e-16   9.36042802656506
1.71399171171172   3.588245723018   2.76505126242159   -5.76074531915789e-16   9.36061226492821
1.72401505505506   3.5862592554326   2.76502694387903   -5.94940580844327e-16   9.36077617489399
1.7340383983984   3.58363713033572   2.76500521851684   -8.29492855777377e-16   9.36092221389858
1.74406174174175   3.58023610046288   2.76498577357439   -9.14271213654229e-16   9.3610525072595
1.75408508508509   3.57589725727592   2.76496833790461   -5.26416052355331e-16   9.36116889414874
1.76410842842843   3.57044947187441   2.76495267603305   -6.48936047611988e-16   9.3612729683607
1.77413177177178   3.5637144516897   2.76493858299352   -8.49704454967351e-16   9.36136611382764
1.78415511511512   3.55551340627981   2.76492587989559   -1.00423781632212e-15   9.36144953518311
1.79417845845846   3.54567516777969   2.7649144101535   -9.83607231063508e-16   9.36152428384643
1.80420180180181   3.53404544939715   2.7649040362956   -7.37909517517318e-16   9.36159128016383
1.81422514514515   3.5204967651264   2.76489463727366   -5.86766486190835e-16   9.36165133213808
1.82424848848849   3.50493839458228   2.76488610619642   -2.65531276242679e-16   9.3617051512399
1.83427183183184   3.48732567791593   2.76487834841959   -9.61229092926008e-17   9.36175336573999
1.84429517517518   3.46766788422428   2.7648712799331   -1.62740053518262e-16   9.36179653194266
1.85431851851853   3.44603392477374   2.76486482599477   -4.79028872253414e-16   9.36183514364705
1.86434186186187   3.42255528451063   2.76485891996753   -9.5437948141787e-16   9.36186964011328
1.87436520520521   3.39742571783476   2.76485350232425   -9.97503137694453e-16   9.36190041276845
1.88438854854856   3.37089748463474   2.7648485197904   -1.00820471940089e-15   9.36192781085255
1.8944118918919   3.34327416939706   2.7648439246001   -9.90649665096935e-16   9.3619521461748
1.90443523523524   3.31490040344028   2.76483967384563   -9.84354051325059e-16   9.36197369712606
1.91445857857859   3.28614906917284   2.76483572890407   -1.07599278617261e-15   9.36199271207167
1.92448192192193   3.25740677811614   2.76483205492831   -1.03343738926658e-15   9.36200941223048
1.93450526526527   3.2290585584438   2.76482862039124   -1.31125030392388e-15   9.36202399412786
1.94452860860862   3.20147274787381   2.76482539667455   -1.49349169204503e-15   9.36203663169315
1.95455195195196   3.17498705844893   2.7648223576934   -1.75270666857883e-15   9.36204747805273
1.9645752952953   3.14989666575602   2.76481947954866   -1.86971312648407e-15   9.36205666704578
1.97459863863865   3.126444990496   2.7648167401956   -1.89037139076609e-15   9.36206431445588
1.98462198198199   3.1048176062983   2.76481411911291   -1.96413831299316e-15   9.36207051889808
1.99464532532533   3.08513944986213   2.76481159694463   -1.94201113582887e-15   9.36207536220756
2.00466866866868   3.06747525445507   2.76480915506585   -1.35984019034854e-15   9.36207890900755
2.01469201201202   3.05183289978553   2.76480677498043   -6.68874168878817e-16   9.36208120481867
2.02471535535536   3.03816918960551   2.76480443737753   4.3413503651266e-17   9.36208227147454
2.03473869869871   3.0263974456237   2.76480212051731   6.96743255504717e-16   9.36208209747035
2.04476204204205   3.01639624737193   2.7647997973164   8.71931759530881e-16   9.3620806186975
2.05478538538539   3.00801865017781   2.76479742993012   8.25725339670696e-16   9.36207768086133
2.06480872872874   3.00110126866822   2.76479495953205   7.24218515260387e-16   9.36207296693626
2.07483207207208   2.99547270787613   2.76479228689521   7.70579935249875e-16   9.36206585783514
2.08485541541542   2.99096094169323   2.76478923537576   3.80637311407767e-16   9.36205516548207
2.09487875875877   2.98739936119705   2.76478548025568   6.19403080950132e-17   9.36203862213404
2.10490210210211   2.98463132442902   2.76478041380905   -7.48842925846821e-16   9.36201190416736
2.11492544544545   2.9825131137885   2.76477288761208   -1.30908321360879e-15   9.3619667669931
2.1249487887888   2.98091522133088   2.76476072049013   -1.74076585804504e-15   9.36188748327223
2.13497213213214   2.97972179689277   2.7647397591462   -2.81325322871146e-15   9.36174404328353
2.14499547547548   2.97882784175111   2.76470208519366   -3.75358850128541e-15   9.36147917810596
2.15501881881883   2.97813318655022   2.76463259359051   -4.54522414742347e-15   9.36098360164534
2.16504216216217   2.97753121912885   2.76450246427871   -5.02838826179617e-15   9.36004879362413
2.17506550550551   2.9768882731959   2.76425670801703   -5.46965217897281e-15   9.35827699927419
2.18508884884886   2.97600569547048   2.76379041163224   -6.13143645846827e-15   9.35490983713636
2.1951121921922   2.97454927401783   2.76290343933786   -6.7994703982206e-15   9.34850244960431
2.20513553553555   2.97191700573417   2.76121408356798   -7.10038257760786e-15   9.33630592787362
2.21515887887889   2.96699100178441   2.75799457548487   -7.08623498521592e-15   9.31310378111585
2.22518222222223   2.95767468313277   2.75185814463966   -6.94260890122418e-15   9.26904490779499
2.23520556556558   2.94004326639942   2.74016515411487   -7.14800216105548e-15   9.185698115004
2.24522890890892   2.90683824099021   2.7179019487749   -7.42115307189171e-15   9.02919301744467
2.25525225225226   2.84499521032909   2.67558793620339   -7.66976917838281e-15   8.73944449207422
2.26527559559561   2.73227859067593   2.59547194392212   -7.40560607559228e-15   8.21722251431012
2.27529893893895   2.53512128426469   2.44510956347823   -7.01555753459956e-15   7.32242457971739
2.28532228228229   2.21606173598917   2.16903624274154   -6.06431642122596e-15   5.92725722099647
2.29534562562564   1.7693976333879   1.69151587486837   -4.11272556653488e-15   4.09814106041271
2.30536896896898   1.28837027211909   0.993752768983946   -2.05893110641116e-15   2.34150574771002
2.31539231231232   0.954526825405359   0.336516682020769   -6.99601334101479e-16   1.33901476966376
2.32541565565567   0.829099497122108   0.0607720197221314   -1.8175909209681e-16   1.05356085063442
2.33543899899901   0.804032965240948   0.00829332040008336   -4.84699629043417e-19   1.00710117567232
2.34546234234235   0.800521731092732   0.00107220944228162   -9.27617648632815e-23   1.00091372014996
2.3554856856857   0.800066936567164   0.000137559376062151   -1.28765972924713e-27   1.00011715028616
2.36550902902904   0.800008579000119   1.76304402607365e-05   -1.40578528954902e-33   1.00001501343556
2.37553237237238   0.800001099391453   2.25932585441251e-06   -1.53058668445901e-40   1.00000192393808
2.38555571571573   0.800000140883318   2.89525055644006e-07   -1.69144876055519e-48   1.00000024654585
2.39557905905907   0.80000001805363   3.71014759094393e-08   -1.71134904221372e-57   1.00000003159385
2.40560240240241   0.800000002313492   4.75438816414094e-09   -1.50861588891689e-67   1.00000000404861
2.41562574574576   0.800000000296462   6.09250823120312e-10   -1.1614353803589e-78   1.00000000051881
2.4256490890891   0.80000000003799   7.80716692256258e-11   -7.78562539445055e-91   1.00000000006648
2.43567243243244   0.800000000004868   1.00040789871982e-11   -4.50318665752121e-104   1.00000000000852
2.44569577577579   0.800000000000624   1.28167202400244e-12   -2.20865835154691e-118   1.00000000000109
2.45571911911913   0.80000000000008   1.64008419856044e-13   -8.90643239504384e-134   1.00000000000014
2.46574246246247   0.80000000000001   2.08459140639232e-14   -2.7958857627087e-150   1.00000000000002
2.47576580580582   0.800000000000001   2.47431544349743e-15   -5.98657149340794e-168   1
2.48578914914916   0.8   2.3715473818033e-16   -5.96052546951136e-187   1
2.4958124924925   0.8   0   -1.37110783441995e-218   1
2.50583583583585   0.8   0   0   1
2.51585917917919   0.8   0   0   1
2.52588252252253   0.8   0   0   1
2.53590586586588   0.8   0   0   1
2.54592920920922   0.8   0   0   1
2.55595255255257   0.8   0   0   1
2.56597589589591   0.8   0   0   1
2.57599923923925   0.8   0   0   1
2.5860225825826   0.8   0   0   1
2.59604592592594   0.8   0   0   1
2.60606926926928   0.8   0   0   1
2.61609261261263   0.8   0   0   1
2.62611595595597   0.8   0   0   1
2.63613929929931   0.8   0   0   1
2.64616264264266   0.8   0   0   1
2.656185985986   0.8   0   0   1
2.66620932932934   0.8   0   0   1
2.67623267267269   0.8   0   0   1
2.68625601601603   0.8   0   0   1
2.69627935935937   0.8   0   0   1
2.70630270270272   0.8   0   0   1
2.71632604604606   0.8   0   0   1
2.7263493893894   0.8   0   0   1
2.73637273273275   0.8   0   0   1
2.74639607607609   0.8   0   0   1
2.75641941941943   0.8   0   0   1
2.76644276276278   0.8   0   0   1
2.77646610610612   0.8   0   0   1
2.78648944944946   0.8   0   0   1
2.79651279279281   0.8   0   0   1
2.80653613613615   0.8   0   0   1
2.81655947947949   0.8   0   0   1
2.82658282282284   0.8   0   0   1
2.83660616616618   0.8   0   0   1
2.84662950950952   0.8   0   0   1
2.85665285285287   0.8   0   0   1
2.86667619619621   0.8   0   0   1
2.87669953953955   0.8   0   0   1
2.8867228828829   0.8   0   0   1
2.89674622622624   0.8   0   0   1
2.90676956956958   0.8   0   0   1
2.91679291291293   0.8   0   0   1
2.92681625625627   0.8   0   0   1
2.93683959959962   0.8   0   0   1
2.94686294294296   0.8   0   0   1
2.9568862862863   0.8   0   0   1
2.96690962962965   0.8   0   0   1
2.97693297297299   0.8   0   0   1
2.98695631631633   0.8   0   0   1
2.99697965965968   0.8   0   0   1
3.00700300300302   0.8   0   0   1
3.01702634634636   0.8   0   0   1
3.02704968968971   0.8   0   0   1
3.03707303303305   0.8   0   0   1
3.04709637637639   0.8   0   0   1
3.05711971971974   0.8   0   0   1
3.06714306306308   0.8   0   0   1
3.07716640640642   0.8   0   0   1
3.08718974974977   0.8   0   0   1
3.09721309309311   0.8   0   0   1
3.10723643643645   0.8   0   0   1
3.1172597797798   0.8   0   0   1
3.12728312312314   0.8   0   0   1
3.13730646646648   0.8   0   0   1
3.14732980980983   0.8   0   0   1
3.15735315315317   0.8   0   0   1
3.16737649649651   0.8   0   0   1
3.17739983983986   0.8   0   0   1
3.1874231831832   0.8   0   0   1
3.19744652652654   0.8   0   0   1
3.20746986986989   0.8   0   0   1
3.21749321321323   0.8   0   0   1
3.22751655655657   0.8   0   0   1
3.23753989989992   0.8   0   0   1
3.24756324324326   0.8   0   0   1
3.2575865865866   0.8   0   0   1
3.26760992992995   0.8   0   0   1
3.27763327327329   0.8   0   0   1
3.28765661661664   0.8   0   0   1
3.29767995995998   0.8   0   0   1
3.30770330330332   0.8   0   0   1
3.31772664664667   0.8   0   0   1
3.32774998999001   0.8   0   0   1
3.33777333333335   0.8   0   0   1
3.3477966766767   0.8   0   0   1
3.35782002002004   0.8   0   0   1
3.36784336336338   0.8   0   0   1
3.37786670670673   0.8   0   0   1
3.38789005005007   0.8   0   0   1
3.39791339339341   0.8   0   0   1
3.40793673673676   0.8   0   0   1
3.4179600800801   0.8   0   0   1
3.42798342342344   0.8   0   0   1
3.43800676676679   0.8   0   0   1
3.44803011011013   0.8   0   0   1
3.45805345345347   0.8   0   0   1
3.46807679679682   0.8   0   0   1
3.47810014014016   0.8   0   0   1
3.4881234834835   0.8   0   0   1
3.49814682682685   0.8   0   0   1
3.50817017017019   0.8   0   0   1
3.51819351351353   0.8   0   0   1
3.52821685685688   0.8   0   0   1
3.53824020020022   0.8   0   0   1
3.54826354354356   0.8   0   0   1
3.55828688688691   0.8   0   0   1
3.56831023023025   0.8   0   0   1
3.57833357357359   0.8   0   0   1
3.58835691691694   0.8   0   0   1
3.59838026026028   0.8   0   0   1
3.60840360360362   0.8   0   0   1
3.61842694694697   0.8   0   0   1
3.62845029029031   0.8   0   0   1
3.63847363363366   0.8   0   0   1
3.648496976977   0.8   0   0   1
3.65852032032034   0.8   0   0   1
3.66854366366369   0.8   0   0   1
3.67856700700703   0.8   0   0   1
3.68859035035037   0.8   0   0   1
3.69861369369372   0.8   0   0   1
3.70863703703706   0.8   0   0   1
3.7186603803804   0.8   0   0   1
3.72868372372375   0.8   0   0   1
3.73870706706709   0.8   0   0   1
3.74873041041043   0.8   0   0   1
3.75875375375378   0.8   0   0   1
3.76877709709712   0.8   0   0   1
3.77880044044046   0.8   0   0   1
3.78882378378381   0.8   0   0   1
3.79884712712715   0.8   0   0   1
3.80887047047049   0.8   0   0   1
3.81889381381384   0.8   0   0   1
3.82891715715718   0.8   0   0   1
3.83894050050052   0.8   0   0   1
3.84896384384387   0.8   0   0   1
3.85898718718721   0.8   0   0   1
3.86901053053055   0.8   0   0   1
3.8790338738739   0.8   0   0   1
3.88905721721724   0.8   0   0   1
3.89908056056058   0.8   0   0   1
3.90910390390393   0.8   0   0   1
3.91912724724727   0.8   0   0   1
3.92915059059061   0.8   0   0   1
3.93917393393396   0.8   0   0   1
3.9491972772773   0.8   0   0   1
3.95922062062064   0.8   0   0   1
3.96924396396399   0.8   0   0   1
3.97926730730733   0.8   0   0   1
3.98929065065068   0.8   0   0   1
3.99931399399402   0.8   0   0   1
4.00933733733736   0.8   0   0   1
4.01936068068071   0.8   0   0   1
4.02938402402405   0.8   0   0   1
4.03940736736739   0.8   0   0   1
4.04943071071074   0.8   0   0   1
4.05945405405408   0.8   0   0   1
4.06947739739742   0.8   0   0   1
4.07950074074077   0.8   0   0   1
4.08952408408411   0.8   0   0   1
4.09954742742745   0.8   0   0   1
4.1095707707708   0.8   0   0   1
4.11959411411414   0.8   0   0   1
4.12961745745748   0.8   0   0   1
4.13964080080083   0.8   0   0   1
4.14966414414417   0.8   0   0   1
4.15968748748751   0.8   0   0   1
4.16971083083086   0.8   0   0   1
4.1797341741742   0.8   0   0   1
4.18975751751754   0.8   0   0   1
4.19978086086089   0.8   0   0   1
4.20980420420423   0.8   0   0   1
4.21982754754757   0.8   0   0   1
4.22985089089092   0.8   0   0   1
4.23987423423426   0.8   0   0   1
4.2498975775776   0.8   0   0   1
4.25992092092095   0.8   0   0   1
4.26994426426429   0.8   0   0   1
4.27996760760763   0.8   0   0   1
4.28999095095098   0.8   0   0   1
4.30001429429432   0.8   0   0   1
4.31003763763766   0.8   0   0   1
4.32006098098101   0.8   0   0   1
4.33008432432435   0.8   0   0   1
4.3401076676677   0.8   0   0   1
4.35013101101104   0.8   0   0   1
4.36015435435438   0.8   0   0   1
4.37017769769773   0.8   0   0   1
4.38020104104107   0.8   0   0   1
4.39022438438441   0.8   0   0   1
4.40024772772776   0.8   0   0   1
4.4102710710711   0.8   0   0   1
4.42029441441444   0.8   0   0   1
4.43031775775779   0.8   0   0   1
4.44034110110113   0.8   0   0   1
4.45036444444447   0.8   0   0   1
4.46038778778782   0.8   0   0   1
4.47041113113116   0.8   0   0   1
4.4804344744745   0.8   0   0   1
4.49045781781785   0.8   0   0   1
4.50048116116119   0.8   0   0   1
4.51050450450453   0.8   0   0   1
4.52052784784788   0.8   0   0   1
4.53055119119122   0.8   0   0   1
4.54057453453456   0.8   0   0   1
4.55059787787791   0.8   0   0   1
4.56062122122125   0.8   0   0   1
4.57064456456459   0.8   0   0   1
4.58066790790794   0.8   0   0   1
4.59069125125128   0.8   0   0   1
4.60071459459462   0.8   0   0   1
4.61073793793797   0.8   0   0   1
4.62076128128131   0.8   0   0   1
4.63078462462465   0.8   0   0   1
4.640807967968   0.8   0   0   1
4.65083131131134   0.8   0   0   1
4.66085465465468   0.8   0   0   1
4.67087799799803   0.8   0   0   1
4.68090134134137   0.8   0   0   1
4.69092468468472   0.8   0   0   1
4.70094802802806   0.8   0   0   1
4.7109713713714   0.8   0   0   1
4.72099471471475   0.8   0   0   1
4.73101805805809   0.8   0   0   1
4.74104140140143   0.8   0   0   1
4.75106474474478   0.8   0   0   1
4.76108808808812   0.8   0   0   1
4.77111143143146   0.8   0   0   1
4.78113477477481   0.8   0   0   1
4.79115811811815   0.8   0   0   1
4.80118146146149   0.8   0   0   1
4.81120480480484   0.8   0   0   1
4.82122814814818   0.8   0   0   1
4.83125149149152   0.8   0   0   1
4.84127483483487   0.8   0   0   1
4.85129817817821   0.8   0   0   1
4.86132152152155   0.8   0   0   1
4.8713448648649   0.8   0   0   1
4.88136820820824   0.8   0   0   1
4.89139155155158   0.8   0   0   1
4.90141489489493   0.8   0   0   1
4.91143823823827   0.8   0   0   1
4.92146158158161   0.8   0   0   1
4.93148492492496   0.8   0   0   1
4.9415082682683   0.8   0   0   1
4.95153161161164   0.8   0   0   1
4.96155495495499   0.8   0   0   1
4.97157829829833   0.8   0   0   1
4.98160164164167   0.8   0   0   1
4.99162498498502   0.8   0   0   1
5.00164832832836   0.8   0   0   1
5.0116716716717   0.8   0   0   1
5.02169501501505   0.8   0   0   1
5.03171835835839   0.8   0   0   1
5.04174170170173   0.8   0   0   1
5.05176504504508   0.8   0   0   1
5.06178838838842   0.8   0   0   1
5.07181173173177   0.8   0   0   1
5.08183507507511   0.8   0   0   1
5.09185841841845   0.8   0   0   1
5.1018817617618   0.8   0   0   1
5.11190510510514   0.8   0   0   1
5.12192844844848   0.8   0   0   1
5.13195179179183   0.8   0   0   1
5.14197513513517   0.8   0   0   1
5.15199847847851   0.8   0   0   1
5.16202182182186   0.8   0   0   1
5.1720451651652   0.8   0   0   1
5.18206850850854   0.8   0   0   1
5.19209185185189   0.8   0   0   1
5.20211519519523   0.8   0   0   1
5.21213853853857   0.8   0   0   1
5.22216188188192   0.8   0   0   1
5.23218522522526   0.8   0   0   1
5.2422085685686   0.8   0   0   1
5.25223191191195   0.8   0   0   1
5.26225525525529   0.8   0   0   1
5.27227859859863   0.8   0   0   1
5.28230194194198   0.8   0   0   1
5.29232528528532   0.8   0   0   1
5.30234862862866   0.8   0   0   1
5.31237197197201   0.8   0   0   1
5.32239531531535   0.8   0   0   1
5.33241865865869   0.8   0   0   1
5.34244200200204   0.8   0   0   1
5.35246534534538   0.8   0   0   1
5.36248868868872   0.8   0   0   1
5.37251203203207   0.8   0   0   1
5.38253537537541   0.8   0   0   1
5.39255871871875   0.8   0   0   1
5.4025820620621   0.8   0   0   1
5.41260540540544   0.8   0   0   1
5.42262874874879   0.8   0   0   1
5.43265209209213   0.8   0   0   1
5.44267543543547   0.8   0   0   1
5.45269877877882   0.8   0   0   1
5.46272212212216   0.8   0   0   1
5.4727454654655   0.8   0   0   1
5.48276880880885   0.8   0   0   1
5.49279215215219   0.8   0   0   1
5.50281549549553   0.8   0   0   1
5.51283883883888   0.8   0   0   1
5.52286218218222   0.8   0   0   1
5.53288552552556   0.8   0   0   1
5.54290886886891   0.8   0   0   1
5.55293221221225   0.8   0   0   1
5.56295555555559   0.8   0   0   1
5.57297889889894   0.8   0   0   1
5.58300224224228   0.8   0   0   1
5.59302558558562   0.8   0   0   1
5.60304892892897   0.8   0   0   1
5.61307227227231   0.8   0   0   1
5.62309561561565   0.8   0   0   1
5.633118958959   0.8   0   0   1
5.64314230230234   0.8   0   0   1
5.65316564564568   0.8   0   0   1
5.66318898898903   0.8   0   0   1
5.67321233233237   0.8   0   0   1
5.68323567567571   0.8   0   0   1
5.69325901901906   0.8   0   0   1
5.7032823623624   0.8   0   0   1
5.71330570570574   0.8   0   0   1
5.72332904904909   0.8   0   0   1
5.73335239239243   0.8   0   0   1
5.74337573573577   0.8   0   0   1
5.75339907907912   0.8   0   0   1
5.76342242242246   0.8   0   0   1
5.77344576576581   0.8   0   0   1
5.78346910910915   0.8   0   0   1
5.79349245245249   0.8   0   0   1
5.80351579579584   0.8   0   0   1
5.81353913913918   0.8   0   0   1
5.82356248248252   0.8   0   0   1
5.83358582582587   0.8   0   0   1
5.84360916916921   0.8   0   0   1
5.85363251251255   0.8   0   0   1
5.8636558558559   0.8   0   0   1
5.87367919919924   0.8   0   0   1
5.88370254254258   0.8   0   0   1
5.89372588588593   0.8   0   0   1
5.90374922922927   0.8   0   0   1
5.91377257257261   0.8   0   0   1
5.92379591591596   0.8   0   0   1
5.9338192592593   0.8   0   0   1
5.94384260260264   0.8   0   0   1
5.95386594594599   0.8   0   0   1
5.96388928928933   0.8   0   0   1
5.97391263263267   0.8   0   0   1
5.98393597597602   0.8   0   0   1
5.99395931931936   0.8   0   0   1
6.0039826626627   0.8   0   0   1
6.01400600600605   0.8   0   0   1
6.02402934934939   0.8   0   0   1
6.03405269269273   0.8   0   0   1
6.04407603603608   0.8   0   0   1
6.05409937937942   0.8   0   0   1
6.06412272272276   0.8   0   0   1
6.07414606606611   0.8   0   0   1
6.08416940940945   0.8   0   0   1
6.09419275275279   0.8   0   0   1
6.10421609609614   0.8   0   0   1
6.11423943943948   0.8   0   0   1
6.12426278278283   0.8   0   0   1
6.13428612612617   0.8   0   0   1
6.14430946946951   0.8   0   0   1
6.15433281281286   0.8   0   0   1
6.1643561561562   0.8   0   0   1
6.17437949949954   0.8   0   0   1
6.18440284284289   0.8   0   0   1
6.19442618618623   0.8   0   0   1
6.20444952952957   0.8   0   0   1
6.21447287287292   0.8   0   0   1
6.22449621621626   0.8   0   0   1
6.2345195595596   0.8   0   0   1
6.24454290290295   0.8   0   0   1
6.25456624624629   0.8   0   0   1
6.26458958958963   0.8   0   0   1
6.27461293293298   0.8   0   0   1
6.28463627627632   0.8   0   0   1
6.29465961961966   0.8   0   0   1
6.30468296296301   0.8   0   0   1
6.31470630630635   0.8   0   0   1
6.32472964964969   0.8   0   0   1
6.33475299299304   0.8   0   0   1
6.34477633633638   0.8   0   0   1
6.35479967967972   0.8   0   0   1
6.36482302302307   0.8   0   0   1
6.37484636636641   0.8   0   0   1
6.38486970970975   0.8   0   0   1
6.3948930530531   0.8   0   0   1
6.40491639639644   0.8   0   0   1
6.41493973973978   0.8   0   0   1
6.42496308308313   0.8   0   0   1
6.43498642642647   0.8   0   0   1
6.44500976976981   0.8   0   0   1
6.45503311311316   0.8   0   0   1
6.4650564564565   0.8   0   0   1
6.47507979979985   0.8   0   0   1
6.48510314314319   0.8   0   0   1
6.49512648648653   0.8   0   0   1
6.50514982982988   0.8   0   0   1
6.51517317317322   0.8   0   0   1
6.52519651651656   0.8   0   0   1
6.53521985985991   0.8   0   0   1
6.54524320320325   0.8   0   0   1
6.55526654654659   0.8   0   0   1
6.56528988988994   0.8   0   0   1
6.57531323323328   0.8   0   0   1
6.58533657657662   0.8   0   0   1
6.59535991991997   0.8   0   0   1
6.60538326326331   0.8   0   0   1
6.61540660660665   0.8   0   0   1
6.62542994995   0.8   0   0   1
6.63545329329334   0.8   0   0   1
6.64547663663668   0.8   0   0   1
6.65549997998003   0.8   0   0   1
6.66552332332337   0.8   0   0   1
6.67554666666671   0.8   0   0   1
6.68557001001006   0.8   0   0   1
6.6955933533534   0.8   0   0   1
6.70561669669674   0.8   0   0   1
6.71564004004009   0.8   0   0   1
6.72566338338343   0.8   0   0   1
6.73568672672677   0.8   0   0   1
6.74571007007012   0.8   0   0   1
6.75573341341346   0.8   0   0   1
6.7657567567568   0.8   0   0   1
6.77578010010015   0.8   0   0   1
6.78580344344349   0.8   0   0   1
6.79582678678683   0.8   0   0   1
6.80585013013018   0.8   0   0   1
6.81587347347352   0.8   0   0   1
6.82589681681686   0.8   0   0   1
6.83592016016021   0.8   0   0   1
6.84594350350355   0.8   0   0   1
6.8559668468469   0.8   0   0   1
6.86599019019024   0.8   0   0   1
6.87601353353358   0.8   0   0   1
6.88603687687693   0.8   0   0   1
6.89606022022027   0.8   0   0   1
6.90608356356361   0.8   0   0   1
6.91610690690696   0.8   0   0   1
6.9261302502503   0.8   0   0   1
6.93615359359364   0.8   0   0   1
6.94617693693699   0.8   0   0   1
6.95620028028033   0.8   0   0   1
6.96622362362367   0.8   0   0   1
6.97624696696702   0.8   0   0   1
6.98627031031036   0.8   0   0   1
6.9962936536537   0.8   0   0   1
7.00631699699705   0.8   0   0   1
7.01634034034039   0.8   0   0   1
7.02636368368373   0.8   0   0   1
7.03638702702708   0.8   0   0   1
7.04641037037042   0.8   0   0   1
7.05643371371376   0.8   0   0   1
7.06645705705711   0.8   0   0   1
7.07648040040045   0.8   0   0   1
7.08650374374379   0.8   0   0   1
7.09652708708714   0.8   0   0   1
7.10655043043048   0.8   0   0   1
7.11657377377382   0.8   0   0   1
7.12659711711717   0.8   0   0   1
7.13662046046051   0.8   0   0   1
7.14664380380385   0.8   0   0   1
7.1566671471472   0.8   0   0   1
7.16669049049054   0.8   0   0   1
7.17671383383388   0.8   0   0   1
7.18673717717723   0.8   0   0   1
7.19676052052057   0.8   0   0   1
7.20678386386392   0.8   0   0   1
7.21680720720726   0.8   0   0   1
7.2268305505506   0.8   0   0   1
7.23685389389395   0.8   0   0   1
7.24687723723729   0.8   0   0   1
7.25690058058063   0.8   0   0   1
7.26692392392398   0.8   0   0   1
7.27694726726732   0.8   0   0   1
7.28697061061066   0.8   0   0   1
7.29699395395401   0.8   0   0   1
7.30701729729735   0.8   0   0   1
7.31704064064069   0.8   0   0   1
7.32706398398404   0.8   0   0   1
7.33708732732738   0.8   0   0   1
7.34711067067072   0.8   0   0   1
7.35713401401407   0.8   0   0   1
7.36715735735741   0.8   0   0   1
7.37718070070075   0.8   0   0   1
7.3872040440441   0.8   0   0   1
7.39722738738744   0.8   0   0   1
7.40725073073078   0.8   0   0   1
7.41727407407413   0.8   0   0   1
7.42729741741747   0.8   0   0   1
7.43732076076081   0.8   0   0   1
7.44734410410416   0.8   0   0   1
7.4573674474475   0.8   0   0   1
7.46739079079084   0.8   0   0   1
7.47741413413419   0.8   0   0   1
7.48743747747753   0.8   0   0   1
7.49746082082087   0.8   0   0   1
7.50748416416422   0.8   0   0   1
7.51750750750756   0.8   0   0   1
7.5275308508509   0.8   0   0   1
7.53755419419425   0.8   0   0   1
7.54757753753759   0.8   0   0   1
7.55760088088094   0.8   0   0   1
7.56762422422428   0.8   0   0   1
7.57764756756762   0.8   0   0   1
7.58767091091097   0.8   0   0   1
7.59769425425431   0.8   0   0   1
7.60771759759765   0.8   0   0   1
7.617740940941   0.8   0   0   1
7.62776428428434   0.8   0   0   1
7.63778762762768   0.8   0   0   1
7.64781097097103   0.8   0   0   1
7.65783431431437   0.8   0   0   1
7.66785765765771   0.8   0   0   1
7.67788100100106   0.8   0   0   1
7.6879043443444   0.8   0   0   1
7.69792768768774   0.8   0   0   1
7.70795103103109   0.8   0   0   1
7.71797437437443   0.8   0   0   1
7.72799771771777   0.8   0   0   1
7.73802106106112   0.8   0   0   1
7.74804440440446   0.8   0   0   1
7.7580677477478   0.8   0   0   1
7.76809109109115   0.8   0   0   1
7.77811443443449   0.8   0   0   1
7.78813777777783   0.8   0   0   1
7.79816112112118   0.8   0   0   1
7.80818446446452   0.8   0   0   1
7.81820780780786   0.8   0   0   1
7.82823115115121   0.8   0   0   1
7.83825449449455   0.8   0   0   1
7.84827783783789   0.8   0   0   1
7.85830118118124   0.8   0   0   1
7.86832452452458   0.8   0   0   1
7.87834786786792   0.8   0   0   1
7.88837121121127   0.8   0   0   1
7.89839455455461   0.8   0   0   1
7.90841789789796   0.8   0   0   1
7.9184412412413   0.8   0   0   1
7.92846458458464   0.8   0   0   1
7.93848792792799   0.8   0   0   1
7.94851127127133   0.8   0   0   1
7.95853461461467   0.8   0   0   1
7.96855795795802   0.8   0   0   1
7.97858130130136   0.8   0   0   1
7.9886046446447   0.8   0   0   1
7.99862798798805   0.8   0   0   1
8.00865133133139   0.8   0   0   1
8.01867467467473   0.8   0   0   1
8.02869801801808   0.8   0   0   1
8.03872136136142   0.8   0   0   1
8.04874470470476   0.8   0   0   1
8.05876804804811   0.8   0   0   1
8.06879139139145   0.8   0   0   1
8.07881473473479   0.8   0   0   1
8.08883807807814   0.8   0   0   1
8.09886142142148   0.8   0   0   1
8.10888476476482   0.8   0   0   1
8.11890810810817   0.8   0   0   1
8.12893145145151   0.8   0   0   1
8.13895479479485   0.8   0   0   1
8.1489781381382   0.8   0   0   1
8.15900148148154   0.8   0   0   1
8.16902482482488   0.8   0   0   1
8.17904816816823   0.8   0   0   1
8.18907151151157   0.8   0   0   1
8.19909485485491   0.8   0   0   1
8.20911819819826   0.8   0   0   1
8.2191415415416   0.8   0   0   1
8.22916488488494   0.8   0   0   1
8.23918822822829   0.8   0   0   1
8.24921157157163   0.8   0   0   1
8.25923491491498   0.8   0   0   1
8.26925825825832   0.8   0   0   1
8.27928160160166   0.8   0   0   1
8.28930494494501   0.8   0   0   1
8.29932828828835   0.8   0   0   1
8.30935163163169   0.8   0   0   1
8.31937497497504   0.8   0   0   1
8.32939831831838   0.8   0   0   1
8.33942166166172   0.8   0   0   1
8.34944500500507   0.8   0   0   1
8.35946834834841   0.8   0   0   1
8.36949169169175   0.8   0   0   1
8.3795150350351   0.8   0   0   1
8.38953837837844   0.8   0   0   1
8.39956172172178   0.8   0   0   1
8.40958506506513   0.8   0   0   1
8.41960840840847   0.8   0   0   1
8.42963175175181   0.8   0   0   1
8.43965509509516   0.8   0   0   1
8.4496784384385   0.8   0   0   1
8.45970178178184   0.8   0   0   1
8.46972512512519   0.8   0   0   1
8.47974846846853   0.8   0   0   1
8.48977181181187   0.8   0   0   1
8.49979515515522   0.8   0   0   1
8.50981849849856   0.8   0   0   1
8.5198418418419   0.8   0   0   1
8.52986518518525   0.8   0   0   1
8.53988852852859   0.8   0   0   1
8.54991187187193   0.8   0   0   1
8.55993521521528   0.8   0   0   1
8.56995855855862   0.8   0   0   1
8.57998190190196   0.8   0   0   1
8.59000524524531   0.8   0   0   1
8.60002858858865   0.8   0   0   1
8.610051931932   0.8   0   0   1
8.62007527527534   0.8   0   0   1
8.63009861861868   0.8   0   0   1
8.64012196196203   0.8   0   0   1
8.65014530530537   0.8   0   0   1
8.66016864864871   0.8   0   0   1
8.67019199199206   0.8   0   0   1
8.6802153353354   0.8   0   0   1
8.69023867867874   0.8   0   0   1
8.70026202202209   0.8   0   0   1
8.71028536536543   0.8   0   0   1
8.72030870870877   0.8   0   0   1
8.73033205205212   0.8   0   0   1
8.74035539539546   0.8   0   0   1
8.7503787387388   0.8   0   0   1
8.76040208208215   0.8   0   0   1
8.77042542542549   0.8   0   0   1
8.78044876876883   0.8   0   0   1
8.79047211211218   0.8   0   0   1
8.80049545545552   0.8   0   0   1
8.81051879879886   0.8   0   0   1
8.82054214214221   0.8   0   0   1
8.83056548548555   0.8   0   0   1
8.84058882882889   0.8   0   0   1
8.85061217217224   0.8   0   0   1
8.86063551551558   0.8   0   0   1
8.87065885885892   0.8   0   0   1
8.88068220220227   0.8   0   0   1
8.89070554554561   0.8   0   0   1
8.90072888888895   0.8   0   0   1
8.9107522322323   0.8   0   0   1
8.92077557557564   0.8   0   0   1
8.93079891891898   0.8   0   0   1
8.94082226226233   0.8   0   0   1
8.95084560560567   0.8   0   0   1
8.96086894894901   0.8   0   0   1
8.97089229229236   0.8   0   0   1
8.9809156356357   0.8   0   0   1
8.99093897897905   0.8   0   0   1
9.00096232232239   0.8   0   0   1
9.01098566566573   0.8   0   0   1
9.02100900900908   0.8   0   0   1
9.03103235235242   0.8   0   0   1
9.04105569569576   0.8   0   0   1
9.05107903903911   0.8   0   0   1
9.06110238238245   0.8   0   0   1
9.07112572572579   0.8   0   0   1
9.08114906906914   0.8   0   0   1
9.09117241241248   0.8   0   0   1
9.10119575575582   0.8   0   0   1
9.11121909909917   0.8   0   0   1
9.12124244244251   0.8   0   0   1
9.13126578578585   0.8   0   0   1
9.1412891291292   0.8   0   0   1
9.15131247247254   0.8   0   0   1
9.16133581581588   0.8   0   0   1
9.17135915915923   0.8   0   0   1
9.18138250250257   0.8   0   0   1
9.19140584584591   0.8   0   0   1
9.20142918918926   0.8   0   0   1
9.2114525325326   0.8   0   0   1
9.22147587587594   0.8   0   0   1
9.23149921921929   0.8   0   0   1
9.24152256256263   0.8   0   0   1
9.25154590590597   0.8   0   0   1
9.26156924924932   0.8   0   0   1
9.27159259259266   0.8   0   0   1
9.281615935936   0.8   0   0   1
9.29163927927935   0.8   0   0   1
9.30166262262269   0.8   0   0   1
9.31168596596603   0.8   0   0   1
9.32170930930938   0.8   0   0   1
9.33173265265272   0.8   0   0   1
9.34175599599607   0.8   0   0   1
9.35177933933941   0.8   0   0   1
9.36180268268275   0.8   0   0   1
9.3718260260261   0.8   0   0   1
9.38184936936944   0.8   0   0   1
9.39187271271278   0.8   0   0   1
9.40189605605613   0.8   0   0   1
9.41191939939947   0.8   0   0   1
9.42194274274281   0.8   0   0   1
9.43196608608616   0.8   0   0   1
9.4419894294295   0.8   0   0   1
9.45201277277284   0.8   0   0   1
9.46203611611619   0.8   0   0   1
9.47205945945953   0.8   0   0   1
9.48208280280287   0.8   0   0   1
9.49210614614622   0.8   0   0   1
9.50212948948956   0.8   0   0   1
9.5121528328329   0.8   0   0   1
9.52217617617625   0.8   0   0   1
9.53219951951959   0.8   0   0   1
9.54222286286293   0.8   0   0   1
9.55224620620628   0.8   0   0   1
9.56226954954962   0.8   0   0   1
9.57229289289296   0.8   0   0   1
9.58231623623631   0.8   0   0   1
9.59233957957965   0.8   0   0   1
9.60236292292299   0.8   0   0   1
9.61238626626634   0.8   0   0   1
9.62240960960968   0.8   0   0   1
9.63243295295302   0.8   0   0   1
9.64245629629637   0.8   0   0   1
9.65247963963971   0.8   0   0   1
9.66250298298305   0.8   0   0   1
9.6725263263264   0.8   0   0   1
9.68254966966974   0.8   0   0   1
9.69257301301309   0.8   0   0   1
9.70259635635643   0.8   0   0   1
9.71261969969977   0.8   0   0   1
9.72264304304312   0.8   0   0   1
9.73266638638646   0.8   0   0   1
9.7426897297298   0.8   0   0   1
9.75271307307315   0.8   0   0   1
9.76273641641649   0.8   0   0   1
9.77275975975983   0.8   0   0   1
9.78278310310318   0.8   0   0   1
9.79280644644652   0.8   0   0   1
9.80282978978986   0.8   0   0   1
9.81285313313321   0.8   0   0   1
9.82287647647655   0.8   0   0   1
9.83289981981989   0.8   0   0   1
9.84292316316324   0.8   0   0   1
9.85294650650658   0.8   0   0   1
9.86296984984992   0.8   0   0   1
9.87299319319327   0.8   0   0   1
9.88301653653661   0.8   0   0   1
9.89303987987995   0.8   0   0   1
9.9030632232233   0.8   0   0   1
9.91308656656664   0.8   0   0   1
9.92310990990998   0.8   0   0   1
9.93313325325333   0.8   0   0   1
9.94315659659667   0.8   0   0   1
9.95317993994001   0.8   0   0   1
9.96320328328336   0.8   0   0   1
9.9732266266267   0.8   0   0   1
9.98324996997004   0.8   0   0   1
9.99327331331339   0.8   0   0   1
10.0032966566567   0.8   0   0   1
10.0133200000001   0.8   0   0   1
