variables = x,rho,u,v,p
0   3.8571   2.6293   0   10.3333
0.0100233433433433   3.8571   2.6293   0   10.3333
0.0200466866866867   3.8571   2.6293   0   10.3333
0.03007003003003   3.8571   2.6293   0   10.3333
0.0400933733733734   3.8571   2.6293   0   10.3333
0.0501167167167167   3.8571   2.6293   0   10.3333
0.0601400600600601   3.8571   2.6293   0   10.3333
0.0701634034034034   3.8571   2.6293   0   10.3333
0.0801867467467468   3.8571   2.6293   0   10.3333
0.0902100900900901   3.8571   2.6293   0   10.3333
0.100233433433433   3.8571   2.6293   0   10.3333
0.110256776776777   3.8571   2.6293   0   10.3333
0.12028012012012   3.8571   2.6293   0   10.3333
0.130303463463463   3.8571   2.6293   0   10.3333
0.140326806806807   3.8571   2.6293   0   10.3333
0.15035015015015   3.8571   2.6293   0   10.3333
0.160373493493494   3.8571   2.6293   0   10.3333
0.170396836836837   3.8571   2.6293   0   10.3333
0.18042018018018   3.8571   2.6293   0   10.3333
0.190443523523524   3.8571   2.6293   0   10.3333
0.200466866866867   3.8571   2.6293   0   10.3333
0.21049021021021   3.8571   2.6293   0   10.3333
0.220513553553554   3.8571   2.6293   0   10.3333
0.230536896896897   3.8571   2.6293   0   10.3333
0.24056024024024   3.8571   2.6293   0   10.3333
0.250583583583584   3.8571   2.6293   0   10.3333
0.260606926926927   3.8571   2.6293   0   10.3333
0.27063027027027   3.8571   2.6293   0   10.3333
0.280653613613614   3.8571   2.6293   0   10.3333
0.290676956956957   3.8571   2.6293   0   10.3333
0.3007003003003   3.8571   2.6293   0   10.3333
0.310723643643644   3.8571   2.6293   0   10.3333
0.320746986986987   3.8571   2.6293   0   10.3333
0.330770330330331   3.8571   2.6293   0   10.3333
0.340793673673674   3.8571   2.6293   0   10.3333
0.350817017017017   3.8571   2.6293   0   10.3333
0.360840360360361   3.8571   2.6293   0   10.3333
0.370863703703704   3.8571   2.6293   0   10.3333
0.380887047047047   3.8571   2.6293   0   10.3333
0.390910390390391   3.8571   2.6293   0   10.3333
0.400933733733734   3.8571   2.6293   0   10.3333
0.410957077077078   3.8571   2.6293   0   10.3333
0.420980420420421   3.8571   2.6293   0   10.3333
0.431003763763764   3.8571   2.6293   0   10.3333
0.441027107107108   3.8571   2.6293   0   10.3333
0.451050450450451   3.8571   2.6293   0   10.3333
0.461073793793794   3.8571   2.6293   0   10.3333
0.471097137137138   3.8571   2.6293   0   10.3333
0.481120480480481   3.8571   2.6293   0   10.3333
0.491143823823825   3.8571   2.6293   0   10.3333
0.501167167167168   3.8571   2.6293   0   10.3333
0.511190510510511   3.8571   2.6293   0   10.3333
0.521213853853855   3.8571   2.6293   0   10.3333
0.531237197197198   3.8571   2.6293   0   10.3333
0.541260540540541   3.8571   2.6293   0   10.3333
0.551283883883884   3.8571   2.6293   0   10.3333
0.561307227227228   3.8571   2.6293   0   10.3333
0.571330570570571   3.85709999999999   2.6293   -3.54413726673853e-17   10.3333
0.581353913913914   3.85709999999996   2.62930000000002   1.71460799927349e-16   10.3332999999998
0.591377257257258   3.85709999999991   2.62930000000006   -2.34414991096722e-16   10.3332999999996
0.601400600600601   3.85709999999979   2.62930000000013   -3.08975122836036e-16   10.333299999999
0.611423943943944   3.85709999999952   2.62930000000029   -6.04123413852021e-16   10.3332999999978
0.621447287287288   3.85709999999895   2.62930000000063   -5.12573283920638e-16   10.3332999999952
0.631470630630631   3.85709999999775   2.62930000000136   -2.55951290881746e-16   10.3332999999897
0.641493973973974   3.85709999999521   2.62930000000288   1.25186978749865e-17   10.3332999999782
0.651517317317318   3.85709999998993   2.62930000000604   2.88709954853964e-16   10.3332999999543
0.661540660660661   3.85709999997907   2.62930000001252   2.63209650455587e-16   10.3332999999054
0.671564004004004   3.85709999995703   2.62930000002563   2.83885842408043e-16   10.3332999998064
0.681587347347348   3.85709999991281   2.62930000005185   -1.63511175994792e-17   10.3332999996085
0.691610690690691   3.85709999982514   2.62930000010369   -2.94206757404874e-16   10.3332999992173
0.701634034034034   3.8570999996534   2.62930000020492   -2.7789005756216e-17   10.3332999984534
0.711657377377378   3.85709999932103   2.62930000040025   3.06095426054456e-16   10.3332999969799
0.721680720720721   3.85709999868551   2.6293000007726   5.04139258383135e-16   10.3332999941715
0.731704064064064   3.85709999748504   2.62930000147382   4.20875676895512e-16   10.3332999888837
0.741727407407408   3.85709999524485   2.62930000277837   4.80708801199323e-16   10.3332999790483
0.751750750750751   3.85709999111519   2.62930000517588   6.5532661592254e-16   10.3332999609765
0.761774094094094   3.85709998359518   2.62930000952834   4.3601384433376e-16   10.3332999281758
0.771797437437437   3.85709997006863   2.62930001733322   4.39361834593088e-16   10.3332998693693
0.781820780780781   3.85709994603595   2.62930003115751   4.60072241866386e-16   10.3332997652305
0.791844124124124   3.85709990386141   2.6293000553427   9.33173497651612e-16   10.3332995830806
0.801867467467467   3.85709983076147   2.62930009713262   9.23011353822346e-16   10.3332992684061
0.811890810810811   3.85709970562391   2.62930016844996   7.8158276873522e-16   10.3332987315033
0.821914154154154   3.85709949405661   2.6293002886505   4.32866841209256e-16   10.3332978267763
0.831937497497497   3.85709914080368   2.62930048872507   1.60772345908124e-16   10.3332963211617
0.841960840840841   3.8570985583171   2.62930081760558   1.97388592685259e-16   10.3332938467554
0.851984184184184   3.85709760982063   2.62930135147141   1.92764513514142e-16   10.3332898309185
0.862007527527527   3.85709608463697   2.62930220724909   -8.82848962826738e-17   10.3332833949174
0.872030870870871   3.85709366286971   2.62930356185215   -6.59080509829742e-17   10.3332732095069
0.882054214214214   3.85708986575269   2.62930567910669   -8.76224513141115e-17   10.3332572928834
0.892077557557557   3.85708398714269   2.62930894672998   -9.15417374936745e-17   10.3332327332858
0.902100900900901   3.85707500080951   2.62931392613116   1.09227166769863e-16   10.3331953155349
0.912124244244244   3.85706143748611   2.62932141812254   5.77301699009564e-16   10.3331390284342
0.922147587587587   3.85704122524315   2.62933254778011   1.18892996069831e-15   10.3330554288735
0.932170930930931   3.85701148685384   2.62934887156431   1.50334602397277e-15   10.3329328394939
0.942194274274274   3.85696828866313   2.62937250928066   1.68712187709893e-15   10.3327553608405
0.952217617617617   3.856906337328   2.62940630239701   1.79429672946973e-15   10.3325016870091
0.96224096096096   3.85681862389237   2.62945399852774   1.55435264036219e-15   10.3321437267495
0.972264304304304   3.85669601916521   2.62952045947705   1.50345586886621e-15   10.3316450503293
0.982287647647647   3.85652683031415   2.62961188711315   1.18601150990893e-15   10.3309592061567
0.99231099099099   3.85629633579747   2.62973605763865   5.9137078800559e-16   10.3300279793311
1.00233433433433   3.85598632380509   2.62990255078261   1.24824415107617e-16   10.3287796950745
1.01235767767768   3.85557466754808   2.63012295645983   -1.59952333062978e-16   10.3271277004104
1.02238102102102   3.8550349780368   2.63041103804614   -3.76068095618297e-16   10.3249691835424
1.03240436436436   3.85433638023856   2.6307828292057   -3.69200032334306e-16   10.322184507526
1.04242770770771   3.85344346046918   2.63125664077648   -2.71416838158751e-16   10.3186372383644
1.05245105105105   3.85231643046382   2.63185295606539   -6.04131794048877e-17   10.3141750336634
1.06247439439439   3.85091154607782   2.63259419729181   -5.06048167242451e-17   10.3086315241825
1.07249773773774   3.84918180587061   2.63350435279449   3.33570634521264e-16   10.3018292671351
1.08252108108108   3.84707793753684   2.6346084635522   6.39473609585037e-16   10.2935837799709
1.09254442442442   3.84454965964438   2.63593197777242   1.290885768737e-15   10.2837085825355
1.10256776776777   3.84154718442698   2.63749999270695   1.84549584697206e-15   10.2720210921776
1.11259111111111   3.8380229068433   2.63933641227718   2.14373344195335e-15   10.2583491399674
1.12261445445445   3.83393320813518   2.64146305642391   2.38105630583028e-15   10.2425378157935
1.1326377977978   3.82924029069074   2.6438987624967   2.84166063303032e-15   10.2244563129765
1.14266114114114   3.82391395640193   2.64665852003531   2.99100958207535e-15   10.2040044333362
1.15268448448449   3.81793324322312   2.6497526780198   3.11768753888512e-15   10.1811184317832
1.16270782782783   3.81128784363927   2.65318625858207   3.46379966882478e-15   10.1557759220806
1.17273117117117   3.80397924275899   2.65695840413385   3.22680872201311e-15   10.1279996260299
1.18275451451452   3.7960215307371   2.66106197691967   3.14306035790427e-15   10.0978598186581
1.19277785785786   3.78744186198399   2.66548332220214   3.15586101235644e-15   10.0654753932729
1.2028012012012   3.77828055008138   2.67020219953469   3.20091958597388e-15   10.0310135346842
1.21282454454455   3.7685908008985   2.67519188150201   3.24321920014219e-15   9.99468804061324
1.22284788788789   3.75843809614383   2.68041941619484   3.13246349999526e-15   9.9567563671451
1.23287123123123   3.7478992452915   2.6858460484577   2.95964514127889e-15   9.91751549370007
1.24289457457458   3.73706112600666   2.6914277951858   3.29593530300664e-15   9.87729670878672
1.25291791791792   3.72601913300787   2.69711617095028   3.1634769223548e-15   9.83645941437332
1.26294126126126   3.71487535436727   2.70285906108471   2.96050140073698e-15   9.79538404027988
1.27296460460461   3.70373649444741   2.70860173904818   3.03888644498185e-15   9.75446415754801
1.28298794794795   3.69271156591537   2.71428802237673   3.26521631183368e-15   9.71409788815305
1.29301129129129   3.6819093811878   2.71986155600197   3.43835485498145e-15   9.67467873336808
1.30303463463464   3.67143588725111   2.72526720266613   3.92598179628556e-15   9.63658598788523
1.31305797797798   3.66139140708261   2.73045250768388   4.22836933197232e-15   9.60017497116452
1.32308132132132   3.65186787455894   2.73536919025027   4.38694113342921e-15   9.56576738643998
1.33310466466467   3.64294617493798   2.73997459762479   4.58729191522615e-15   9.53364220110624
1.34312800800801   3.6346937254402   2.74423304443867   4.85601695321435e-15   9.50402751462072
1.35315135135135   3.62716244482388   2.74811695026577   4.92124090827514e-15   9.47709392308905
1.3631746946947   3.62038726171902   2.75160768768501   5.06991061133952e-15   9.45294988475147
1.37319803803804   3.61438529455639   2.75469606284515   5.22227938252952e-15   9.43163952331632
1.38322138138138   3.60915579938115   2.75738237197879   4.83301621671969e-15   9.41314317108311
1.39324472472473   3.60468092738813   2.75967600921175   4.46975923938893e-15   9.3973807581476
1.40326806806807   3.6009272672552   2.76159463986649   4.24779792756539e-15   9.38421791829287
1.41329141141141   3.59784807711998   2.76316299388498   4.13196588868955e-15   9.373474438105
1.42331475475476   3.59538604781203   2.76441136978274   4.15710038634196e-15   9.36493446028177
1.4333380980981   3.59347639260425   2.76537396499224   4.27551339287213e-15   9.35835769923081
1.44336144144144   3.59205003638702   2.76608715968627   4.67293958622398e-15   9.35349086070217
1.45338478478479   3.59103668157458   2.76658787696746   5.19438095219524e-15   9.3500784855745
1.46340812812813   3.59036755723241   2.76691212425484   5.47707621487339e-15   9.34787255231823
1.47343147147147   3.5899777058215   2.76709379262813   6.2271915558429e-15   9.34664035037787
1.48345481481482   3.58980772008154   2.76716375787167   7.06062866344351e-15   9.34617034687523
1.49347815815816   3.58980490188012   2.76714929413148   7.63536595709092e-15   9.34627597958495
1.50350150150151   3.58992386751055   2.76707378269546   7.87701700322777e-15   9.34679749296156
1.51352484484485   3.59012666447264   2.76695667717528   8.20729749567323e-15   9.3476020728919
1.52354818818819   3.59038249057555   2.76681367341674   8.12888712534589e-15   9.34858262180782
1.53357153153154   3.59066711722071   2.76665702746924   8.51473559487263e-15   9.34965555005816
1.54359487487488   3.59096211687404   2.76649596657037   9.1326341139053e-15   9.35075795002048
1.55361821821822   3.59125398307929   2.76633714448603   9.23797920612071e-15   9.35184447811026
1.56364156156157   3.5915332133177   2.76618510172994   8.72709192869898e-15   9.35288420936491
1.57366490490491   3.59179340377022   2.76604270141989   8.51904393252424e-15   9.35385766123309
1.58368824824825   3.59203038318297   2.76591152145388   8.38877687732655e-15   9.35475411675356
1.5937115915916   3.59224139246183   2.76579219239734   7.84234379397416e-15   9.35556931870762
1.60373493493494   3.59242429855995   2.76568467747511   6.9080708445888e-15   9.35630355901526
1.61375827827828   3.59257681643017   2.76558849621428   6.18810830614131e-15   9.35696015271446
1.62378162162163   3.59269570180106   2.76550289668926   5.61724424949005e-15   9.35754426271755
1.63380496496497   3.5927758707734   2.76542698323099   4.87597720784023e-15   9.35806202852046
1.64382830830831   3.59280940032451   2.76535980720127   3.90120058928177e-15   9.35851994699411
1.65385165165166   3.59278436754416   2.76530042833031   3.2611807761095e-15   9.35892445407641
1.663874994995   3.59268349574823   2.76524795347171   2.70727018450424e-15   9.35928166057374
1.67389833833834   3.59248259344442   2.76520155868956   1.89796122990606e-15   9.35959720169016
1.68392168168169   3.59214879807819   2.76516049954485   6.63671280810729e-16   9.35987616705749
1.69394502502503   3.59163867053016   2.76512411342033   -1.12963413762269e-16   9.36012308505956
1.70396836836837   3.59089622739446   2.76509181679456   -6.68941373563035e-16   9.36034194158879
1.71399171171172   3.58985104369899   2.76506309958565   -1.27104027763736e-15   9.36053621876929
1.72401505505506   3.58841660492949   2.76503751804633   -1.58147069199607e-15   9.36070894354722
1.7340383983984   3.58648912846135   2.76501468719674   -1.67610683374904e-15   9.36086273943093
1.74406174174175   3.58394710405999   2.76499427341286   -1.50607741572576e-15   9.36099987717678
1.75408508508509   3.58065181372047   2.76497598752603   -1.5833579184659e-15   9.3611223220092
1.76410842842843   3.5764490759434   2.76495957860919   -1.39110524743277e-15   9.36123177618734
1.77413177177178   3.57117241334856   2.76494482850843   -1.31653945521279e-15   9.36132971652451
1.78415511511512   3.56464776290015   2.76493154710726   -1.2148318900689e-15   9.36141742694952
1.79417845845846   3.55669973644871   2.76491956827101   -9.83109767810242e-16   9.36149602646592
1.80420180180181   3.54715930186309   2.76490874639982   -9.44402725627018e-16   9.36156649298962
1.81422514514515   3.53587260250406   2.76489895351268   -1.0083029876124e-15   9.36162968357992
1.82424848848849   3.52271048001744   2.76489007678724   -7.36689285897946e-16   9.36168635156266
1.83427183183184   3.50757812992472   2.76488201648553   -3.47182108066539e-16   9.36173716100036
1.84429517517518   3.49042421944501   2.76487468420379   3.02859090148e-16   9.36178269891052
1.85431851851853   3.47124874879265   2.76486800139269   3.16221666427264e-17   9.36182348557805
1.86434186186187   3.45010895296167   2.76486189810195   -2.62252713369917e-16   9.36185998325677
1.87436520520521   3.42712262637068   2.76485631191052   -5.37624339526384e-16   9.36189260351007
1.88438854854856   3.40246840542422   2.76485118700995   -4.33525759771967e-16   9.36192171340265
1.8944118918919   3.37638275343938   2.76484647341383   -3.17223482342585e-16   9.36194764072376
1.90443523523524   3.34915364030338   2.76484212627131   -6.84301175352012e-16   9.36197067839567
1.91445857857859   3.32111117180366   2.76483810526638   -8.02359222858275e-16   9.36199108819901
1.92448192192193   3.29261567406818   2.7648343740883   -7.42578496500531e-16   9.3620091039281
1.93450526526527   3.26404395068902   2.76483089996121   -7.88007528309606e-16   9.36202493407239
1.94452860860862   3.23577458140237   2.76482765322323   -1.08453040710811e-15   9.36203876410529
1.95455195195196   3.20817320587788   2.7648246069469   -1.21816888356122e-15   9.36205075844641
1.9645752952953   3.18157872710463   2.76482173659393   -1.55493805227901e-15   9.36206106214807
1.97459863863865   3.15629127836471   2.76481901969706   -1.9517905829823e-15   9.36206980233804
1.98462198198199   3.1325626371097   2.76481643556109   -2.25852784487994e-15   9.36207708942583
1.99464532532533   3.11058955671206   2.76481396497134   -2.40866860345851e-15   9.36208301804296
2.00466866866868   3.09051024626405   2.76481158989135   -2.19536546742972e-15   9.36208766762484
2.01469201201202   3.07240398421848   2.76480929311707   -1.69473670568017e-15   9.36209110243123
2.02471535535536   3.05629362719743   2.76480705782814   -1.14140071748685e-15   9.36209337059734
2.03473869869871   3.04215059019731   2.76480486692369   -2.31862267835619e-16   9.36209450142132
2.04476204204205   3.02990174220955   2.76480270192986   6.55450113822854e-16   9.36209449935911
2.05478538538539   3.01943758855497   2.76480054107287   9.4892703474086e-16   9.36209333179678
2.06480872872874   3.01062109763887   2.76479835574181   1.04839983028851e-15   9.36209090499067
2.07483207207208   3.00329656885668   2.7647961038588   1.31533291353864e-15   9.36208701744577
2.08485541541542   2.99729801872322   2.76479371732228   1.20834132917386e-15   9.36208127021696
2.09487875875877   2.99245666952352   2.7647910781082   8.0477278176188e-16   9.36207289492524
2.10490210210211   2.98860724282394   2.76478797268346   4.3366767674873e-16   9.36206042458698
2.11492544544545   2.98559287230833   2.76478400497442   -4.03793070912596e-16   9.36204106421999
2.1249487887888   2.98326853913281   2.76477843017138   -9.60726018181932e-16   9.36200948816598
2.13497213213214   2.98150297824284   2.76476983737653   -1.64593972266707e-15   9.36195554299737
2.14499547547548   2.98017897840252   2.76475554371564   -2.48600685080149e-15   9.36185986167949
2.15501881881883   2.97919185734759   2.76473043780142   -3.1536045992197e-15   9.36168549224643
2.16504216216217   2.97844555557877   2.76468477251751   -3.90531239379148e-15   9.36136192386791
2.17506550550551   2.97784510492583   2.76459995332207   -4.51313021931987e-15   9.36075461523944
2.18508884884886   2.97728289902809   2.76444050292497   -5.18664864051714e-15   9.35960689095327
2.1951121921922   2.97661366589612   2.76413873332937   -5.65935008621423e-15   9.35742921858741
2.20513553553555   2.97560826730723   2.76356551186737   -6.01934328053472e-15   9.35328844537562
2.21515887887889   2.97386747341397   2.76247451984424   -6.56729237211521e-15   9.34540741683022
2.22518222222223   2.97066015780376   2.76039601601067   -7.16562728168976e-15   9.33040728928705
2.23520556556558   2.96461993295901   2.75643452872088   -7.44875693101881e-15   9.30188416602465
2.24522890890892   2.95318129090017   2.74888420917093   -7.78466878762165e-15   9.24777314358882
2.25525225225226   2.93155332843555   2.73449981689131   -7.5714158917324e-15   9.14560330929665
2.26527559559561   2.89093380145917   2.70712411541897   -7.80244639870281e-15   8.95444408703044
2.27529893893895   2.81569621209099   2.65514121720067   -7.73285589731596e-15   8.60295479548785
2.28532228228229   2.67999754072439   2.55692051916839   -7.32077253269147e-15   7.97760057364636
2.29534562562564   2.44731178740665   2.37348877410353   -6.62911185477099e-15   6.93175422866064
2.30536896896898   2.08454482372167   2.04105335070028   -5.38346106461685e-15   5.37258914565813
2.31539231231232   1.61032009085094   1.48676103816077   -3.48811864006132e-15   3.48824590570167
2.32541565565567   1.15728361420626   0.755050365350325   -1.59940985634043e-15   1.91833029090151
2.33543899899901   0.89517322492043   0.205363266119601   -4.55676905553909e-16   1.19441347857866
2.34546234234235   0.815694997825394   0.0324743078026227   -1.2796241683697e-16   1.02819824279753
2.3554856856857   0.802094546600933   0.00430522714830493   -1.92948081676244e-19   1.00367686039534
2.36550902902904   0.800269701115021   0.0005542572053721   -1.442221665358e-23   1.00047216084064
2.37553237237238   0.800034582390315   7.10692100358087e-05   -5.73054163017777e-29   1.00006052219614
2.38555571571573   0.80000443198628   9.10803700785555e-06   -1.06264270532316e-35   1.00000775602545
2.39557905905907   0.800000567951958   1.16718050497172e-06   -1.23089053502914e-45   1.00000099391674
2.40560240240241   0.800000072781317   1.49570655912967e-07   -1.09959150474813e-54   1.00000012736732
2.41562574574576   0.800000009326668   1.91669520875905e-08   -2.21933979380792e-64   1.00000001632167
2.4256490890891   0.800000001195176   2.45616902860818e-09   -3.93219112167915e-75   1.00000000209156
2.43567243243244   0.800000000153156   3.14746945566353e-10   -6.12897531562756e-87   1.00000000026802
2.44569577577579   0.800000000019626   4.03328862916794e-11   -8.50329059518872e-100   1.00000000003434
2.45571911911913   0.800000000002515   5.16816552600633e-12   -1.04718453116685e-113   1.0000000000044
2.46574246246247   0.800000000000322   6.62060138800867e-13   -1.19905362252083e-128   1.00000000000056
2.47576580580582   0.800000000000041   8.44976254591996e-14   -1.40412013363276e-144   1.00000000000007
2.48578914914916   0.800000000000005   1.05849293839529e-14   -1.6411995385087e-161   1.00000000000001
2.4958124924925   0.800000000000001   1.20948001395345e-15   -1.74662895628897e-179   1
2.50583583583585   0.8   1.02766211603142e-16   -1.11407821215679e-198   1
2.51585917917919   0.8   0   0   1
2.52588252252253   0.8   0   0   1
2.53590586586588   0.8   0   0   1
2.54592920920922   0.8   0   0   1
2.55595255255257   0.8   0   0   1
2.56597589589591   0.8   0   0   1
2.57599923923925   0.8   0   0   1
2.5860225825826   0.8   0   0   1
2.59604592592594   0.8   0   0   1
2.60606926926928   0.8   0   0   1
2.61609261261263   0.8   0   0   1
2.62611595595597   0.8   0   0   1
2.63613929929931   0.8   0   0   1
2.64616264264266   0.8   0   0   1
2.656185985986   0.8   0   0   1
2.66620932932934   0.8   0   0   1
2.67623267267269   0.8   0   0   1
2.68625601601603   0.8   0   0   1
2.69627935935937   0.8   0   0   1
2.70630270270272   0.8   0   0   1
2.71632604604606   0.8   0   0   1
2.7263493893894   0.8   0   0   1
2.73637273273275   0.8   0   0   1
2.74639607607609   0.8   0   0   1
2.75641941941943   0.8   0   0   1
2.76644276276278   0.8   0   0   1
2.77646610610612   0.8   0   0   1
2.78648944944946   0.8   0   0   1
2.79651279279281   0.8   0   0   1
2.80653613613615   0.8   0   0   1
2.81655947947949   0.8   0   0   1
2.82658282282284   0.8   0   0   1
2.83660616616618   0.8   0   0   1
2.84662950950952   0.8   0   0   1
2.85665285285287   0.8   0   0   1
2.86667619619621   0.8   0   0   1
2.87669953953955   0.8   0   0   1
2.8867228828829   0.8   0   0   1
2.89674622622624   0.8   0   0   1
2.90676956956958   0.8   0   0   1
2.91679291291293   0.8   0   0   1
2.92681625625627   0.8   0   0   1
2.93683959959962   0.8   0   0   1
2.94686294294296   0.8   0   0   1
2.9568862862863   0.8   0   0   1
2.96690962962965   0.8   0   0   1
2.97693297297299   0.8   0   0   1
2.98695631631633   0.8   0   0   1
2.99697965965968   0.8   0   0   1
3.00700300300302   0.8   0   0   1
3.01702634634636   0.8   0   0   1
3.02704968968971   0.8   0   0   1
3.03707303303305   0.8   0   0   1
3.04709637637639   0.8   0   0   1
3.05711971971974   0.8   0   0   1
3.06714306306308   0.8   0   0   1
3.07716640640642   0.8   0   0   1
3.08718974974977   0.8   0   0   1
3.09721309309311   0.8   0   0   1
3.10723643643645   0.8   0   0   1
3.1172597797798   0.8   0   0   1
3.12728312312314   0.8   0   0   1
3.13730646646648   0.8   0   0   1
3.14732980980983   0.8   0   0   1
3.15735315315317   0.8   0   0   1
3.16737649649651   0.8   0   0   1
3.17739983983986   0.8   0   0   1
3.1874231831832   0.8   0   0   1
3.19744652652654   0.8   0   0   1
3.20746986986989   0.8   0   0   1
3.21749321321323   0.8   0   0   1
3.22751655655657   0.8   0   0   1
3.23753989989992   0.8   0   0   1
3.24756324324326   0.8   0   0   1
3.2575865865866   0.8   0   0   1
3.26760992992995   0.8   0   0   1
3.27763327327329   0.8   0   0   1
3.28765661661664   0.8   0   0   1
3.29767995995998   0.8   0   0   1
3.30770330330332   0.8   0   0   1
3.31772664664667   0.8   0   0   1
3.32774998999001   0.8   0   0   1
3.33777333333335   0.8   0   0   1
3.3477966766767   0.8   0   0   1
3.35782002002004   0.8   0   0   1
3.36784336336338   0.8   0   0   1
3.37786670670673   0.8   0   0   1
3.38789005005007   0.8   0   0   1
3.39791339339341   0.8   0   0   1
3.40793673673676   0.8   0   0   1
3.4179600800801   0.8   0   0   1
3.42798342342344   0.8   0   0   1
3.43800676676679   0.8   0   0   1
3.44803011011013   0.8   0   0   1
3.45805345345347   0.8   0   0   1
3.46807679679682   0.8   0   0   1
3.47810014014016   0.8   0   0   1
3.4881234834835   0.8   0   0   1
3.49814682682685   0.8   0   0   1
3.50817017017019   0.8   0   0   1
3.51819351351353   0.8   0   0   1
3.52821685685688   0.8   0   0   1
3.53824020020022   0.8   0   0   1
3.54826354354356   0.8   0   0   1
3.55828688688691   0.8   0   0   1
3.56831023023025   0.8   0   0   1
3.57833357357359   0.8   0   0   1
3.58835691691694   0.8   0   0   1
3.59838026026028   0.8   0   0   1
3.60840360360362   0.8   0   0   1
3.61842694694697   0.8   0   0   1
3.62845029029031   0.8   0   0   1
3.63847363363366   0.8   0   0   1
3.648496976977   0.8   0   0   1
3.65852032032034   0.8   0   0   1
3.66854366366369   0.8   0   0   1
3.67856700700703   0.8   0   0   1
3.68859035035037   0.8   0   0   1
3.69861369369372   0.8   0   0   1
3.70863703703706   0.8   0   0   1
3.7186603803804   0.8   0   0   1
3.72868372372375   0.8   0   0   1
3.73870706706709   0.8   0   0   1
3.74873041041043   0.8   0   0   1
3.75875375375378   0.8   0   0   1
3.76877709709712   0.8   0   0   1
3.77880044044046   0.8   0   0   1
3.78882378378381   0.8   0   0   1
3.79884712712715   0.8   0   0   1
3.80887047047049   0.8   0   0   1
3.81889381381384   0.8   0   0   1
3.82891715715718   0.8   0   0   1
3.83894050050052   0.8   0   0   1
3.84896384384387   0.8   0   0   1
3.85898718718721   0.8   0   0   1
3.86901053053055   0.8   0   0   1
3.8790338738739   0.8   0   0   1
3.88905721721724   0.8   0   0   1
3.89908056056058   0.8   0   0   1
3.90910390390393   0.8   0   0   1
3.91912724724727   0.8   0   0   1
3.92915059059061   0.8   0   0   1
3.93917393393396   0.8   0   0   1
3.9491972772773   0.8   0   0   1
3.95922062062064   0.8   0   0   1
3.96924396396399   0.8   0   0   1
3.97926730730733   0.8   0   0   1
3.98929065065068   0.8   0   0   1
3.99931399399402   0.8   0   0   1
4.00933733733736   0.8   0   0   1
4.01936068068071   0.8   0   0   1
4.02938402402405   0.8   0   0   1
4.03940736736739   0.8   0   0   1
4.04943071071074   0.8   0   0   1
4.05945405405408   0.8   0   0   1
4.06947739739742   0.8   0   0   1
4.07950074074077   0.8   0   0   1
4.08952408408411   0.8   0   0   1
4.09954742742745   0.8   0   0   1
4.1095707707708   0.8   0   0   1
4.11959411411414   0.8   0   0   1
4.12961745745748   0.8   0   0   1
4.13964080080083   0.8   0   0   1
4.14966414414417   0.8   0   0   1
4.15968748748751   0.8   0   0   1
4.16971083083086   0.8   0   0   1
4.1797341741742   0.8   0   0   1
4.18975751751754   0.8   0   0   1
4.19978086086089   0.8   0   0   1
4.20980420420423   0.8   0   0   1
4.21982754754757   0.8   0   0   1
4.22985089089092   0.8   0   0   1
4.23987423423426   0.8   0   0   1
4.2498975775776   0.8   0   0   1
4.25992092092095   0.8   0   0   1
4.26994426426429   0.8   0   0   1
4.27996760760763   0.8   0   0   1
4.28999095095098   0.8   0   0   1
4.30001429429432   0.8   0   0   1
4.31003763763766   0.8   0   0   1
4.32006098098101   0.8   0   0   1
4.33008432432435   0.8   0   0   1
4.3401076676677   0.8   0   0   1
4.35013101101104   0.8   0   0   1
4.36015435435438   0.8   0   0   1
4.37017769769773   0.8   0   0   1
4.38020104104107   0.8   0   0   1
4.39022438438441   0.8   0   0   1
4.40024772772776   0.8   0   0   1
4.4102710710711   0.8   0   0   1
4.42029441441444   0.8   0   0   1
4.43031775775779   0.8   0   0   1
4.44034110110113   0.8   0   0   1
4.45036444444447   0.8   0   0   1
4.46038778778782   0.8   0   0   1
4.47041113113116   0.8   0   0   1
4.4804344744745   0.8   0   0   1
4.49045781781785   0.8   0   0   1
4.50048116116119   0.8   0   0   1
4.51050450450453   0.8   0   0   1
4.52052784784788   0.8   0   0   1
4.53055119119122   0.8   0   0   1
4.54057453453456   0.8   0   0   1
4.55059787787791   0.8   0   0   1
4.56062122122125   0.8   0   0   1
4.57064456456459   0.8   0   0   1
4.58066790790794   0.8   0   0   1
4.59069125125128   0.8   0   0   1
4.60071459459462   0.8   0   0   1
4.61073793793797   0.8   0   0   1
4.62076128128131   0.8   0   0   1
4.63078462462465   0.8   0   0   1
4.640807967968   0.8   0   0   1
4.65083131131134   0.8   0   0   1
4.66085465465468   0.8   0   0   1
4.67087799799803   0.8   0   0   1
4.68090134134137   0.8   0   0   1
4.69092468468472   0.8   0   0   1
4.70094802802806   0.8   0   0   1
4.7109713713714   0.8   0   0   1
4.72099471471475   0.8   0   0   1
4.73101805805809   0.8   0   0   1
4.74104140140143   0.8   0   0   1
4.75106474474478   0.8   0   0   1
4.76108808808812   0.8   0   0   1
4.77111143143146   0.8   0   0   1
4.78113477477481   0.8   0   0   1
4.79115811811815   0.8   0   0   1
4.80118146146149   0.8   0   0   1
4.81120480480484   0.8   0   0   1
4.82122814814818   0.8   0   0   1
4.83125149149152   0.8   0   0   1
4.84127483483487   0.8   0   0   1
4.85129817817821   0.8   0   0   1
4.86132152152155   0.8   0   0   1
4.8713448648649   0.8   0   0   1
4.88136820820824   0.8   0   0   1
4.89139155155158   0.8   0   0   1
4.90141489489493   0.8   0   0   1
4.91143823823827   0.8   0   0   1
4.92146158158161   0.8   0   0   1
4.93148492492496   0.8   0   0   1
4.9415082682683   0.8   0   0   1
4.95153161161164   0.8   0   0   1
4.96155495495499   0.8   0   0   1
4.97157829829833   0.8   0   0   1
4.98160164164167   0.8   0   0   1
4.99162498498502   0.8   0   0   1
5.00164832832836   0.8   0   0   1
5.0116716716717   0.8   0   0   1
5.02169501501505   0.8   0   0   1
5.03171835835839   0.8   0   0   1
5.04174170170173   0.8   0   0   1
5.05176504504508   0.8   0   0   1
5.06178838838842   0.8   0   0   1
5.07181173173177   0.8   0   0   1
5.08183507507511   0.8   0   0   1
5.09185841841845   0.8   0   0   1
5.1018817617618   0.8   0   0   1
5.11190510510514   0.8   0   0   1
5.12192844844848   0.8   0   0   1
5.13195179179183   0.8   0   0   1
5.14197513513517   0.8   0   0   1
5.15199847847851   0.8   0   0   1
5.16202182182186   0.8   0   0   1
5.1720451651652   0.8   0   0   1
5.18206850850854   0.8   0   0   1
5.19209185185189   0.8   0   0   1
5.20211519519523   0.8   0   0   1
5.21213853853857   0.8   0   0   1
5.22216188188192   0.8   0   0   1
5.23218522522526   0.8   0   0   1
5.2422085685686   0.8   0   0   1
5.25223191191195   0.8   0   0   1
5.26225525525529   0.8   0   0   1
5.27227859859863   0.8   0   0   1
5.28230194194198   0.8   0   0   1
5.29232528528532   0.8   0   0   1
5.30234862862866   0.8   0   0   1
5.31237197197201   0.8   0   0   1
5.32239531531535   0.8   0   0   1
5.33241865865869   0.8   0   0   1
5.34244200200204   0.8   0   0   1
5.35246534534538   0.8   0   0   1
5.36248868868872   0.8   0   0   1
5.37251203203207   0.8   0   0   1
5.38253537537541   0.8   0   0   1
5.39255871871875   0.8   0   0   1
5.4025820620621   0.8   0   0   1
5.41260540540544   0.8   0   0   1
5.42262874874879   0.8   0   0   1
5.43265209209213   0.8   0   0   1
5.44267543543547   0.8   0   0   1
5.45269877877882   0.8   0   0   1
5.46272212212216   0.8   0   0   1
5.4727454654655   0.8   0   0   1
5.48276880880885   0.8   0   0   1
5.49279215215219   0.8   0   0   1
5.50281549549553   0.8   0   0   1
5.51283883883888   0.8   0   0   1
5.52286218218222   0.8   0   0   1
5.53288552552556   0.8   0   0   1
5.54290886886891   0.8   0   0   1
5.55293221221225   0.8   0   0   1
5.56295555555559   0.8   0   0   1
5.57297889889894   0.8   0   0   1
5.58300224224228   0.8   0   0   1
5.59302558558562   0.8   0   0   1
5.60304892892897   0.8   0   0   1
5.61307227227231   0.8   0   0   1
5.62309561561565   0.8   0   0   1
5.633118958959   0.8   0   0   1
5.64314230230234   0.8   0   0   1
5.65316564564568   0.8   0   0   1
5.66318898898903   0.8   0   0   1
5.67321233233237   0.8   0   0   1
5.68323567567571   0.8   0   0   1
5.69325901901906   0.8   0   0   1
5.7032823623624   0.8   0   0   1
5.71330570570574   0.8   0   0   1
5.72332904904909   0.8   0   0   1
5.73335239239243   0.8   0   0   1
5.74337573573577   0.8   0   0   1
5.75339907907912   0.8   0   0   1
5.76342242242246   0.8   0   0   1
5.77344576576581   0.8   0   0   1
5.78346910910915   0.8   0   0   1
5.79349245245249   0.8   0   0   1
5.80351579579584   0.8   0   0   1
5.81353913913918   0.8   0   0   1
5.82356248248252   0.8   0   0   1
5.83358582582587   0.8   0   0   1
5.84360916916921   0.8   0   0   1
5.85363251251255   0.8   0   0   1
5.8636558558559   0.8   0   0   1
5.87367919919924   0.8   0   0   1
5.88370254254258   0.8   0   0   1
5.89372588588593   0.8   0   0   1
5.90374922922927   0.8   0   0   1
5.91377257257261   0.8   0   0   1
5.92379591591596   0.8   0   0   1
5.9338192592593   0.8   0   0   1
5.94384260260264   0.8   0   0   1
5.95386594594599   0.8   0   0   1
5.96388928928933   0.8   0   0   1
5.97391263263267   0.8   0   0   1
5.98393597597602   0.8   0   0   1
5.99395931931936   0.8   0   0   1
6.0039826626627   0.8   0   0   1
6.01400600600605   0.8   0   0   1
6.02402934934939   0.8   0   0   1
6.03405269269273   0.8   0   0   1
6.04407603603608   0.8   0   0   1
6.05409937937942   0.8   0   0   1
6.06412272272276   0.8   0   0   1
6.07414606606611   0.8   0   0   1
6.08416940940945   0.8   0   0   1
6.09419275275279   0.8   0   0   1
6.10421609609614   0.8   0   0   1
6.11423943943948   0.8   0   0   1
6.12426278278283   0.8   0   0   1
6.13428612612617   0.8   0   0   1
6.14430946946951   0.8   0   0   1
6.15433281281286   0.8   0   0   1
6.1643561561562   0.8   0   0   1
6.17437949949954   0.8   0   0   1
6.18440284284289   0.8   0   0   1
6.19442618618623   0.8   0   0   1
6.20444952952957   0.8   0   0   1
6.21447287287292   0.8   0   0   1
6.22449621621626   0.8   0   0   1
6.2345195595596   0.8   0   0   1
6.24454290290295   0.8   0   0   1
6.25456624624629   0.8   0   0   1
6.26458958958963   0.8   0   0   1
6.27461293293298   0.8   0   0   1
6.28463627627632   0.8   0   0   1
6.29465961961966   0.8   0   0   1
6.30468296296301   0.8   0   0   1
6.31470630630635   0.8   0   0   1
6.32472964964969   0.8   0   0   1
6.33475299299304   0.8   0   0   1
6.34477633633638   0.8   0   0   1
6.35479967967972   0.8   0   0   1
6.36482302302307   0.8   0   0   1
6.37484636636641   0.8   0   0   1
6.38486970970975   0.8   0   0   1
6.3948930530531   0.8   0   0   1
6.40491639639644   0.8   0   0   1
6.41493973973978   0.8   0   0   1
6.42496308308313   0.8   0   0   1
6.43498642642647   0.8   0   0   1
6.44500976976981   0.8   0   0   1
6.45503311311316   0.8   0   0   1
6.4650564564565   0.8   0   0   1
6.47507979979985   0.8   0   0   1
6.48510314314319   0.8   0   0   1
6.49512648648653   0.8   0   0   1
6.50514982982988   0.8   0   0   1
6.51517317317322   0.8   0   0   1
6.52519651651656   0.8   0   0   1
6.53521985985991   0.8   0   0   1
6.54524320320325   0.8   0   0   1
6.55526654654659   0.8   0   0   1
6.56528988988994   0.8   0   0   1
6.57531323323328   0.8   0   0   1
6.58533657657662   0.8   0   0   1
6.59535991991997   0.8   0   0   1
6.60538326326331   0.8   0   0   1
6.61540660660665   0.8   0   0   1
6.62542994995   0.8   0   0   1
6.63545329329334   0.8   0   0   1
6.64547663663668   0.8   0   0   1
6.65549997998003   0.8   0   0   1
6.66552332332337   0.8   0   0   1
6.67554666666671   0.8   0   0   1
6.68557001001006   0.8   0   0   1
6.6955933533534   0.8   0   0   1
6.70561669669674   0.8   0   0   1
6.71564004004009   0.8   0   0   1
6.72566338338343   0.8   0   0   1
6.73568672672677   0.8   0   0   1
6.74571007007012   0.8   0   0   1
6.75573341341346   0.8   0   0   1
6.7657567567568   0.8   0   0   1
6.77578010010015   0.8   0   0   1
6.78580344344349   0.8   0   0   1
6.79582678678683   0.8   0   0   1
6.80585013013018   0.8   0   0   1
6.81587347347352   0.8   0   0   1
6.82589681681686   0.8   0   0   1
6.83592016016021   0.8   0   0   1
6.84594350350355   0.8   0   0   1
6.8559668468469   0.8   0   0   1
6.86599019019024   0.8   0   0   1
6.87601353353358   0.8   0   0   1
6.88603687687693   0.8   0   0   1
6.89606022022027   0.8   0   0   1
6.90608356356361   0.8   0   0   1
6.91610690690696   0.8   0   0   1
6.9261302502503   0.8   0   0   1
6.93615359359364   0.8   0   0   1
6.94617693693699   0.8   0   0   1
6.95620028028033   0.8   0   0   1
6.96622362362367   0.8   0   0   1
6.97624696696702   0.8   0   0   1
6.98627031031036   0.8   0   0   1
6.9962936536537   0.8   0   0   1
7.00631699699705   0.8   0   0   1
7.01634034034039   0.8   0   0   1
7.02636368368373   0.8   0   0   1
7.03638702702708   0.8   0   0   1
7.04641037037042   0.8   0   0   1
7.05643371371376   0.8   0   0   1
7.06645705705711   0.8   0   0   1
7.07648040040045   0.8   0   0   1
7.08650374374379   0.8   0   0   1
7.09652708708714   0.8   0   0   1
7.10655043043048   0.8   0   0   1
7.11657377377382   0.8   0   0   1
7.12659711711717   0.8   0   0   1
7.13662046046051   0.8   0   0   1
7.14664380380385   0.8   0   0   1
7.1566671471472   0.8   0   0   1
7.16669049049054   0.8   0   0   1
7.17671383383388   0.8   0   0   1
7.18673717717723   0.8   0   0   1
7.19676052052057   0.8   0   0   1
7.20678386386392   0.8   0   0   1
7.21680720720726   0.8   0   0   1
7.2268305505506   0.8   0   0   1
7.23685389389395   0.8   0   0   1
7.24687723723729   0.8   0   0   1
7.25690058058063   0.8   0   0   1
7.26692392392398   0.8   0   0   1
7.27694726726732   0.8   0   0   1
7.28697061061066   0.8   0   0   1
7.29699395395401   0.8   0   0   1
7.30701729729735   0.8   0   0   1
7.31704064064069   0.8   0   0   1
7.32706398398404   0.8   0   0   1
7.33708732732738   0.8   0   0   1
7.34711067067072   0.8   0   0   1
7.35713401401407   0.8   0   0   1
7.36715735735741   0.8   0   0   1
7.37718070070075   0.8   0   0   1
7.3872040440441   0.8   0   0   1
7.39722738738744   0.8   0   0   1
7.40725073073078   0.8   0   0   1
7.41727407407413   0.8   0   0   1
7.42729741741747   0.8   0   0   1
7.43732076076081   0.8   0   0   1
7.44734410410416   0.8   0   0   1
7.4573674474475   0.8   0   0   1
7.46739079079084   0.8   0   0   1
7.47741413413419   0.8   0   0   1
7.48743747747753   0.8   0   0   1
7.49746082082087   0.8   0   0   1
7.50748416416422   0.8   0   0   1
7.51750750750756   0.8   0   0   1
7.5275308508509   0.8   0   0   1
7.53755419419425   0.8   0   0   1
7.54757753753759   0.8   0   0   1
7.55760088088094   0.8   0   0   1
7.56762422422428   0.8   0   0   1
7.57764756756762   0.8   0   0   1
7.58767091091097   0.8   0   0   1
7.59769425425431   0.8   0   0   1
7.60771759759765   0.8   0   0   1
7.617740940941   0.8   0   0   1
7.62776428428434   0.8   0   0   1
7.63778762762768   0.8   0   0   1
7.64781097097103   0.8   0   0   1
7.65783431431437   0.8   0   0   1
7.66785765765771   0.8   0   0   1
7.67788100100106   0.8   0   0   1
7.6879043443444   0.8   0   0   1
7.69792768768774   0.8   0   0   1
7.70795103103109   0.8   0   0   1
7.71797437437443   0.8   0   0   1
7.72799771771777   0.8   0   0   1
7.73802106106112   0.8   0   0   1
7.74804440440446   0.8   0   0   1
7.7580677477478   0.8   0   0   1
7.76809109109115   0.8   0   0   1
7.77811443443449   0.8   0   0   1
7.78813777777783   0.8   0   0   1
7.79816112112118   0.8   0   0   1
7.80818446446452   0.8   0   0   1
7.81820780780786   0.8   0   0   1
7.82823115115121   0.8   0   0   1
7.83825449449455   0.8   0   0   1
7.84827783783789   0.8   0   0   1
7.85830118118124   0.8   0   0   1
7.86832452452458   0.8   0   0   1
7.87834786786792   0.8   0   0   1
7.88837121121127   0.8   0   0   1
7.89839455455461   0.8   0   0   1
7.90841789789796   0.8   0   0   1
7.9184412412413   0.8   0   0   1
7.92846458458464   0.8   0   0   1
7.93848792792799   0.8   0   0   1
7.94851127127133   0.8   0   0   1
7.95853461461467   0.8   0   0   1
7.96855795795802   0.8   0   0   1
7.97858130130136   0.8   0   0   1
7.9886046446447   0.8   0   0   1
7.99862798798805   0.8   0   0   1
8.00865133133139   0.8   0   0   1
8.01867467467473   0.8   0   0   1
8.02869801801808   0.8   0   0   1
8.03872136136142   0.8   0   0   1
8.04874470470476   0.8   0   0   1
8.05876804804811   0.8   0   0   1
8.06879139139145   0.8   0   0   1
8.07881473473479   0.8   0   0   1
8.08883807807814   0.8   0   0   1
8.09886142142148   0.8   0   0   1
8.10888476476482   0.8   0   0   1
8.11890810810817   0.8   0   0   1
8.12893145145151   0.8   0   0   1
8.13895479479485   0.8   0   0   1
8.1489781381382   0.8   0   0   1
8.15900148148154   0.8   0   0   1
8.16902482482488   0.8   0   0   1
8.17904816816823   0.8   0   0   1
8.18907151151157   0.8   0   0   1
8.19909485485491   0.8   0   0   1
8.20911819819826   0.8   0   0   1
8.2191415415416   0.8   0   0   1
8.22916488488494   0.8   0   0   1
8.23918822822829   0.8   0   0   1
8.24921157157163   0.8   0   0   1
8.25923491491498   0.8   0   0   1
8.26925825825832   0.8   0   0   1
8.27928160160166   0.8   0   0   1
8.28930494494501   0.8   0   0   1
8.29932828828835   0.8   0   0   1
8.30935163163169   0.8   0   0   1
8.31937497497504   0.8   0   0   1
8.32939831831838   0.8   0   0   1
8.33942166166172   0.8   0   0   1
8.34944500500507   0.8   0   0   1
8.35946834834841   0.8   0   0   1
8.36949169169175   0.8   0   0   1
8.3795150350351   0.8   0   0   1
8.38953837837844   0.8   0   0   1
8.39956172172178   0.8   0   0   1
8.40958506506513   0.8   0   0   1
8.41960840840847   0.8   0   0   1
8.42963175175181   0.8   0   0   1
8.43965509509516   0.8   0   0   1
8.4496784384385   0.8   0   0   1
8.45970178178184   0.8   0   0   1
8.46972512512519   0.8   0   0   1
8.47974846846853   0.8   0   0   1
8.48977181181187   0.8   0   0   1
8.49979515515522   0.8   0   0   1
8.50981849849856   0.8   0   0   1
8.5198418418419   0.8   0   0   1
8.52986518518525   0.8   0   0   1
8.53988852852859   0.8   0   0   1
8.54991187187193   0.8   0   0   1
8.55993521521528   0.8   0   0   1
8.56995855855862   0.8   0   0   1
8.57998190190196   0.8   0   0   1
8.59000524524531   0.8   0   0   1
8.60002858858865   0.8   0   0   1
8.610051931932   0.8   0   0   1
8.62007527527534   0.8   0   0   1
8.63009861861868   0.8   0   0   1
8.64012196196203   0.8   0   0   1
8.65014530530537   0.8   0   0   1
8.66016864864871   0.8   0   0   1
8.67019199199206   0.8   0   0   1
8.6802153353354   0.8   0   0   1
8.69023867867874   0.8   0   0   1
8.70026202202209   0.8   0   0   1
8.71028536536543   0.8   0   0   1
8.72030870870877   0.8   0   0   1
8.73033205205212   0.8   0   0   1
8.74035539539546   0.8   0   0   1
8.7503787387388   0.8   0   0   1
8.76040208208215   0.8   0   0   1
8.77042542542549   0.8   0   0   1
8.78044876876883   0.8   0   0   1
8.79047211211218   0.8   0   0   1
8.80049545545552   0.8   0   0   1
8.81051879879886   0.8   0   0   1
8.82054214214221   0.8   0   0   1
8.83056548548555   0.8   0   0   1
8.84058882882889   0.8   0   0   1
8.85061217217224   0.8   0   0   1
8.86063551551558   0.8   0   0   1
8.87065885885892   0.8   0   0   1
8.88068220220227   0.8   0   0   1
8.89070554554561   0.8   0   0   1
8.90072888888895   0.8   0   0   1
8.9107522322323   0.8   0   0   1
8.92077557557564   0.8   0   0   1
8.93079891891898   0.8   0   0   1
8.94082226226233   0.8   0   0   1
8.95084560560567   0.8   0   0   1
8.96086894894901   0.8   0   0   1
8.97089229229236   0.8   0   0   1
8.9809156356357   0.8   0   0   1
8.99093897897905   0.8   0   0   1
9.00096232232239   0.8   0   0   1
9.01098566566573   0.8   0   0   1
9.02100900900908   0.8   0   0   1
9.03103235235242   0.8   0   0   1
9.04105569569576   0.8   0   0   1
9.05107903903911   0.8   0   0   1
9.06110238238245   0.8   0   0   1
9.07112572572579   0.8   0   0   1
9.08114906906914   0.8   0   0   1
9.09117241241248   0.8   0   0   1
9.10119575575582   0.8   0   0   1
9.11121909909917   0.8   0   0   1
9.12124244244251   0.8   0   0   1
9.13126578578585   0.8   0   0   1
9.1412891291292   0.8   0   0   1
9.15131247247254   0.8   0   0   1
9.16133581581588   0.8   0   0   1
9.17135915915923   0.8   0   0   1
9.18138250250257   0.8   0   0   1
9.19140584584591   0.8   0   0   1
9.20142918918926   0.8   0   0   1
9.2114525325326   0.8   0   0   1
9.22147587587594   0.8   0   0   1
9.23149921921929   0.8   0   0   1
9.24152256256263   0.8   0   0   1
9.25154590590597   0.8   0   0   1
9.26156924924932   0.8   0   0   1
9.27159259259266   0.8   0   0   1
9.281615935936   0.8   0   0   1
9.29163927927935   0.8   0   0   1
9.30166262262269   0.8   0   0   1
9.31168596596603   0.8   0   0   1
9.32170930930938   0.8   0   0   1
9.33173265265272   0.8   0   0   1
9.34175599599607   0.8   0   0   1
9.35177933933941   0.8   0   0   1
9.36180268268275   0.8   0   0   1
9.3718260260261   0.8   0   0   1
9.38184936936944   0.8   0   0   1
9.39187271271278   0.8   0   0   1
9.40189605605613   0.8   0   0   1
9.41191939939947   0.8   0   0   1
9.42194274274281   0.8   0   0   1
9.43196608608616   0.8   0   0   1
9.4419894294295   0.8   0   0   1
9.45201277277284   0.8   0   0   1
9.46203611611619   0.8   0   0   1
9.47205945945953   0.8   0   0   1
9.48208280280287   0.8   0   0   1
9.49210614614622   0.8   0   0   1
9.50212948948956   0.8   0   0   1
9.5121528328329   0.8   0   0   1
9.52217617617625   0.8   0   0   1
9.53219951951959   0.8   0   0   1
9.54222286286293   0.8   0   0   1
9.55224620620628   0.8   0   0   1
9.56226954954962   0.8   0   0   1
9.57229289289296   0.8   0   0   1
9.58231623623631   0.8   0   0   1
9.59233957957965   0.8   0   0   1
9.60236292292299   0.8   0   0   1
9.61238626626634   0.8   0   0   1
9.62240960960968   0.8   0   0   1
9.63243295295302   0.8   0   0   1
9.64245629629637   0.8   0   0   1
9.65247963963971   0.8   0   0   1
9.66250298298305   0.8   0   0   1
9.6725263263264   0.8   0   0   1
9.68254966966974   0.8   0   0   1
9.69257301301309   0.8   0   0   1
9.70259635635643   0.8   0   0   1
9.71261969969977   0.8   0   0   1
9.72264304304312   0.8   0   0   1
9.73266638638646   0.8   0   0   1
9.7426897297298   0.8   0   0   1
9.75271307307315   0.8   0   0   1
9.76273641641649   0.8   0   0   1
9.77275975975983   0.8   0   0   1
9.78278310310318   0.8   0   0   1
9.79280644644652   0.8   0   0   1
9.80282978978986   0.8   0   0   1
9.81285313313321   0.8   0   0   1
9.82287647647655   0.8   0   0   1
9.83289981981989   0.8   0   0   1
9.84292316316324   0.8   0   0   1
9.85294650650658   0.8   0   0   1
9.86296984984992   0.8   0   0   1
9.87299319319327   0.8   0   0   1
9.88301653653661   0.8   0   0   1
9.89303987987995   0.8   0   0   1
9.9030632232233   0.8   0   0   1
9.91308656656664   0.8   0   0   1
9.92310990990998   0.8   0   0   1
9.93313325325333   0.8   0   0   1
9.94315659659667   0.8   0   0   1
9.95317993994001   0.8   0   0   1
9.96320328328336   0.8   0   0   1
9.9732266266267   0.8   0   0   1
9.98324996997004   0.8   0   0   1
9.99327331331339   0.8   0   0   1
10.0032966566567   0.8   0   0   1
10.0133200000001   0.8   0   0   1
