variables = x,rho,u,v,p
0   3.8571   2.6293   0   10.3333
0.0100233433433433   3.8571   2.6293   0   10.3333
0.0200466866866867   3.8571   2.6293   0   10.3333
0.03007003003003   3.8571   2.6293   0   10.3333
0.0400933733733734   3.8571   2.6293   0   10.3333
0.0501167167167167   3.8571   2.6293   0   10.3333
0.0601400600600601   3.8571   2.6293   0   10.3333
0.0701634034034034   3.8571   2.6293   0   10.3333
0.0801867467467468   3.8571   2.6293   0   10.3333
0.0902100900900901   3.8571   2.6293   0   10.3333
0.100233433433433   3.8571   2.6293   0   10.3333
0.110256776776777   3.8571   2.6293   0   10.3333
0.12028012012012   3.8571   2.6293   0   10.3333
0.130303463463463   3.8571   2.6293   0   10.3333
0.140326806806807   3.8571   2.6293   0   10.3333
0.15035015015015   3.8571   2.6293   0   10.3333
0.160373493493494   3.8571   2.6293   0   10.3333
0.170396836836837   3.8571   2.6293   0   10.3333
0.18042018018018   3.8571   2.6293   0   10.3333
0.190443523523524   3.8571   2.6293   0   10.3333
0.200466866866867   3.8571   2.6293   0   10.3333
0.21049021021021   3.8571   2.6293   0   10.3333
0.220513553553554   3.8571   2.6293   0   10.3333
0.230536896896897   3.8571   2.6293   0   10.3333
0.24056024024024   3.8571   2.6293   0   10.3333
0.250583583583584   3.8571   2.6293   0   10.3333
0.260606926926927   3.8571   2.6293   0   10.3333
0.27063027027027   3.8571   2.6293   0   10.3333
0.280653613613614   3.8571   2.6293   0   10.3333
0.290676956956957   3.8571   2.6293   0   10.3333
0.3007003003003   3.8571   2.6293   0   10.3333
0.310723643643644   3.8571   2.6293   0   10.3333
0.320746986986987   3.8571   2.6293   0   10.3333
0.330770330330331   3.8571   2.6293   0   10.3333
0.340793673673674   3.8571   2.6293   0   10.3333
0.350817017017017   3.8571   2.6293   0   10.3333
0.360840360360361   3.8571   2.6293   0   10.3333
0.370863703703704   3.8571   2.6293   0   10.3333
0.380887047047047   3.8571   2.6293   0   10.3333
0.390910390390391   3.8571   2.6293   0   10.3333
0.400933733733734   3.8571   2.6293   0   10.3333
0.410957077077078   3.8571   2.6293   0   10.3333
0.420980420420421   3.8571   2.6293   0   10.3333
0.431003763763764   3.8571   2.6293   0   10.3333
0.441027107107108   3.8571   2.6293   0   10.3333
0.451050450450451   3.8571   2.6293   0   10.3333
0.461073793793794   3.8571   2.6293   0   10.3333
0.471097137137138   3.8571   2.6293   0   10.3333
0.481120480480481   3.8571   2.6293   0   10.3333
0.491143823823825   3.8571   2.6293   0   10.3333
0.501167167167168   3.8571   2.6293   0   10.3333
0.511190510510511   3.8571   2.6293   0   10.3333
0.521213853853855   3.8571   2.6293   0   10.3333
0.531237197197198   3.8571   2.6293   0   10.3333
0.541260540540541   3.8571   2.6293   0   10.3333
0.551283883883884   3.8571   2.6293   0   10.3333
0.561307227227228   3.8571   2.6293   0   10.3333
0.571330570570571   3.8571   2.6293   -2.63865939633571e-16   10.3333
0.581353913913914   3.85709999999998   2.62930000000001   -4.13843896308351e-16   10.3332999999999
0.591377257257258   3.85709999999994   2.62930000000003   -3.38549836203345e-16   10.3332999999997
0.601400600600601   3.85709999999985   2.62930000000009   -6.04735158700627e-16   10.3332999999993
0.611423943943944   3.85709999999966   2.62930000000021   -5.70295941929206e-16   10.3332999999984
0.621447287287288   3.85709999999923   2.62930000000047   -6.55617583710987e-16   10.3332999999965
0.631470630630631   3.8570999999983   2.62930000000103   -6.60911431611349e-16   10.3332999999922
0.641493973973974   3.8570999999963   2.62930000000224   -2.7283288128552e-16   10.3332999999831
0.651517317317318   3.85709999999203   2.62930000000481   1.87551710123828e-16   10.3332999999637
0.661540660660661   3.85709999998307   2.62930000001018   -3.79518519558138e-17   10.333299999923
0.671564004004004   3.85709999996445   2.62930000002132   -2.42597415804962e-17   10.3332999998389
0.681587347347348   3.85709999992628   2.62930000004408   -7.02722622719525e-17   10.3332999996671
0.691610690690691   3.85709999984898   2.62930000009001   1.53977259427607e-16   10.3332999993203
0.701634034034034   3.85709999969445   2.62930000018156   6.78610704888335e-16   10.3332999986292
0.711657377377378   3.85709999938938   2.62930000036173   8.21568410611827e-16   10.3332999972696
0.721680720720721   3.85709999879472   2.62930000071179   9.04653279016764e-16   10.3332999946285
0.731704064064064   3.85709999765027   2.62930000138334   1.0800664475704e-15   10.3332999895629
0.741727407407408   3.85709999547577   2.62930000265524   1.14271397889864e-15   10.3332999799708
0.751750750750751   3.85709999139682   2.6293000050334   7.64558218112407e-16   10.3332999620398
0.761774094094094   3.85709998384346   2.62930000942309   6.36831610706231e-16   10.3332999289494
0.771797437437437   3.85709997003578   2.62930001742157   4.79192895746779e-16   10.3332998686684
0.781820780780781   3.85709994512024   2.62930003180783   5.54888325673295e-16   10.3332997602693
0.791844124124124   3.85709990074164   2.62930005734885   4.7598876376448e-16   10.3332995678621
0.801867467467467   3.8570998227203   2.62930010210593   4.3094343790611e-16   10.3332992307689
0.811890810810811   3.85709968733437   2.62930017951688   4.26033183104526e-16   10.3332986478663
0.821914154154154   3.85709945546791   2.62930031165999   4.97642322595536e-16   10.3332976530484
0.831937497497497   3.85709906355375   2.62930053428421   2.41934285115212e-16   10.3332959774224
0.841960840840841   3.85709840979558   2.62930090442839   1.25041040826699e-16   10.3332931920619
0.851984184184184   3.85709733357496   2.6293015117589   -6.59639575066105e-17   10.3332886228477
0.862007527527527   3.85709558522403   2.62930249513633   -2.56637076184276e-16   10.3332812260675
0.872030870870871   3.85709278247337   2.62930406637438   -5.90016063296058e-16   10.3332694100633
0.882054214214214   3.85708834889267   2.6293065436614   -6.50803070518892e-16   10.3332507844233
0.892077557557557   3.85708142858839   2.62931039764273   -6.54591544658667e-16   10.333221814277
0.902100900900901   3.85707077041636   2.62931631364919   -4.86233083251358e-16   10.3331773536291
0.912124244244244   3.85705457417274   2.62932527391344   -1.72406183152116e-16   10.3331100290418
0.922147587587587   3.85703029087506   2.62933866371888   2.46849881455789e-16   10.3330094442571
0.932170930930931   3.85699436962539   2.62935840512466   5.12927784322805e-16   10.3328611787026
0.942194274274274   3.85694194499446   2.62938712103549   2.84739830746384e-16   10.3326455594931
0.952217617617617   3.85686646171738   2.62942833077169   -1.07459839346382e-16   10.3323361988083
0.96224096096096   3.8567592380372   2.62948667581164   -2.84902911128651e-16   10.3318983073678
0.972264304304304   3.85660897543114   2.62956817097134   -2.95541902843115e-16   10.3312868205928
0.982287647647647   3.85640123064434   2.6296804720206   -9.25267166500211e-17   10.3304444064421
0.99231099099099   3.85611787557033   2.62983314584345   2.66791637456739e-16   10.3292994611469
1.00233433433433   3.85573658081259   2.63003792415292   5.45217309085487e-16   10.3277642379642
1.01235767767768   3.8552303686097   2.63030891707738   9.22731466145017e-16   10.3257332900266
1.02238102102102   3.85456728875346   2.63066275940017   1.2844222141708e-15   10.3230824356249
1.03240436436436   3.85371027554853   2.63111866066399   1.53405153591781e-15   10.3196684665838
1.04242770770771   3.85261724320278   2.63169833147032   1.90134108789873e-15   10.3153298120648
1.05245105105105   3.85124147012745   2.63242576259932   2.31678930139686e-15   10.3098883371527
1.06247439439439   3.84953230898532   2.6333268411437   2.40087315097888e-15   10.3031523968489
1.07249773773774   3.84743623940937   2.63442879829943   2.83348529722752e-15   10.2949211842496
1.08252108108108   3.8448982556126   2.63575949588923   2.88813229006722e-15   10.2849903133665
1.09254442442442   3.84186355403996   2.63734657179795   3.01079022802061e-15   10.2731584723002
1.10256776776777   3.83827945981311   2.63921647673701   3.14086326921328e-15   10.2592348834447
1.11259111111111   3.8340975081647   2.64139344462385   3.15907804524588e-15   10.2430472263033
1.12261445445445   3.82927558112239   2.64389844516759   3.2649810313636e-15   10.2244496255644
1.1326377977978   3.8237799922562   2.64674816931646   3.38634108061382e-15   10.2033302886544
1.14266114114114   3.8175874139912   2.64995409601112   3.28385224769193e-15   10.1796183944194
1.15268448448449   3.81068655214292   2.6535216827863   3.27984580914196e-15   10.1532898841399
1.16270782782783   3.80307948913679   2.65744971425004   3.18613469746271e-15   10.1243718797008
1.17273117117117   3.79478263823029   2.66172983269826   2.84722087703938e-15   10.0929455407119
1.18275451451452   3.7858272730733   2.66634626547588   2.68170562164217e-15   10.0591472612256
1.19277785785786   3.77625961742591   2.67127575535458   2.57979416680574e-15   10.0231681871379
1.2028012012012   3.76614049672097   2.67648769397498   2.68786156507188e-15   9.98525209976827
1.21282454454455   3.75554456521666   2.6819444546366   2.88012229399908e-15   9.94569175547642
1.22284788788789   3.74455912954667   2.68760191925872   3.30198014553587e-15   9.90482379538541
1.23287123123123   3.73328259233937   2.69341019456291   3.83623434162204e-15   9.86302234687719
1.24289457457458   3.72182253988029   2.69931451344443   3.8239844874566e-15   9.82069143602879
1.25291791791792   3.71029349777927   2.70525631784096   3.52324176235829e-15   9.77825632609387
1.26294126126126   3.69881438081364   2.71117451779272   3.86470886629815e-15   9.73615390083885
1.27296460460461   3.68750567000381   2.71700691651858   4.16769958843137e-15   9.69482223176562
1.28298794794795   3.67648636343727   2.72269178223675   4.37722660708706e-15   9.65468951153177
1.29301129129129   3.66587076822244   2.72816953378388   4.59598672555384e-15   9.61616260478498
1.30303463463464   3.65576522846416   2.73338448940831   4.1833284659815e-15   9.57961555903488
1.31305797797798   3.64626491555018   2.73828660817366   4.00995948812577e-15   9.54537852198405
1.32308132132132   3.63745083745431   2.74283313419088   3.70870652438785e-15   9.51372761060203
1.33310466466467   3.62938724659864   2.74699003938937   3.19861198669536e-15   9.4848763480589
1.34312800800801   3.62211963373952   2.75073315513236   2.74200451637745e-15   9.45896930217742
1.35315135135135   3.61567348187392   2.75404889049436   3.0074739089958e-15   9.43607850148068
1.3631746946947   3.61005391558201   2.75693445754286   2.9384617900013e-15   9.41620306039003
1.37319803803804   3.60524631825145   2.75939756086941   3.24194612824118e-15   9.39927221761082
1.38322138138138   3.60121790827923   2.76145555607569   3.77997455560368e-15   9.38515170365979
1.39324472472473   3.59792017641994   2.76313413331237   4.27063372187852e-15   9.37365304369861
1.40326806806807   3.59529200359881   2.76446562911841   5.11074859377034e-15   9.36454511855595
1.41329141141141   3.5932632152649   2.76548710484241   6.05014998809721e-15   9.3575670969951
1.42331475475476   3.59175829498234   2.76623834715291   6.8926568938631e-15   9.35244175053936
1.4333380980981   3.59069998106693   2.76675994336805   7.4672864376843e-15   9.34888818270295
1.44336144144144   3.59001250378713   2.76709156321977   7.93552540818499e-15   9.34663313843046
1.45338478478479   3.58962427939798   2.7672705440648   8.27788278755497e-15   9.34542027835619
1.46340812812813   3.58946994993252   2.76733083512224   8.49271604108977e-15   9.34501706577007
1.47343147147147   3.58949173223393   2.76730231489598   8.68782495155114e-15   9.34521917939726
1.48345481481482   3.58964010572578   2.7672104601803   8.69175042083572e-15   9.34585259621127
1.49347815815816   3.58987391864959   2.76707631857707   8.52056295846774e-15   9.34677366148854
1.50350150150151   3.59016002350884   2.76691672067847   8.25434992802291e-15   9.3478675679848
1.51352484484485   3.59047256431065   2.76674466247274   7.41420225203334e-15   9.34904570467776
1.52354818818819   3.59079203354631   2.76656979126926   6.4996809681325e-15   9.35024231908306
1.53357153153154   3.59110419982666   2.76639893701529   5.72394705349212e-15   9.35141088153789
1.54359487487488   3.59139898224896   2.76623664271745   5.07678962464996e-15   9.35252046180205
1.55361821821822   3.59166931915901   2.76608566054846   4.35206603582998e-15   9.35355234271897
1.56364156156157   3.59191005049217   2.76594739242514   3.71424932418262e-15   9.3544970139234
1.57366490490491   3.59211680700685   2.76582226430818   3.13209459881779e-15   9.35535161812848
1.58368824824825   3.59228487843625   2.7657100316671   2.37385882185491e-15   9.35611786713281
1.5937115915916   3.59240801738939   2.76561001938119   1.68139467143248e-15   9.35680040516259
1.60373493493494   3.59247712803001   2.76552130301006   1.09097269344031e-15   9.35740557224947
1.61375827827828   3.59247878940369   2.76544284023741   1.004565215262e-15   9.35794050759561
1.62378162162163   3.59239357399653   2.76537356180315   8.62101055850463e-16   9.35841252937261
1.63380496496497   3.5921941437377   2.76531243081738   4.39583933039567e-16   9.35882873026257
1.64382830830831   3.59184313873618   2.7652584783659   5.8253994632377e-16   9.35919573475881
1.65385165165166   3.59129091813405   2.76521082206185   6.27281837822133e-16   9.35951957280695
1.663874994995   3.59047326566266   2.76516867288537   6.62372205712019e-16   9.35980563333194
1.67389833833834   3.58930923101083   2.76513133441945   7.13572804799841e-16   9.3600586696229
1.68392168168169   3.58769933605415   2.76509819751335   6.67514302626548e-16   9.36028283590112
1.69394502502503   3.58552442447496   2.76506873251771   5.55823052980087e-16   9.36048174045861
1.70396836836837   3.58264546503732   2.76504248053787   3.95007474957663e-16   9.3606585055144
1.71399171171172   3.57890462311508   2.76501904462811   5.87081667274678e-16   9.36081582751158
1.72401505505506   3.57412788343054   2.76499808147151   6.57922614000447e-16   9.36095603415233
1.7340383983984   3.56812943354619   2.76497929382983   6.81352400246584e-16   9.36108113624011
1.74406174174175   3.56071790110704   2.76496242387653   6.30213628595471e-16   9.36119287355893
1.75408508508509   3.55170438257767   2.76494724741978   5.20070750420791e-16   9.36129275473566
1.76410842842843   3.54091201809926   2.7649335689621   7.71073443780432e-16   9.36138209143617
1.77413177177178   3.52818667308192   2.76492121751243   3.80449500098921e-16   9.36146202744557
1.78415511511512   3.51340810396672   2.76491004305574   -3.23344816204663e-16   9.36153356325257
1.79417845845846   3.4965008372947   2.76489991358539   -7.98036312255901e-16   9.36159757675193
1.80420180180181   3.47744390099701   2.76489071261006   -1.37157451435921e-15   9.36165484063335
1.81422514514515   3.45627853347113   2.76488233705651   -1.51557733319879e-15   9.3617060369626
1.82424848848849   3.43311307064226   2.76487469549989   -1.78418358221003e-15   9.36175176939445
1.83427183183184   3.40812437477434   2.76486770666344   -1.50055947278168e-15   9.36179257339482
1.84429517517518   3.38155541094139   2.76486129813898   -1.52109441360128e-15   9.36182892479373
1.85431851851853   3.35370887664439   2.7648554052879   -1.50303755964553e-15   9.36186124694269
1.86434186186187   3.32493711729801   2.76484997028981   -1.39011911344342e-15   9.36188991670928
1.87436520520521   3.29562888044038   2.7648449413121   -9.86266299196058e-16   9.36191526950598
1.88438854854856   3.26619373927718   2.76484027177869   -9.94435411819678e-16   9.36193760351958
1.8944118918919   3.23704522052998   2.76483591972041   -1.16338040371151e-15   9.36195718327795
1.90443523523524   3.20858377992406   2.76483184719167   -1.45060876952931e-15   9.36197424266275
1.91445857857859   3.18118076984993   2.76482801973972   -1.74269952490186e-15   9.36198898744299
1.92448192192193   3.15516443935761   2.7648244059112   -1.81126977168753e-15   9.36200159736413
1.93450526526527   3.13080881054849   2.76482097677662   -1.87340271905175e-15   9.36201222776451
1.94452860860862   3.10832601153425   2.76481770544257   -1.75935543286706e-15   9.36202101059155
1.95455195195196   3.08786234491571   2.7648145664997   -1.58941191895023e-15   9.36202805451198
1.9645752952953   3.06949806502143   2.76481153531184   -1.14345676337167e-15   9.36203344348476
1.97459863863865   3.05325055786192   2.76480858696879   -8.48320826427579e-16   9.36203723255203
1.98462198198199   3.03908039024817   2.76480569456603   -3.64267699640972e-16   9.36203943843951
1.99464532532533   3.02689953595771   2.76480282616908   -9.52886126503952e-17   9.3620400203365
2.00466866866868   3.01658100488889   2.76479993923484   -2.55691580292169e-16   9.36203884197995
2.01469201201202   3.00796909405587   2.76479697014216   -2.65725881297558e-16   9.36203559805067
2.02471535535536   3.0008895369708   2.76479381434154   -4.07133250100947e-16   9.36202967237433
2.03473869869871   2.99515893390126   2.76479028854023   -4.84968990588912e-16   9.36201986577732
2.04476204204205   2.99059297867563   2.76478605851998   -9.11008664111697e-16   9.36200387483722
2.05478538538539   2.98701313410074   2.7647805012564   -1.05487578464203e-15   9.36197729469897
2.06480872872874   2.98425152062749   2.76477244151789   -1.72325202075964e-15   9.36193171289646
2.07483207207208   2.98215383904838   2.76475964875778   -2.03122654312129e-15   9.36185106766937
2.08485541541542   2.98058010242596   2.76473787639978   -2.69968390152175e-15   9.361704693843
2.09487875875877   2.97940273195725   2.76469902778055   -3.35397950318766e-15   9.36143404853542
2.10490210210211   2.97850104542772   2.76462765568127   -4.19398578411752e-15   9.36092738223972
2.11492544544545   2.9777500910192   2.76449428278079   -4.88027071478795e-15   9.35997142896045
2.1249487887888   2.97699969050223   2.76424265829809   -5.69519605284663e-15   9.35815931932122
2.13497213213214   2.9760355785606   2.763765450836   -6.23472988116603e-15   9.35471521577126
2.14499547547548   2.9745070222298   2.76285789573656   -6.63843439994688e-15   9.34816093026094
2.15501881881883   2.97179128808023   2.76112943744659   -6.88563579132265e-15   9.33568416188
2.16504216216217   2.96673959740297   2.75783541889806   -7.33038679621549e-15   9.31194857931057
2.17506550550551   2.95720368007827   2.75155689166943   -7.42627902315344e-15   9.26687890612391
2.18508884884886   2.93916776456333   2.7395930713679   -7.35172526175003e-15   9.18163282609929
2.1951121921922   2.90521333117764   2.71681466558618   -7.22279391142263e-15   9.02161481820067
2.20513553553555   2.84200856077026   2.67352459402578   -7.00229379589785e-15   8.72556104419541
2.21515887887889   2.72692860294842   2.59157591926242   -6.79360775786583e-15   8.19266412129659
2.22518222222223   2.52603683964625   2.43784600981459   -6.3966707041732e-15   7.28180367182819
2.23520556556558   2.20215488082157   2.15593866413382   -5.51504160606804e-15   5.86803020514742
2.24522890890892   1.75188460550892   1.67002180191748   -3.99106641316626e-15   4.02981057241656
2.25525225225226   1.27291326354194   0.966884271534297   -2.01823995983738e-15   2.29005363835018
2.26527559559561   0.94684141438702   0.319644064768754   -5.86874760156224e-16   1.31948782189023
2.27529893893895   0.827209983328484   0.056751094837765   -1.01083801368033e-16   1.04991357387836
2.28532228228229   0.803750964245436   0.00771279285483254   -1.53861144645622e-19   1.00660165869168
2.29534562562564   0.800484906717226   0.000996530753274468   -1.2209908016845e-23   1.0008491831022
2.30536896896898   0.800062206071486   0.00012783796958267   -5.21080655690272e-29   1.00010887037826
2.31539231231232   0.800007972507714   1.63840705599093e-05   -2.75567886262786e-36   1.00001395204857
2.32541565565567   0.800001021652397   2.09956864169733e-06   -8.01964818238193e-44   1.00000178789432
2.33543899899901   0.800000130919095   2.69048147039581e-07   -1.37458106888597e-52   1.00000022910846
2.34546234234235   0.800000016776456   3.44768284365744e-08   -1.20035309674257e-62   1.0000000293588
2.3554856856857   0.800000002149787   4.41796802839485e-09   -2.04312332923777e-73   1.00000000376213
2.36550902902904   0.800000000275479   5.66129128425827e-10   -2.12618676204249e-85   1.00000000048209
2.37553237237238   0.8000000000353   7.25444026810123e-11   -1.59748312698376e-98   1.00000000006177
2.38555571571573   0.800000000004523   9.29542939753062e-12   -1.48601898803027e-112   1.00000000000791
2.39557905905907   0.800000000000579   1.19058759638289e-12   -3.50772536925996e-128   1.00000000000101
2.40560240240241   0.800000000000074   1.52217813024388e-13   1.71633997290107e-143   1.00000000000013
2.41562574574576   0.800000000000009   1.93207118888496e-14   3.5837148930703e-160   1.00000000000002
2.4256490890891   0.800000000000001   2.27674446850962e-15   3.85979862245389e-178   1
2.43567243243244   0.8   2.13444667193064e-16   2.22317121803722e-197   1
2.44569577577579   0.8   0   2.42169789953562e-218   1
2.45571911911913   0.8   0   0   1
2.46574246246247   0.8   0   0   1
2.47576580580582   0.8   0   0   1
2.48578914914916   0.8   0   0   1
2.4958124924925   0.8   0   0   1
2.50583583583585   0.8   0   0   1
2.51585917917919   0.8   0   0   1
2.52588252252253   0.8   0   0   1
2.53590586586588   0.8   0   0   1
2.54592920920922   0.8   0   0   1
2.55595255255257   0.8   0   0   1
2.56597589589591   0.8   0   0   1
2.57599923923925   0.8   0   0   1
2.5860225825826   0.8   0   0   1
2.59604592592594   0.8   0   0   1
2.60606926926928   0.8   0   0   1
2.61609261261263   0.8   0   0   1
2.62611595595597   0.8   0   0   1
2.63613929929931   0.8   0   0   1
2.64616264264266   0.8   0   0   1
2.656185985986   0.8   0   0   1
2.66620932932934   0.8   0   0   1
2.67623267267269   0.8   0   0   1
2.68625601601603   0.8   0   0   1
2.69627935935937   0.8   0   0   1
2.70630270270272   0.8   0   0   1
2.71632604604606   0.8   0   0   1
2.7263493893894   0.8   0   0   1
2.73637273273275   0.8   0   0   1
2.74639607607609   0.8   0   0   1
2.75641941941943   0.8   0   0   1
2.76644276276278   0.8   0   0   1
2.77646610610612   0.8   0   0   1
2.78648944944946   0.8   0   0   1
2.79651279279281   0.8   0   0   1
2.80653613613615   0.8   0   0   1
2.81655947947949   0.8   0   0   1
2.82658282282284   0.8   0   0   1
2.83660616616618   0.8   0   0   1
2.84662950950952   0.8   0   0   1
2.85665285285287   0.8   0   0   1
2.86667619619621   0.8   0   0   1
2.87669953953955   0.8   0   0   1
2.8867228828829   0.8   0   0   1
2.89674622622624   0.8   0   0   1
2.90676956956958   0.8   0   0   1
2.91679291291293   0.8   0   0   1
2.92681625625627   0.8   0   0   1
2.93683959959962   0.8   0   0   1
2.94686294294296   0.8   0   0   1
2.9568862862863   0.8   0   0   1
2.96690962962965   0.8   0   0   1
2.97693297297299   0.8   0   0   1
2.98695631631633   0.8   0   0   1
2.99697965965968   0.8   0   0   1
3.00700300300302   0.8   0   0   1
3.01702634634636   0.8   0   0   1
3.02704968968971   0.8   0   0   1
3.03707303303305   0.8   0   0   1
3.04709637637639   0.8   0   0   1
3.05711971971974   0.8   0   0   1
3.06714306306308   0.8   0   0   1
3.07716640640642   0.8   0   0   1
3.08718974974977   0.8   0   0   1
3.09721309309311   0.8   0   0   1
3.10723643643645   0.8   0   0   1
3.1172597797798   0.8   0   0   1
3.12728312312314   0.8   0   0   1
3.13730646646648   0.8   0   0   1
3.14732980980983   0.8   0   0   1
3.15735315315317   0.8   0   0   1
3.16737649649651   0.8   0   0   1
3.17739983983986   0.8   0   0   1
3.1874231831832   0.8   0   0   1
3.19744652652654   0.8   0   0   1
3.20746986986989   0.8   0   0   1
3.21749321321323   0.8   0   0   1
3.22751655655657   0.8   0   0   1
3.23753989989992   0.8   0   0   1
3.24756324324326   0.8   0   0   1
3.2575865865866   0.8   0   0   1
3.26760992992995   0.8   0   0   1
3.27763327327329   0.8   0   0   1
3.28765661661664   0.8   0   0   1
3.29767995995998   0.8   0   0   1
3.30770330330332   0.8   0   0   1
3.31772664664667   0.8   0   0   1
3.32774998999001   0.8   0   0   1
3.33777333333335   0.8   0   0   1
3.3477966766767   0.8   0   0   1
3.35782002002004   0.8   0   0   1
3.36784336336338   0.8   0   0   1
3.37786670670673   0.8   0   0   1
3.38789005005007   0.8   0   0   1
3.39791339339341   0.8   0   0   1
3.40793673673676   0.8   0   0   1
3.4179600800801   0.8   0   0   1
3.42798342342344   0.8   0   0   1
3.43800676676679   0.8   0   0   1
3.44803011011013   0.8   0   0   1
3.45805345345347   0.8   0   0   1
3.46807679679682   0.8   0   0   1
3.47810014014016   0.8   0   0   1
3.4881234834835   0.8   0   0   1
3.49814682682685   0.8   0   0   1
3.50817017017019   0.8   0   0   1
3.51819351351353   0.8   0   0   1
3.52821685685688   0.8   0   0   1
3.53824020020022   0.8   0   0   1
3.54826354354356   0.8   0   0   1
3.55828688688691   0.8   0   0   1
3.56831023023025   0.8   0   0   1
3.57833357357359   0.8   0   0   1
3.58835691691694   0.8   0   0   1
3.59838026026028   0.8   0   0   1
3.60840360360362   0.8   0   0   1
3.61842694694697   0.8   0   0   1
3.62845029029031   0.8   0   0   1
3.63847363363366   0.8   0   0   1
3.648496976977   0.8   0   0   1
3.65852032032034   0.8   0   0   1
3.66854366366369   0.8   0   0   1
3.67856700700703   0.8   0   0   1
3.68859035035037   0.8   0   0   1
3.69861369369372   0.8   0   0   1
3.70863703703706   0.8   0   0   1
3.7186603803804   0.8   0   0   1
3.72868372372375   0.8   0   0   1
3.73870706706709   0.8   0   0   1
3.74873041041043   0.8   0   0   1
3.75875375375378   0.8   0   0   1
3.76877709709712   0.8   0   0   1
3.77880044044046   0.8   0   0   1
3.78882378378381   0.8   0   0   1
3.79884712712715   0.8   0   0   1
3.80887047047049   0.8   0   0   1
3.81889381381384   0.8   0   0   1
3.82891715715718   0.8   0   0   1
3.83894050050052   0.8   0   0   1
3.84896384384387   0.8   0   0   1
3.85898718718721   0.8   0   0   1
3.86901053053055   0.8   0   0   1
3.8790338738739   0.8   0   0   1
3.88905721721724   0.8   0   0   1
3.89908056056058   0.8   0   0   1
3.90910390390393   0.8   0   0   1
3.91912724724727   0.8   0   0   1
3.92915059059061   0.8   0   0   1
3.93917393393396   0.8   0   0   1
3.9491972772773   0.8   0   0   1
3.95922062062064   0.8   0   0   1
3.96924396396399   0.8   0   0   1
3.97926730730733   0.8   0   0   1
3.98929065065068   0.8   0   0   1
3.99931399399402   0.8   0   0   1
4.00933733733736   0.8   0   0   1
4.01936068068071   0.8   0   0   1
4.02938402402405   0.8   0   0   1
4.03940736736739   0.8   0   0   1
4.04943071071074   0.8   0   0   1
4.05945405405408   0.8   0   0   1
4.06947739739742   0.8   0   0   1
4.07950074074077   0.8   0   0   1
4.08952408408411   0.8   0   0   1
4.09954742742745   0.8   0   0   1
4.1095707707708   0.8   0   0   1
4.11959411411414   0.8   0   0   1
4.12961745745748   0.8   0   0   1
4.13964080080083   0.8   0   0   1
4.14966414414417   0.8   0   0   1
4.15968748748751   0.8   0   0   1
4.16971083083086   0.8   0   0   1
4.1797341741742   0.8   0   0   1
4.18975751751754   0.8   0   0   1
4.19978086086089   0.8   0   0   1
4.20980420420423   0.8   0   0   1
4.21982754754757   0.8   0   0   1
4.22985089089092   0.8   0   0   1
4.23987423423426   0.8   0   0   1
4.2498975775776   0.8   0   0   1
4.25992092092095   0.8   0   0   1
4.26994426426429   0.8   0   0   1
4.27996760760763   0.8   0   0   1
4.28999095095098   0.8   0   0   1
4.30001429429432   0.8   0   0   1
4.31003763763766   0.8   0   0   1
4.32006098098101   0.8   0   0   1
4.33008432432435   0.8   0   0   1
4.3401076676677   0.8   0   0   1
4.35013101101104   0.8   0   0   1
4.36015435435438   0.8   0   0   1
4.37017769769773   0.8   0   0   1
4.38020104104107   0.8   0   0   1
4.39022438438441   0.8   0   0   1
4.40024772772776   0.8   0   0   1
4.4102710710711   0.8   0   0   1
4.42029441441444   0.8   0   0   1
4.43031775775779   0.8   0   0   1
4.44034110110113   0.8   0   0   1
4.45036444444447   0.8   0   0   1
4.46038778778782   0.8   0   0   1
4.47041113113116   0.8   0   0   1
4.4804344744745   0.8   0   0   1
4.49045781781785   0.8   0   0   1
4.50048116116119   0.8   0   0   1
4.51050450450453   0.8   0   0   1
4.52052784784788   0.8   0   0   1
4.53055119119122   0.8   0   0   1
4.54057453453456   0.8   0   0   1
4.55059787787791   0.8   0   0   1
4.56062122122125   0.8   0   0   1
4.57064456456459   0.8   0   0   1
4.58066790790794   0.8   0   0   1
4.59069125125128   0.8   0   0   1
4.60071459459462   0.8   0   0   1
4.61073793793797   0.8   0   0   1
4.62076128128131   0.8   0   0   1
4.63078462462465   0.8   0   0   1
4.640807967968   0.8   0   0   1
4.65083131131134   0.8   0   0   1
4.66085465465468   0.8   0   0   1
4.67087799799803   0.8   0   0   1
4.68090134134137   0.8   0   0   1
4.69092468468472   0.8   0   0   1
4.70094802802806   0.8   0   0   1
4.7109713713714   0.8   0   0   1
4.72099471471475   0.8   0   0   1
4.73101805805809   0.8   0   0   1
4.74104140140143   0.8   0   0   1
4.75106474474478   0.8   0   0   1
4.76108808808812   0.8   0   0   1
4.77111143143146   0.8   0   0   1
4.78113477477481   0.8   0   0   1
4.79115811811815   0.8   0   0   1
4.80118146146149   0.8   0   0   1
4.81120480480484   0.8   0   0   1
4.82122814814818   0.8   0   0   1
4.83125149149152   0.8   0   0   1
4.84127483483487   0.8   0   0   1
4.85129817817821   0.8   0   0   1
4.86132152152155   0.8   0   0   1
4.8713448648649   0.8   0   0   1
4.88136820820824   0.8   0   0   1
4.89139155155158   0.8   0   0   1
4.90141489489493   0.8   0   0   1
4.91143823823827   0.8   0   0   1
4.92146158158161   0.8   0   0   1
4.93148492492496   0.8   0   0   1
4.9415082682683   0.8   0   0   1
4.95153161161164   0.8   0   0   1
4.96155495495499   0.8   0   0   1
4.97157829829833   0.8   0   0   1
4.98160164164167   0.8   0   0   1
4.99162498498502   0.8   0   0   1
5.00164832832836   0.8   0   0   1
5.0116716716717   0.8   0   0   1
5.02169501501505   0.8   0   0   1
5.03171835835839   0.8   0   0   1
5.04174170170173   0.8   0   0   1
5.05176504504508   0.8   0   0   1
5.06178838838842   0.8   0   0   1
5.07181173173177   0.8   0   0   1
5.08183507507511   0.8   0   0   1
5.09185841841845   0.8   0   0   1
5.1018817617618   0.8   0   0   1
5.11190510510514   0.8   0   0   1
5.12192844844848   0.8   0   0   1
5.13195179179183   0.8   0   0   1
5.14197513513517   0.8   0   0   1
5.15199847847851   0.8   0   0   1
5.16202182182186   0.8   0   0   1
5.1720451651652   0.8   0   0   1
5.18206850850854   0.8   0   0   1
5.19209185185189   0.8   0   0   1
5.20211519519523   0.8   0   0   1
5.21213853853857   0.8   0   0   1
5.22216188188192   0.8   0   0   1
5.23218522522526   0.8   0   0   1
5.2422085685686   0.8   0   0   1
5.25223191191195   0.8   0   0   1
5.26225525525529   0.8   0   0   1
5.27227859859863   0.8   0   0   1
5.28230194194198   0.8   0   0   1
5.29232528528532   0.8   0   0   1
5.30234862862866   0.8   0   0   1
5.31237197197201   0.8   0   0   1
5.32239531531535   0.8   0   0   1
5.33241865865869   0.8   0   0   1
5.34244200200204   0.8   0   0   1
5.35246534534538   0.8   0   0   1
5.36248868868872   0.8   0   0   1
5.37251203203207   0.8   0   0   1
5.38253537537541   0.8   0   0   1
5.39255871871875   0.8   0   0   1
5.4025820620621   0.8   0   0   1
5.41260540540544   0.8   0   0   1
5.42262874874879   0.8   0   0   1
5.43265209209213   0.8   0   0   1
5.44267543543547   0.8   0   0   1
5.45269877877882   0.8   0   0   1
5.46272212212216   0.8   0   0   1
5.4727454654655   0.8   0   0   1
5.48276880880885   0.8   0   0   1
5.49279215215219   0.8   0   0   1
5.50281549549553   0.8   0   0   1
5.51283883883888   0.8   0   0   1
5.52286218218222   0.8   0   0   1
5.53288552552556   0.8   0   0   1
5.54290886886891   0.8   0   0   1
5.55293221221225   0.8   0   0   1
5.56295555555559   0.8   0   0   1
5.57297889889894   0.8   0   0   1
5.58300224224228   0.8   0   0   1
5.59302558558562   0.8   0   0   1
5.60304892892897   0.8   0   0   1
5.61307227227231   0.8   0   0   1
5.62309561561565   0.8   0   0   1
5.633118958959   0.8   0   0   1
5.64314230230234   0.8   0   0   1
5.65316564564568   0.8   0   0   1
5.66318898898903   0.8   0   0   1
5.67321233233237   0.8   0   0   1
5.68323567567571   0.8   0   0   1
5.69325901901906   0.8   0   0   1
5.7032823623624   0.8   0   0   1
5.71330570570574   0.8   0   0   1
5.72332904904909   0.8   0   0   1
5.73335239239243   0.8   0   0   1
5.74337573573577   0.8   0   0   1
5.75339907907912   0.8   0   0   1
5.76342242242246   0.8   0   0   1
5.77344576576581   0.8   0   0   1
5.78346910910915   0.8   0   0   1
5.79349245245249   0.8   0   0   1
5.80351579579584   0.8   0   0   1
5.81353913913918   0.8   0   0   1
5.82356248248252   0.8   0   0   1
5.83358582582587   0.8   0   0   1
5.84360916916921   0.8   0   0   1
5.85363251251255   0.8   0   0   1
5.8636558558559   0.8   0   0   1
5.87367919919924   0.8   0   0   1
5.88370254254258   0.8   0   0   1
5.89372588588593   0.8   0   0   1
5.90374922922927   0.8   0   0   1
5.91377257257261   0.8   0   0   1
5.92379591591596   0.8   0   0   1
5.9338192592593   0.8   0   0   1
5.94384260260264   0.8   0   0   1
5.95386594594599   0.8   0   0   1
5.96388928928933   0.8   0   0   1
5.97391263263267   0.8   0   0   1
5.98393597597602   0.8   0   0   1
5.99395931931936   0.8   0   0   1
6.0039826626627   0.8   0   0   1
6.01400600600605   0.8   0   0   1
6.02402934934939   0.8   0   0   1
6.03405269269273   0.8   0   0   1
6.04407603603608   0.8   0   0   1
6.05409937937942   0.8   0   0   1
6.06412272272276   0.8   0   0   1
6.07414606606611   0.8   0   0   1
6.08416940940945   0.8   0   0   1
6.09419275275279   0.8   0   0   1
6.10421609609614   0.8   0   0   1
6.11423943943948   0.8   0   0   1
6.12426278278283   0.8   0   0   1
6.13428612612617   0.8   0   0   1
6.14430946946951   0.8   0   0   1
6.15433281281286   0.8   0   0   1
6.1643561561562   0.8   0   0   1
6.17437949949954   0.8   0   0   1
6.18440284284289   0.8   0   0   1
6.19442618618623   0.8   0   0   1
6.20444952952957   0.8   0   0   1
6.21447287287292   0.8   0   0   1
6.22449621621626   0.8   0   0   1
6.2345195595596   0.8   0   0   1
6.24454290290295   0.8   0   0   1
6.25456624624629   0.8   0   0   1
6.26458958958963   0.8   0   0   1
6.27461293293298   0.8   0   0   1
6.28463627627632   0.8   0   0   1
6.29465961961966   0.8   0   0   1
6.30468296296301   0.8   0   0   1
6.31470630630635   0.8   0   0   1
6.32472964964969   0.8   0   0   1
6.33475299299304   0.8   0   0   1
6.34477633633638   0.8   0   0   1
6.35479967967972   0.8   0   0   1
6.36482302302307   0.8   0   0   1
6.37484636636641   0.8   0   0   1
6.38486970970975   0.8   0   0   1
6.3948930530531   0.8   0   0   1
6.40491639639644   0.8   0   0   1
6.41493973973978   0.8   0   0   1
6.42496308308313   0.8   0   0   1
6.43498642642647   0.8   0   0   1
6.44500976976981   0.8   0   0   1
6.45503311311316   0.8   0   0   1
6.4650564564565   0.8   0   0   1
6.47507979979985   0.8   0   0   1
6.48510314314319   0.8   0   0   1
6.49512648648653   0.8   0   0   1
6.50514982982988   0.8   0   0   1
6.51517317317322   0.8   0   0   1
6.52519651651656   0.8   0   0   1
6.53521985985991   0.8   0   0   1
6.54524320320325   0.8   0   0   1
6.55526654654659   0.8   0   0   1
6.56528988988994   0.8   0   0   1
6.57531323323328   0.8   0   0   1
6.58533657657662   0.8   0   0   1
6.59535991991997   0.8   0   0   1
6.60538326326331   0.8   0   0   1
6.61540660660665   0.8   0   0   1
6.62542994995   0.8   0   0   1
6.63545329329334   0.8   0   0   1
6.64547663663668   0.8   0   0   1
6.65549997998003   0.8   0   0   1
6.66552332332337   0.8   0   0   1
6.67554666666671   0.8   0   0   1
6.68557001001006   0.8   0   0   1
6.6955933533534   0.8   0   0   1
6.70561669669674   0.8   0   0   1
6.71564004004009   0.8   0   0   1
6.72566338338343   0.8   0   0   1
6.73568672672677   0.8   0   0   1
6.74571007007012   0.8   0   0   1
6.75573341341346   0.8   0   0   1
6.7657567567568   0.8   0   0   1
6.77578010010015   0.8   0   0   1
6.78580344344349   0.8   0   0   1
6.79582678678683   0.8   0   0   1
6.80585013013018   0.8   0   0   1
6.81587347347352   0.8   0   0   1
6.82589681681686   0.8   0   0   1
6.83592016016021   0.8   0   0   1
6.84594350350355   0.8   0   0   1
6.8559668468469   0.8   0   0   1
6.86599019019024   0.8   0   0   1
6.87601353353358   0.8   0   0   1
6.88603687687693   0.8   0   0   1
6.89606022022027   0.8   0   0   1
6.90608356356361   0.8   0   0   1
6.91610690690696   0.8   0   0   1
6.9261302502503   0.8   0   0   1
6.93615359359364   0.8   0   0   1
6.94617693693699   0.8   0   0   1
6.95620028028033   0.8   0   0   1
6.96622362362367   0.8   0   0   1
6.97624696696702   0.8   0   0   1
6.98627031031036   0.8   0   0   1
6.9962936536537   0.8   0   0   1
7.00631699699705   0.8   0   0   1
7.01634034034039   0.8   0   0   1
7.02636368368373   0.8   0   0   1
7.03638702702708   0.8   0   0   1
7.04641037037042   0.8   0   0   1
7.05643371371376   0.8   0   0   1
7.06645705705711   0.8   0   0   1
7.07648040040045   0.8   0   0   1
7.08650374374379   0.8   0   0   1
7.09652708708714   0.8   0   0   1
7.10655043043048   0.8   0   0   1
7.11657377377382   0.8   0   0   1
7.12659711711717   0.8   0   0   1
7.13662046046051   0.8   0   0   1
7.14664380380385   0.8   0   0   1
7.1566671471472   0.8   0   0   1
7.16669049049054   0.8   0   0   1
7.17671383383388   0.8   0   0   1
7.18673717717723   0.8   0   0   1
7.19676052052057   0.8   0   0   1
7.20678386386392   0.8   0   0   1
7.21680720720726   0.8   0   0   1
7.2268305505506   0.8   0   0   1
7.23685389389395   0.8   0   0   1
7.24687723723729   0.8   0   0   1
7.25690058058063   0.8   0   0   1
7.26692392392398   0.8   0   0   1
7.27694726726732   0.8   0   0   1
7.28697061061066   0.8   0   0   1
7.29699395395401   0.8   0   0   1
7.30701729729735   0.8   0   0   1
7.31704064064069   0.8   0   0   1
7.32706398398404   0.8   0   0   1
7.33708732732738   0.8   0   0   1
7.34711067067072   0.8   0   0   1
7.35713401401407   0.8   0   0   1
7.36715735735741   0.8   0   0   1
7.37718070070075   0.8   0   0   1
7.3872040440441   0.8   0   0   1
7.39722738738744   0.8   0   0   1
7.40725073073078   0.8   0   0   1
7.41727407407413   0.8   0   0   1
7.42729741741747   0.8   0   0   1
7.43732076076081   0.8   0   0   1
7.44734410410416   0.8   0   0   1
7.4573674474475   0.8   0   0   1
7.46739079079084   0.8   0   0   1
7.47741413413419   0.8   0   0   1
7.48743747747753   0.8   0   0   1
7.49746082082087   0.8   0   0   1
7.50748416416422   0.8   0   0   1
7.51750750750756   0.8   0   0   1
7.5275308508509   0.8   0   0   1
7.53755419419425   0.8   0   0   1
7.54757753753759   0.8   0   0   1
7.55760088088094   0.8   0   0   1
7.56762422422428   0.8   0   0   1
7.57764756756762   0.8   0   0   1
7.58767091091097   0.8   0   0   1
7.59769425425431   0.8   0   0   1
7.60771759759765   0.8   0   0   1
7.617740940941   0.8   0   0   1
7.62776428428434   0.8   0   0   1
7.63778762762768   0.8   0   0   1
7.64781097097103   0.8   0   0   1
7.65783431431437   0.8   0   0   1
7.66785765765771   0.8   0   0   1
7.67788100100106   0.8   0   0   1
7.6879043443444   0.8   0   0   1
7.69792768768774   0.8   0   0   1
7.70795103103109   0.8   0   0   1
7.71797437437443   0.8   0   0   1
7.72799771771777   0.8   0   0   1
7.73802106106112   0.8   0   0   1
7.74804440440446   0.8   0   0   1
7.7580677477478   0.8   0   0   1
7.76809109109115   0.8   0   0   1
7.77811443443449   0.8   0   0   1
7.78813777777783   0.8   0   0   1
7.79816112112118   0.8   0   0   1
7.80818446446452   0.8   0   0   1
7.81820780780786   0.8   0   0   1
7.82823115115121   0.8   0   0   1
7.83825449449455   0.8   0   0   1
7.84827783783789   0.8   0   0   1
7.85830118118124   0.8   0   0   1
7.86832452452458   0.8   0   0   1
7.87834786786792   0.8   0   0   1
7.88837121121127   0.8   0   0   1
7.89839455455461   0.8   0   0   1
7.90841789789796   0.8   0   0   1
7.9184412412413   0.8   0   0   1
7.92846458458464   0.8   0   0   1
7.93848792792799   0.8   0   0   1
7.94851127127133   0.8   0   0   1
7.95853461461467   0.8   0   0   1
7.96855795795802   0.8   0   0   1
7.97858130130136   0.8   0   0   1
7.9886046446447   0.8   0   0   1
7.99862798798805   0.8   0   0   1
8.00865133133139   0.8   0   0   1
8.01867467467473   0.8   0   0   1
8.02869801801808   0.8   0   0   1
8.03872136136142   0.8   0   0   1
8.04874470470476   0.8   0   0   1
8.05876804804811   0.8   0   0   1
8.06879139139145   0.8   0   0   1
8.07881473473479   0.8   0   0   1
8.08883807807814   0.8   0   0   1
8.09886142142148   0.8   0   0   1
8.10888476476482   0.8   0   0   1
8.11890810810817   0.8   0   0   1
8.12893145145151   0.8   0   0   1
8.13895479479485   0.8   0   0   1
8.1489781381382   0.8   0   0   1
8.15900148148154   0.8   0   0   1
8.16902482482488   0.8   0   0   1
8.17904816816823   0.8   0   0   1
8.18907151151157   0.8   0   0   1
8.19909485485491   0.8   0   0   1
8.20911819819826   0.8   0   0   1
8.2191415415416   0.8   0   0   1
8.22916488488494   0.8   0   0   1
8.23918822822829   0.8   0   0   1
8.24921157157163   0.8   0   0   1
8.25923491491498   0.8   0   0   1
8.26925825825832   0.8   0   0   1
8.27928160160166   0.8   0   0   1
8.28930494494501   0.8   0   0   1
8.29932828828835   0.8   0   0   1
8.30935163163169   0.8   0   0   1
8.31937497497504   0.8   0   0   1
8.32939831831838   0.8   0   0   1
8.33942166166172   0.8   0   0   1
8.34944500500507   0.8   0   0   1
8.35946834834841   0.8   0   0   1
8.36949169169175   0.8   0   0   1
8.3795150350351   0.8   0   0   1
8.38953837837844   0.8   0   0   1
8.39956172172178   0.8   0   0   1
8.40958506506513   0.8   0   0   1
8.41960840840847   0.8   0   0   1
8.42963175175181   0.8   0   0   1
8.43965509509516   0.8   0   0   1
8.4496784384385   0.8   0   0   1
8.45970178178184   0.8   0   0   1
8.46972512512519   0.8   0   0   1
8.47974846846853   0.8   0   0   1
8.48977181181187   0.8   0   0   1
8.49979515515522   0.8   0   0   1
8.50981849849856   0.8   0   0   1
8.5198418418419   0.8   0   0   1
8.52986518518525   0.8   0   0   1
8.53988852852859   0.8   0   0   1
8.54991187187193   0.8   0   0   1
8.55993521521528   0.8   0   0   1
8.56995855855862   0.8   0   0   1
8.57998190190196   0.8   0   0   1
8.59000524524531   0.8   0   0   1
8.60002858858865   0.8   0   0   1
8.610051931932   0.8   0   0   1
8.62007527527534   0.8   0   0   1
8.63009861861868   0.8   0   0   1
8.64012196196203   0.8   0   0   1
8.65014530530537   0.8   0   0   1
8.66016864864871   0.8   0   0   1
8.67019199199206   0.8   0   0   1
8.6802153353354   0.8   0   0   1
8.69023867867874   0.8   0   0   1
8.70026202202209   0.8   0   0   1
8.71028536536543   0.8   0   0   1
8.72030870870877   0.8   0   0   1
8.73033205205212   0.8   0   0   1
8.74035539539546   0.8   0   0   1
8.7503787387388   0.8   0   0   1
8.76040208208215   0.8   0   0   1
8.77042542542549   0.8   0   0   1
8.78044876876883   0.8   0   0   1
8.79047211211218   0.8   0   0   1
8.80049545545552   0.8   0   0   1
8.81051879879886   0.8   0   0   1
8.82054214214221   0.8   0   0   1
8.83056548548555   0.8   0   0   1
8.84058882882889   0.8   0   0   1
8.85061217217224   0.8   0   0   1
8.86063551551558   0.8   0   0   1
8.87065885885892   0.8   0   0   1
8.88068220220227   0.8   0   0   1
8.89070554554561   0.8   0   0   1
8.90072888888895   0.8   0   0   1
8.9107522322323   0.8   0   0   1
8.92077557557564   0.8   0   0   1
8.93079891891898   0.8   0   0   1
8.94082226226233   0.8   0   0   1
8.95084560560567   0.8   0   0   1
8.96086894894901   0.8   0   0   1
8.97089229229236   0.8   0   0   1
8.9809156356357   0.8   0   0   1
8.99093897897905   0.8   0   0   1
9.00096232232239   0.8   0   0   1
9.01098566566573   0.8   0   0   1
9.02100900900908   0.8   0   0   1
9.03103235235242   0.8   0   0   1
9.04105569569576   0.8   0   0   1
9.05107903903911   0.8   0   0   1
9.06110238238245   0.8   0   0   1
9.07112572572579   0.8   0   0   1
9.08114906906914   0.8   0   0   1
9.09117241241248   0.8   0   0   1
9.10119575575582   0.8   0   0   1
9.11121909909917   0.8   0   0   1
9.12124244244251   0.8   0   0   1
9.13126578578585   0.8   0   0   1
9.1412891291292   0.8   0   0   1
9.15131247247254   0.8   0   0   1
9.16133581581588   0.8   0   0   1
9.17135915915923   0.8   0   0   1
9.18138250250257   0.8   0   0   1
9.19140584584591   0.8   0   0   1
9.20142918918926   0.8   0   0   1
9.2114525325326   0.8   0   0   1
9.22147587587594   0.8   0   0   1
9.23149921921929   0.8   0   0   1
9.24152256256263   0.8   0   0   1
9.25154590590597   0.8   0   0   1
9.26156924924932   0.8   0   0   1
9.27159259259266   0.8   0   0   1
9.281615935936   0.8   0   0   1
9.29163927927935   0.8   0   0   1
9.30166262262269   0.8   0   0   1
9.31168596596603   0.8   0   0   1
9.32170930930938   0.8   0   0   1
9.33173265265272   0.8   0   0   1
9.34175599599607   0.8   0   0   1
9.35177933933941   0.8   0   0   1
9.36180268268275   0.8   0   0   1
9.3718260260261   0.8   0   0   1
9.38184936936944   0.8   0   0   1
9.39187271271278   0.8   0   0   1
9.40189605605613   0.8   0   0   1
9.41191939939947   0.8   0   0   1
9.42194274274281   0.8   0   0   1
9.43196608608616   0.8   0   0   1
9.4419894294295   0.8   0   0   1
9.45201277277284   0.8   0   0   1
9.46203611611619   0.8   0   0   1
9.47205945945953   0.8   0   0   1
9.48208280280287   0.8   0   0   1
9.49210614614622   0.8   0   0   1
9.50212948948956   0.8   0   0   1
9.5121528328329   0.8   0   0   1
9.52217617617625   0.8   0   0   1
9.53219951951959   0.8   0   0   1
9.54222286286293   0.8   0   0   1
9.55224620620628   0.8   0   0   1
9.56226954954962   0.8   0   0   1
9.57229289289296   0.8   0   0   1
9.58231623623631   0.8   0   0   1
9.59233957957965   0.8   0   0   1
9.60236292292299   0.8   0   0   1
9.61238626626634   0.8   0   0   1
9.62240960960968   0.8   0   0   1
9.63243295295302   0.8   0   0   1
9.64245629629637   0.8   0   0   1
9.65247963963971   0.8   0   0   1
9.66250298298305   0.8   0   0   1
9.6725263263264   0.8   0   0   1
9.68254966966974   0.8   0   0   1
9.69257301301309   0.8   0   0   1
9.70259635635643   0.8   0   0   1
9.71261969969977   0.8   0   0   1
9.72264304304312   0.8   0   0   1
9.73266638638646   0.8   0   0   1
9.7426897297298   0.8   0   0   1
9.75271307307315   0.8   0   0   1
9.76273641641649   0.8   0   0   1
9.77275975975983   0.8   0   0   1
9.78278310310318   0.8   0   0   1
9.79280644644652   0.8   0   0   1
9.80282978978986   0.8   0   0   1
9.81285313313321   0.8   0   0   1
9.82287647647655   0.8   0   0   1
9.83289981981989   0.8   0   0   1
9.84292316316324   0.8   0   0   1
9.85294650650658   0.8   0   0   1
9.86296984984992   0.8   0   0   1
9.87299319319327   0.8   0   0   1
9.88301653653661   0.8   0   0   1
9.89303987987995   0.8   0   0   1
9.9030632232233   0.8   0   0   1
9.91308656656664   0.8   0   0   1
9.92310990990998   0.8   0   0   1
9.93313325325333   0.8   0   0   1
9.94315659659667   0.8   0   0   1
9.95317993994001   0.8   0   0   1
9.96320328328336   0.8   0   0   1
9.9732266266267   0.8   0   0   1
9.98324996997004   0.8   0   0   1
9.99327331331339   0.8   0   0   1
10.0032966566567   0.8   0   0   1
10.0133200000001   0.8   0   0   1
