variables = x,rho,u,v,p
0   3.8571   2.6293   0   10.3333
0.0100233433433433   3.8571   2.6293   0   10.3333
0.0200466866866867   3.8571   2.6293   0   10.3333
0.03007003003003   3.8571   2.6293   0   10.3333
0.0400933733733734   3.8571   2.6293   0   10.3333
0.0501167167167167   3.8571   2.6293   0   10.3333
0.0601400600600601   3.8571   2.6293   0   10.3333
0.0701634034034034   3.8571   2.6293   0   10.3333
0.0801867467467468   3.8571   2.6293   0   10.3333
0.0902100900900901   3.8571   2.6293   0   10.3333
0.100233433433433   3.8571   2.6293   0   10.3333
0.110256776776777   3.8571   2.6293   0   10.3333
0.12028012012012   3.8571   2.6293   0   10.3333
0.130303463463463   3.8571   2.6293   0   10.3333
0.140326806806807   3.8571   2.6293   0   10.3333
0.15035015015015   3.8571   2.6293   0   10.3333
0.160373493493494   3.8571   2.6293   0   10.3333
0.170396836836837   3.8571   2.6293   0   10.3333
0.18042018018018   3.8571   2.6293   0   10.3333
0.190443523523524   3.8571   2.6293   0   10.3333
0.200466866866867   3.8571   2.6293   0   10.3333
0.21049021021021   3.8571   2.6293   0   10.3333
0.220513553553554   3.8571   2.6293   0   10.3333
0.230536896896897   3.8571   2.6293   0   10.3333
0.24056024024024   3.8571   2.6293   0   10.3333
0.250583583583584   3.8571   2.6293   0   10.3333
0.260606926926927   3.8571   2.6293   0   10.3333
0.27063027027027   3.8571   2.6293   0   10.3333
0.280653613613614   3.8571   2.6293   0   10.3333
0.290676956956957   3.8571   2.6293   0   10.3333
0.3007003003003   3.8571   2.6293   0   10.3333
0.310723643643644   3.8571   2.6293   0   10.3333
0.320746986986987   3.8571   2.6293   0   10.3333
0.330770330330331   3.8571   2.6293   0   10.3333
0.340793673673674   3.8571   2.6293   0   10.3333
0.350817017017017   3.8571   2.6293   0   10.3333
0.360840360360361   3.8571   2.6293   0   10.3333
0.370863703703704   3.8571   2.6293   0   10.3333
0.380887047047047   3.8571   2.6293   0   10.3333
0.390910390390391   3.8571   2.6293   0   10.3333
0.400933733733734   3.8571   2.6293   0   10.3333
0.410957077077078   3.8571   2.6293   0   10.3333
0.420980420420421   3.8571   2.6293   0   10.3333
0.431003763763764   3.8571   2.6293   0   10.3333
0.441027107107108   3.8571   2.6293   0   10.3333
0.451050450450451   3.8571   2.6293   0   10.3333
0.461073793793794   3.8571   2.6293   0   10.3333
0.471097137137138   3.8571   2.6293   0   10.3333
0.481120480480481   3.8571   2.6293   0   10.3333
0.491143823823825   3.8571   2.6293   0   10.3333
0.501167167167168   3.8571   2.6293   0   10.3333
0.511190510510511   3.8571   2.6293   0   10.3333
0.521213853853855   3.8571   2.6293   0   10.3333
0.531237197197198   3.8571   2.6293   0   10.3333
0.541260540540541   3.8571   2.6293   0   10.3333
0.551283883883884   3.8571   2.6293   -2.07693375173145e-16   10.3333
0.561307227227228   3.85709999999999   2.62930000000001   -5.50272308757653e-16   10.3333
0.571330570570571   3.85709999999996   2.62930000000002   -6.89078905776773e-16   10.3332999999998
0.581353913913914   3.8570999999999   2.62930000000006   -7.53765001410052e-16   10.3332999999996
0.591377257257258   3.85709999999978   2.62930000000013   -5.65951253012697e-16   10.333299999999
0.601400600600601   3.85709999999952   2.62930000000028   -2.65255378890493e-16   10.3332999999979
0.611423943943944   3.85709999999901   2.62930000000059   -1.75750315288537e-16   10.3332999999955
0.621447287287288   3.85709999999797   2.62930000000121   -1.49380980675464e-16   10.3332999999909
0.631470630630631   3.85709999999589   2.62930000000244   6.471778165877e-17   10.3332999999816
0.641493973973974   3.85709999999177   2.62930000000488   2.63493444649451e-16   10.3332999999632
0.651517317317318   3.85709999998368   2.62930000000965   -1.65031049222432e-17   10.3332999999272
0.661540660660661   3.85709999996798   2.62930000001889   -7.50942048319824e-17   10.3332999998574
0.671564004004004   3.8570999999378   2.6293000000366   -2.76183998568902e-16   10.3332999997239
0.681587347347348   3.85709999988041   2.62930000007019   -5.22478151890384e-16   10.3332999994705
0.691610690690691   3.85709999977241   2.62930000013322   -3.87377561011974e-16   10.3332999989952
0.701634034034034   3.85709999957133   2.62930000025029   -1.52968302611103e-16   10.3332999981126
0.711657377377378   3.85709999920085   2.6293000004654   8.11035181525021e-17   10.3332999964911
0.721680720720721   3.85709999852545   2.62930000085653   1.76537587435588e-16   10.3332999935434
0.731704064064064   3.85709999730714   2.62930000156018   3.01805516853271e-16   10.3332999882413
0.741727407407408   3.85709999513278   2.62930000281269   1.89911721517877e-16   10.3332999788051
0.751750750750751   3.85709999129323   2.62930000501852   4.2895340653324e-16   10.3332999621898
0.761774094094094   3.85709998458531   2.62930000886198   5.07315408714335e-16   10.3332999332443
0.771797437437437   3.85709997299093   2.62930001548751   1.13559303355381e-15   10.3332998833557
0.781820780780781   3.85709995316441   2.62930002678695   1.40020413275899e-15   10.3332997982887
0.791844124124124   3.8570999196234   2.62930004585132   1.32099454166257e-15   10.3332996547895
0.801867467467467   3.85709986348946   2.62930007767175   1.41004181718915e-15   10.3332994153168
0.811890810810811   3.85709977055318   2.62930013021275   1.5341158600718e-15   10.3332990199762
0.821914154154154   3.85709961834229   2.62930021603303   1.58329582150444e-15   10.3332983743423
0.831937497497497   3.85709937173993   2.62930035469946   1.6716086524289e-15   10.3332973313259
0.841960840840841   3.85709897652762   2.62930057633185   1.77791760270142e-15   10.3332956645525
0.851984184184184   3.85709835000579   2.6293009267338   1.93975636267958e-15   10.3332930298381
0.862007527527527   3.85709736756737   2.62930147471067   1.57835596316521e-15   10.3332889102572
0.872030870870871   3.85709584376411   2.6293023223507   1.86377376078725e-15   10.3332825389845
0.882054214214214   3.85709350601419   2.62930361924778   1.83420897860642e-15   10.3332727925842
0.892077557557557   3.85708995866354   2.629305581866   1.83079723271092e-15   10.3332580457563
0.902100900900901   3.85708463465686   2.62930851947515   2.06302460541699e-15   10.3332359768482
0.912124244244244   3.8570767316354   2.62931286829998   2.31193161263268e-15   10.3332033118449
0.922147587587587   3.85706512891626   2.62931923569296   2.41648357415157e-15   10.3331554933172
0.932170930930931   3.85704828160006   2.62932845621937   2.56745446231153e-15   10.3330862602384
0.942194274274274   3.85702408809908   2.62934166148297   2.33272460887354e-15   10.3329871250622
0.952217617617617   3.85698972779165   2.62936036526097   1.93240835935923e-15   10.3328467364397
0.96224096096096   3.85694146641186   2.62938656499985   1.69146603299019e-15   10.3326501198912
0.972264304304304   3.85687442829282   2.62942285989086   2.2714651291835e-15   10.3323777950579
0.982287647647647   3.85678233678432   2.62947258456009   2.43955393889769e-15   10.3320047771416
0.99231099099099   3.85665722709923   2.62953995586141   2.62201023585132e-15   10.3314994818675
1.00233433433433   3.85648913946569   2.62963022838545   2.68817486264716e-15   10.3308225675416
1.01235767767768   3.85626580462839   2.62974985218255   2.95964572928091e-15   10.3299257638591
1.02238102102102   3.85597233818384   2.62990662399196   3.21230317174662e-15   10.3287507539357
1.03240436436436   3.85559096455802   2.63010982118588   3.51671072979725e-15   10.3272281919665
1.04242770770771   3.85510079513527   2.63037030593764   3.88347096785869e-15   10.3252769519884
1.05245105105105   3.85447768755025   2.63070058609618   4.23327522439026e-15   10.3228037111934
1.06247439439439   3.85369421388338   2.63111481917253   4.29691034480902e-15   10.3197029719737
1.07249773773774   3.85271976395912   2.63162874693917   4.58626416397133e-15   10.3158576185711
1.08252108108108   3.85152080581825   2.63225955052946   4.84987535731475e-15   10.3111400858673
1.09254442442442   3.85006131866983   2.63302561957659   4.97083309705015e-15   10.3054141895235
1.10256776776777   3.84830340449748   2.63394623365956   5.06424037764594e-15   10.2985376297224
1.11259111111111   3.84620807361227   2.6350411597719   5.00864439790543e-15   10.2903651378045
1.12261445445445   3.84373618771981   2.63633017521276   4.84889996880374e-15   10.2807521898649
1.1326377977978   3.84084953260743   2.63783253065964   4.67724413684384e-15   10.2695591682582
1.14266114114114   3.83751198251783   2.63956637266575   4.34045781708521e-15   10.2566558154169
1.15268448448449   3.8336907107023   2.64154814796723   4.04364309337213e-15   10.2419257983097
1.16270782782783   3.82935739631527   2.64379201347962   3.78127292511464e-15   10.2252711889676
1.17273117117117   3.82448937711536   2.64630927560634   3.90574143334871e-15   10.2066166679663
1.18275451451452   3.81907070032986   2.64910788058669   4.08134060368443e-15   10.1859132729951
1.19277785785786   3.81309303005361   2.65219197438099   3.81728257986783e-15   10.1631415415157
1.2028012012012   3.80655637788692   2.65556154646752   3.62053152463359e-15   10.1383139316206
1.21282454454455   3.79946963315692   2.6592121674214   3.66685441985084e-15   10.1114764444605
1.22284788788789   3.79185087894254   2.6631348257648   3.48274755316762e-15   10.0827094108325
1.23287123123123   3.78372748925074   2.66731586575523   3.38424791894557e-15   10.0521274399762
1.24289457457458   3.7751360102895   2.67173702483025   2.69490103402389e-15   10.0198785574555
1.25291791791792   3.76612183435508   2.67637556752042   2.30608908125977e-15   9.9861425795152
1.26294126126126   3.75673867821676   2.68120451179026   2.11835236825037e-15   9.95112878301981
1.27296460460461   3.74704787917848   2.68619294383657   2.19148228546098e-15   9.91507293374021
1.28298794794795   3.73711752163782   2.69130641810185   2.25724415689285e-15   9.87823373308417
1.29301129129129   3.72702140559449   2.69650744028518   2.26144211825028e-15   9.84088873690675
1.30303463463464   3.71683786698217   2.70175603202163   2.55193400422358e-15   9.80332979281877
1.31305797797798   3.70664845879482   2.70701037618464   2.58217312994916e-15   9.76585803769525
1.32308132132132   3.69653650262492   2.71222754098705   2.68275913626488e-15   9.72877849801041
1.33310466466467   3.68658552319222   2.71736427881852   2.52541170520231e-15   9.69239434485933
1.34312800800801   3.67687758424874   2.72237789179382   2.59636318905438e-15   9.65700087484223
1.35315135135135   3.6674915530669   2.72722715023977   2.3965744845316e-15   9.62287931781987
1.3631746946947   3.65850133222081   2.7318732430466   2.73521656388291e-15   9.5902906115458
1.37319803803804   3.64997411061641   2.73628073053356   2.6453048931347e-15   9.55946932786936
1.38322138138138   3.64196869913322   2.7404184621867   3.05644091748832e-15   9.5306179798847
1.39324472472473   3.63453402765412   2.74426041460743   3.44254806184596e-15   9.50390197646204
1.40326806806807   3.6277078871824   2.7477864007472   3.6721018776283e-15   9.47944551132297
1.41329141141141   3.62151600071883   2.7509826014372   4.28581586171906e-15   9.45732866977517
1.42331475475476   3.61597149768365   2.75384187544831   4.43395200179377e-15   9.43758600101495
1.4333380980981   3.61107484808596   2.75636381526349   4.9061293956929e-15   9.42020673505024
1.44336144144144   3.60681428503576   2.75855453193248   5.61631853891266e-15   9.40513672363421
1.45338478478479   3.60316670990101   2.7604261723342   6.39202216355133e-15   9.39228206281715
1.46340812812813   3.60009903724701   2.76199619357431   6.82655553355104e-15   9.38151422457879
1.47343147147147   3.59756990138014   2.76328643928762   7.06241992347835e-15   9.37267640324736
1.48345481481482   3.59553161763922   2.7643220785262   7.38704803790079e-15   9.36559068576776
1.49347815815816   3.59393227346715   2.76513047750482   8.1510617340289e-15   9.36006559679849
1.50350150150151   3.59271781906713   2.76574007656688   8.51638021719535e-15   9.35590355762113
1.51352484484485   3.59183403538259   2.76617933936093   8.35895673906868e-15   9.35290783218485
1.52354818818819   3.59122827652372   2.76647582955701   8.42630880021755e-15   9.35088860749781
1.53357153153154   3.5908509113251   2.7666554544963   8.2932749764109e-15   9.3496679568961
1.54359487487488   3.5906564203524   2.76674189736089   8.324337858603e-15   9.34908354862684
1.55361821821822   3.59060413621959   2.76675624211154   8.51943658496328e-15   9.34899107393319
1.56364156156157   3.59065864300127   2.76671678046583   8.8896554338364e-15   9.34926546616367
1.57366490490491   3.59078987236389   2.76663897881929   9.27491179794435e-15   9.34980105705887
1.58368824824825   3.59097294857198   2.76653557577418   9.72424545158019e-15   9.35051086448544
1.5937115915916   3.59118784168004   2.76641677773232   9.60336845502378e-15   9.35132522776601
1.60373493493494   3.59141888882982   2.76629052026016   8.91213647688814e-15   9.35219000579071
1.61375827827828   3.59165423903325   2.76616276580927   8.51797459021432e-15   9.35306453458115
1.62378162162163   3.59188526876502   2.76603781294879   8.14968832697657e-15   9.35391951090181
1.63380496496497   3.59210600570033   2.76591859767195   8.04412457440026e-15   9.3547349326119
1.64382830830831   3.59231258736462   2.76580697285669   7.42754590526292e-15   9.35549818955037
1.65385165165166   3.5925027713251   2.76570395706343   6.88656803899996e-15   9.35620236444663
1.663874994995   3.59267550449717   2.76560994820828   6.49301015158599e-15   9.35684477395813
1.67389833833834   3.59283055147832   2.76552490109717   6.05990044155991e-15   9.35742575659345
1.68392168168169   3.59296817560664   2.76544847032319   5.44784749855399e-15   9.35794769719858
1.69394502502503   3.59308886153508   2.76538012168664   4.90846919521079e-15   9.35841426640845
1.70396836836837   3.59319306428321   2.76531921622551   4.50019046523753e-15   9.3588298471427
1.71399171171172   3.59328096672536   2.76526507129756   3.97050147734817e-15   9.35919911781227
1.72401505505506   3.59335222509863   2.76521700308986   3.71678250687443e-15   9.35952676234644
1.7340383983984   3.59340568027803   2.76517435459006   3.6436072746585e-15   9.35981727948385
1.74406174174175   3.59343901132658   2.76513651255269   3.43222349932068e-15   9.36007486718861
1.75408508508509   3.59344830741685   2.76510291642723   3.72123026472723e-15   9.36030336192802
1.76410842842843   3.59342753503781   2.76507306164611   4.06484437691038e-15   9.36050621642946
1.77413177177178   3.59336787999542   2.76504649914483   4.66763199701698e-15   9.36068650313187
1.78415511511512   3.59325694872807   2.7650228325259   4.92974102276892e-15   9.3608469336925
1.79417845845846   3.59307782153529   2.76500171389355   5.36872164617101e-15   9.36098988753796
1.80420180180181   3.59280796199815   2.76498283907802   5.3877543825331e-15   9.36111744455709
1.81422514514515   3.59241800243824   2.764965942729   5.35480010264571e-15   9.36123141866347
1.82424848848849   3.59187044460313   2.76495079358013   5.04241931469641e-15   9.36133339017279
1.83427183183184   3.59111833721799   2.76493719005793   4.53035545828471e-15   9.36142473581549
1.84429517517518   3.59010401628925   2.76492495632003   3.97349466893054e-15   9.36150665581089
1.85431851851853   3.58875801807048   2.76491393874889   3.54113828296118e-15   9.36158019782863
1.86434186186187   3.58699829573661   2.76490400289074   3.02806879944857e-15   9.36164627791189
1.87436520520521   3.58472988589726   2.76489503080881   2.54698587788283e-15   9.36170569857826
1.88438854854856   3.58184517674075   2.76488691880958   1.71674798493462e-15   9.36175916438293
1.8944118918919   3.57822492263856   2.76487957549745   1.02546044788229e-15   9.36180729525053
1.90443523523524   3.57374012790487   2.76487292011443   3.49751583168252e-17   9.36185063787462
1.91445857857859   3.56825488368436   2.76486688112424   -1.0170190976262e-15   9.36188967546092
1.92448192192193   3.56163018681355   2.76486139500475   -1.98586950020593e-15   9.36192483605973
1.93450526526527   3.55372870006198   2.76485640521727   -2.97135315683839e-15   9.36195649970037
1.94452860860862   3.54442033355436   2.76485186132546   -3.8448846286006e-15   9.36198500450923
1.95455195195196   3.53358844347209   2.76484771824078   -4.91328111228511e-15   9.36201065196429
1.9645752952953   3.52113636391261   2.76484393557497   -5.46263070438599e-15   9.36203371141429
1.97459863863865   3.50699391946869   2.76484047708284   -5.47078371790341e-15   9.36205442396958
1.98462198198199   3.49112351803526   2.76483731018158   -5.30869667968192e-15   9.36207300585427
1.99464532532533   3.47352540285513   2.76483440553455   -4.66649209609226e-15   9.36208965129501
2.00466866866868   3.45424165510629   2.76483173668962   -4.01966663998214e-15   9.36210453501049
2.01469201201202   3.43335858573652   2.76482927976356   -3.61822534539494e-15   9.36211781435586
2.02471535535536   3.41100723662664   2.76482701316527   -2.97121650213979e-15   9.36212963116994
2.03473869869871   3.38736182174149   2.76482491735171   -2.54837176135186e-15   9.36214011336573
2.04476204204205   3.36263607058524   2.76482297461157   -2.03195635371409e-15   9.36214937630081
2.05478538538539   3.33707757824788   2.76482116887238   -1.50506643527755e-15   9.36215752395942
2.06480872872874   3.31096040627967   2.76481948552739   -9.45191048844513e-16   9.36216464997442
2.07483207207208   3.28457630396821   2.76481791127964   -5.80709064375626e-16   9.36217083851393
2.08485541541542   3.25822501885356   2.76481643400043   -3.45934968563351e-16   9.36217616505452
2.09487875875877   3.23220422943281   2.76481504260065   1.16621633123808e-16   9.36218069705954
2.10490210210211   3.20679965631069   2.76481372691304   7.35402504732256e-16   9.36218449457862
2.11492544544545   3.18227588887361   2.76481247758427   5.77428866811464e-16   9.36218761078152
2.1249487887888   3.15886840534758   2.76481128597544   4.28561365625053e-16   9.36219009243629
2.13497213213214   3.13677717104872   2.76481014407025   4.05011278617354e-16   9.36219198033958
2.14499547547548   3.11616208192923   2.76480904438939   4.21514294795914e-17   9.36219330970285
2.15501881881883   3.09714038923308   2.76480797991006   -4.15434999183868e-16   9.36219411049501
2.16504216216217   3.07978610791711   2.76480694398886   -6.95931762238707e-16   9.36219440773627
2.17506550550551   3.06413128758158   2.76480593028524   -8.40734178338715e-16   9.36219422172925
2.18508884884886   3.05016891941858   2.76480493268097   -1.04513273124436e-15   9.36219356819885
2.1951121921922   3.03785717305691   2.76480394518737   -1.13722752772291e-15   9.36219245828485
2.20513553553555   3.02712460712124   2.76480296182523   -1.32423578972242e-15   9.3621908982805
2.21515887887889   3.0178759777283   2.76480197644871   -1.39651099598468e-15   9.36218888891354
2.22518222222223   3.00999827808783   2.76480098245953   -1.76163688421006e-15   9.36218642378146
2.23520556556558   3.00336667562976   2.76479997230866   -2.07595469562436e-15   9.36218348620073
2.24522890890892   2.9978500647939   2.76479893658995   -2.24624170953045e-15   9.3621800430561
2.25525225225226   2.99331601710033   2.76479786235249   -2.4770222501703e-15   9.36217603294973
2.26527559559561   2.98963497854759   2.76479672991886   -3.07242909769377e-15   9.3621713434929
2.27529893893895   2.98668363142075   2.76479550684885   -3.13510275995071e-15   9.3621657678917
2.28532228228229   2.98434739775484   2.76479413645089   -3.58606894706228e-15   9.36215892202271
2.29534562562564   2.98252211049295   2.76479251588302   -3.74807164978721e-15   9.36215008610395
2.30536896896898   2.98111491203316   2.76479045437997   -3.82125201670776e-15   9.36213790245356
2.31539231231232   2.98004445460016   2.76478759354767   -3.63752105388527e-15   9.3621197986058
2.32541565565567   2.97924046745089   2.7647832552677   -3.80307449626475e-15   9.36209088635091
2.33543899899901   2.97864271287082   2.76477615147063   -3.94133380420507e-15   9.36204186083292
2.34546234234235   2.97819925760214   2.76476383036077   -4.18085961545098e-15   9.36195499196215
2.3554856856857   2.97786380177024   2.76474161984252   -4.41826138799921e-15   9.36179647680057
2.36550902902904   2.97759146101033   2.76470061177351   -4.99372225517647e-15   9.36150185139086
2.37553237237238   2.97733174899024   2.76462381655037   -5.71459319862945e-15   9.36094816841272
2.38555571571573   2.97701628786961   2.76447882777507   -6.49978626993778e-15   9.35990095073599
2.39557905905907   2.97653647180296   2.76420383091163   -7.06163433389777e-15   9.35791310546978
2.40560240240241   2.97570195865038   2.76368091970853   -7.41649450265616e-15   9.35413247957475
2.41562574574576   2.9741626728845   2.76268521752673   -7.8300633155467e-15   9.3469361574677
2.4256490890891   2.97126171355648   2.76078790278274   -8.18906737989933e-15   9.33323792827918
2.43567243243244   2.96575857878758   2.75717151266365   -8.40992414364522e-15   9.3071855697015
2.44569577577579   2.95531296578356   2.75027867882883   -8.6494040217049e-15   9.25774193704994
2.45571911911913   2.93554070405214   2.73714598628674   -8.65737439129806e-15   9.1643074412832
2.46574246246247   2.89835607449297   2.71214816092134   -8.67214979135412e-15   8.98920573765498
2.47576580580582   2.8293081665243   2.66466131676918   -8.46887574979319e-15   8.66622482347841
2.48578914914916   2.70417092639294   2.57485073906136   -8.09514411700247e-15   8.08813760447742
2.4958124924925   2.48761069947468   2.4067323743658   -7.68259044876038e-15   7.11040554509611
2.50583583583585   2.14408787926295   2.10014368843889   -6.39978867942253e-15   5.62214270157535
2.51585917917919   1.68053509663953   1.57983598670954   -4.09280302762776e-15   3.75438020141361
2.52588252252253   1.21257964520798   0.858780135709197   -1.56957192470135e-15   2.0930506582611
2.53590586586588   0.918608854124013   0.257316773420045   -2.17904584772952e-16   1.24973723595802
2.54592920920922   0.820661575964806   0.0428956617593912   -3.22222180568836e-17   1.03745583064306
2.55595255255257   0.802796113787934   0.00574802849425901   -1.86614825086464e-20   1.0049137367437
2.56597589589591   0.800360646794568   0.000741158942786552   -2.61637161668814e-26   1.00063146114788
2.57599923923925   0.800046254515673   9.50561065899207e-05   -9.6907005349323e-32   1.00008095079356
2.5860225825826   0.800005928172662   1.21827834141896e-05   -2.78821325695843e-38   1.00001037439066
2.59604592592594   0.800000759710767   1.56125540091615e-06   -6.1607108884509e-46   1.00000132949529
2.60606926926928   0.800000097357718   2.0007649836235e-07   -1.03469231188451e-54   1.00000017037603
2.61609261261263   0.800000012476463   2.5639951482604e-08   -1.36231526314169e-64   1.00000002183381
2.62611595595597   0.800000001598866   3.28577472636066e-09   -1.74303192968007e-75   1.00000000279801
2.63613929929931   0.800000000204895   4.21073010318659e-10   -2.23385047228275e-87   1.00000000035857
2.64616264264266   0.800000000026257   5.39600994673315e-11   -2.39665873623842e-100   1.00000000004595
2.656185985986   0.800000000003365   6.91458133127282e-12   -2.1169871148647e-114   1.00000000000589
2.66620932932934   0.800000000000431   8.85720468360937e-13   -1.47374842880206e-129   1.00000000000075
2.67623267267269   0.800000000000055   1.13209952966224e-13   -7.49436697809564e-146   1.0000000000001
2.68625601601603   0.800000000000007   1.43389783861399e-14   -2.49952728548595e-163   1.00000000000001
2.69627935935937   0.800000000000001   1.6836836274165e-15   -4.11754768807739e-182   1
2.70630270270272   0.8   1.50187717297068e-16   -1.01941099816555e-201   1
2.71632604604606   0.8   0   -1.49705733932813e-222   1
2.7263493893894   0.8   0   0   1
2.73637273273275   0.8   0   0   1
2.74639607607609   0.8   0   0   1
2.75641941941943   0.8   0   0   1
2.76644276276278   0.8   0   0   1
2.77646610610612   0.8   0   0   1
2.78648944944946   0.8   0   0   1
2.79651279279281   0.8   0   0   1
2.80653613613615   0.8   0   0   1
2.81655947947949   0.8   0   0   1
2.82658282282284   0.8   0   0   1
2.83660616616618   0.8   0   0   1
2.84662950950952   0.8   0   0   1
2.85665285285287   0.8   0   0   1
2.86667619619621   0.8   0   0   1
2.87669953953955   0.8   0   0   1
2.8867228828829   0.8   0   0   1
2.89674622622624   0.8   0   0   1
2.90676956956958   0.8   0   0   1
2.91679291291293   0.8   0   0   1
2.92681625625627   0.8   0   0   1
2.93683959959962   0.8   0   0   1
2.94686294294296   0.8   0   0   1
2.9568862862863   0.8   0   0   1
2.96690962962965   0.8   0   0   1
2.97693297297299   0.8   0   0   1
2.98695631631633   0.8   0   0   1
2.99697965965968   0.8   0   0   1
3.00700300300302   0.8   0   0   1
3.01702634634636   0.8   0   0   1
3.02704968968971   0.8   0   0   1
3.03707303303305   0.8   0   0   1
3.04709637637639   0.8   0   0   1
3.05711971971974   0.8   0   0   1
3.06714306306308   0.8   0   0   1
3.07716640640642   0.8   0   0   1
3.08718974974977   0.8   0   0   1
3.09721309309311   0.8   0   0   1
3.10723643643645   0.8   0   0   1
3.1172597797798   0.8   0   0   1
3.12728312312314   0.8   0   0   1
3.13730646646648   0.8   0   0   1
3.14732980980983   0.8   0   0   1
3.15735315315317   0.8   0   0   1
3.16737649649651   0.8   0   0   1
3.17739983983986   0.8   0   0   1
3.1874231831832   0.8   0   0   1
3.19744652652654   0.8   0   0   1
3.20746986986989   0.8   0   0   1
3.21749321321323   0.8   0   0   1
3.22751655655657   0.8   0   0   1
3.23753989989992   0.8   0   0   1
3.24756324324326   0.8   0   0   1
3.2575865865866   0.8   0   0   1
3.26760992992995   0.8   0   0   1
3.27763327327329   0.8   0   0   1
3.28765661661664   0.8   0   0   1
3.29767995995998   0.8   0   0   1
3.30770330330332   0.8   0   0   1
3.31772664664667   0.8   0   0   1
3.32774998999001   0.8   0   0   1
3.33777333333335   0.8   0   0   1
3.3477966766767   0.8   0   0   1
3.35782002002004   0.8   0   0   1
3.36784336336338   0.8   0   0   1
3.37786670670673   0.8   0   0   1
3.38789005005007   0.8   0   0   1
3.39791339339341   0.8   0   0   1
3.40793673673676   0.8   0   0   1
3.4179600800801   0.8   0   0   1
3.42798342342344   0.8   0   0   1
3.43800676676679   0.8   0   0   1
3.44803011011013   0.8   0   0   1
3.45805345345347   0.8   0   0   1
3.46807679679682   0.8   0   0   1
3.47810014014016   0.8   0   0   1
3.4881234834835   0.8   0   0   1
3.49814682682685   0.8   0   0   1
3.50817017017019   0.8   0   0   1
3.51819351351353   0.8   0   0   1
3.52821685685688   0.8   0   0   1
3.53824020020022   0.8   0   0   1
3.54826354354356   0.8   0   0   1
3.55828688688691   0.8   0   0   1
3.56831023023025   0.8   0   0   1
3.57833357357359   0.8   0   0   1
3.58835691691694   0.8   0   0   1
3.59838026026028   0.8   0   0   1
3.60840360360362   0.8   0   0   1
3.61842694694697   0.8   0   0   1
3.62845029029031   0.8   0   0   1
3.63847363363366   0.8   0   0   1
3.648496976977   0.8   0   0   1
3.65852032032034   0.8   0   0   1
3.66854366366369   0.8   0   0   1
3.67856700700703   0.8   0   0   1
3.68859035035037   0.8   0   0   1
3.69861369369372   0.8   0   0   1
3.70863703703706   0.8   0   0   1
3.7186603803804   0.8   0   0   1
3.72868372372375   0.8   0   0   1
3.73870706706709   0.8   0   0   1
3.74873041041043   0.8   0   0   1
3.75875375375378   0.8   0   0   1
3.76877709709712   0.8   0   0   1
3.77880044044046   0.8   0   0   1
3.78882378378381   0.8   0   0   1
3.79884712712715   0.8   0   0   1
3.80887047047049   0.8   0   0   1
3.81889381381384   0.8   0   0   1
3.82891715715718   0.8   0   0   1
3.83894050050052   0.8   0   0   1
3.84896384384387   0.8   0   0   1
3.85898718718721   0.8   0   0   1
3.86901053053055   0.8   0   0   1
3.8790338738739   0.8   0   0   1
3.88905721721724   0.8   0   0   1
3.89908056056058   0.8   0   0   1
3.90910390390393   0.8   0   0   1
3.91912724724727   0.8   0   0   1
3.92915059059061   0.8   0   0   1
3.93917393393396   0.8   0   0   1
3.9491972772773   0.8   0   0   1
3.95922062062064   0.8   0   0   1
3.96924396396399   0.8   0   0   1
3.97926730730733   0.8   0   0   1
3.98929065065068   0.8   0   0   1
3.99931399399402   0.8   0   0   1
4.00933733733736   0.8   0   0   1
4.01936068068071   0.8   0   0   1
4.02938402402405   0.8   0   0   1
4.03940736736739   0.8   0   0   1
4.04943071071074   0.8   0   0   1
4.05945405405408   0.8   0   0   1
4.06947739739742   0.8   0   0   1
4.07950074074077   0.8   0   0   1
4.08952408408411   0.8   0   0   1
4.09954742742745   0.8   0   0   1
4.1095707707708   0.8   0   0   1
4.11959411411414   0.8   0   0   1
4.12961745745748   0.8   0   0   1
4.13964080080083   0.8   0   0   1
4.14966414414417   0.8   0   0   1
4.15968748748751   0.8   0   0   1
4.16971083083086   0.8   0   0   1
4.1797341741742   0.8   0   0   1
4.18975751751754   0.8   0   0   1
4.19978086086089   0.8   0   0   1
4.20980420420423   0.8   0   0   1
4.21982754754757   0.8   0   0   1
4.22985089089092   0.8   0   0   1
4.23987423423426   0.8   0   0   1
4.2498975775776   0.8   0   0   1
4.25992092092095   0.8   0   0   1
4.26994426426429   0.8   0   0   1
4.27996760760763   0.8   0   0   1
4.28999095095098   0.8   0   0   1
4.30001429429432   0.8   0   0   1
4.31003763763766   0.8   0   0   1
4.32006098098101   0.8   0   0   1
4.33008432432435   0.8   0   0   1
4.3401076676677   0.8   0   0   1
4.35013101101104   0.8   0   0   1
4.36015435435438   0.8   0   0   1
4.37017769769773   0.8   0   0   1
4.38020104104107   0.8   0   0   1
4.39022438438441   0.8   0   0   1
4.40024772772776   0.8   0   0   1
4.4102710710711   0.8   0   0   1
4.42029441441444   0.8   0   0   1
4.43031775775779   0.8   0   0   1
4.44034110110113   0.8   0   0   1
4.45036444444447   0.8   0   0   1
4.46038778778782   0.8   0   0   1
4.47041113113116   0.8   0   0   1
4.4804344744745   0.8   0   0   1
4.49045781781785   0.8   0   0   1
4.50048116116119   0.8   0   0   1
4.51050450450453   0.8   0   0   1
4.52052784784788   0.8   0   0   1
4.53055119119122   0.8   0   0   1
4.54057453453456   0.8   0   0   1
4.55059787787791   0.8   0   0   1
4.56062122122125   0.8   0   0   1
4.57064456456459   0.8   0   0   1
4.58066790790794   0.8   0   0   1
4.59069125125128   0.8   0   0   1
4.60071459459462   0.8   0   0   1
4.61073793793797   0.8   0   0   1
4.62076128128131   0.8   0   0   1
4.63078462462465   0.8   0   0   1
4.640807967968   0.8   0   0   1
4.65083131131134   0.8   0   0   1
4.66085465465468   0.8   0   0   1
4.67087799799803   0.8   0   0   1
4.68090134134137   0.8   0   0   1
4.69092468468472   0.8   0   0   1
4.70094802802806   0.8   0   0   1
4.7109713713714   0.8   0   0   1
4.72099471471475   0.8   0   0   1
4.73101805805809   0.8   0   0   1
4.74104140140143   0.8   0   0   1
4.75106474474478   0.8   0   0   1
4.76108808808812   0.8   0   0   1
4.77111143143146   0.8   0   0   1
4.78113477477481   0.8   0   0   1
4.79115811811815   0.8   0   0   1
4.80118146146149   0.8   0   0   1
4.81120480480484   0.8   0   0   1
4.82122814814818   0.8   0   0   1
4.83125149149152   0.8   0   0   1
4.84127483483487   0.8   0   0   1
4.85129817817821   0.8   0   0   1
4.86132152152155   0.8   0   0   1
4.8713448648649   0.8   0   0   1
4.88136820820824   0.8   0   0   1
4.89139155155158   0.8   0   0   1
4.90141489489493   0.8   0   0   1
4.91143823823827   0.8   0   0   1
4.92146158158161   0.8   0   0   1
4.93148492492496   0.8   0   0   1
4.9415082682683   0.8   0   0   1
4.95153161161164   0.8   0   0   1
4.96155495495499   0.8   0   0   1
4.97157829829833   0.8   0   0   1
4.98160164164167   0.8   0   0   1
4.99162498498502   0.8   0   0   1
5.00164832832836   0.8   0   0   1
5.0116716716717   0.8   0   0   1
5.02169501501505   0.8   0   0   1
5.03171835835839   0.8   0   0   1
5.04174170170173   0.8   0   0   1
5.05176504504508   0.8   0   0   1
5.06178838838842   0.8   0   0   1
5.07181173173177   0.8   0   0   1
5.08183507507511   0.8   0   0   1
5.09185841841845   0.8   0   0   1
5.1018817617618   0.8   0   0   1
5.11190510510514   0.8   0   0   1
5.12192844844848   0.8   0   0   1
5.13195179179183   0.8   0   0   1
5.14197513513517   0.8   0   0   1
5.15199847847851   0.8   0   0   1
5.16202182182186   0.8   0   0   1
5.1720451651652   0.8   0   0   1
5.18206850850854   0.8   0   0   1
5.19209185185189   0.8   0   0   1
5.20211519519523   0.8   0   0   1
5.21213853853857   0.8   0   0   1
5.22216188188192   0.8   0   0   1
5.23218522522526   0.8   0   0   1
5.2422085685686   0.8   0   0   1
5.25223191191195   0.8   0   0   1
5.26225525525529   0.8   0   0   1
5.27227859859863   0.8   0   0   1
5.28230194194198   0.8   0   0   1
5.29232528528532   0.8   0   0   1
5.30234862862866   0.8   0   0   1
5.31237197197201   0.8   0   0   1
5.32239531531535   0.8   0   0   1
5.33241865865869   0.8   0   0   1
5.34244200200204   0.8   0   0   1
5.35246534534538   0.8   0   0   1
5.36248868868872   0.8   0   0   1
5.37251203203207   0.8   0   0   1
5.38253537537541   0.8   0   0   1
5.39255871871875   0.8   0   0   1
5.4025820620621   0.8   0   0   1
5.41260540540544   0.8   0   0   1
5.42262874874879   0.8   0   0   1
5.43265209209213   0.8   0   0   1
5.44267543543547   0.8   0   0   1
5.45269877877882   0.8   0   0   1
5.46272212212216   0.8   0   0   1
5.4727454654655   0.8   0   0   1
5.48276880880885   0.8   0   0   1
5.49279215215219   0.8   0   0   1
5.50281549549553   0.8   0   0   1
5.51283883883888   0.8   0   0   1
5.52286218218222   0.8   0   0   1
5.53288552552556   0.8   0   0   1
5.54290886886891   0.8   0   0   1
5.55293221221225   0.8   0   0   1
5.56295555555559   0.8   0   0   1
5.57297889889894   0.8   0   0   1
5.58300224224228   0.8   0   0   1
5.59302558558562   0.8   0   0   1
5.60304892892897   0.8   0   0   1
5.61307227227231   0.8   0   0   1
5.62309561561565   0.8   0   0   1
5.633118958959   0.8   0   0   1
5.64314230230234   0.8   0   0   1
5.65316564564568   0.8   0   0   1
5.66318898898903   0.8   0   0   1
5.67321233233237   0.8   0   0   1
5.68323567567571   0.8   0   0   1
5.69325901901906   0.8   0   0   1
5.7032823623624   0.8   0   0   1
5.71330570570574   0.8   0   0   1
5.72332904904909   0.8   0   0   1
5.73335239239243   0.8   0   0   1
5.74337573573577   0.8   0   0   1
5.75339907907912   0.8   0   0   1
5.76342242242246   0.8   0   0   1
5.77344576576581   0.8   0   0   1
5.78346910910915   0.8   0   0   1
5.79349245245249   0.8   0   0   1
5.80351579579584   0.8   0   0   1
5.81353913913918   0.8   0   0   1
5.82356248248252   0.8   0   0   1
5.83358582582587   0.8   0   0   1
5.84360916916921   0.8   0   0   1
5.85363251251255   0.8   0   0   1
5.8636558558559   0.8   0   0   1
5.87367919919924   0.8   0   0   1
5.88370254254258   0.8   0   0   1
5.89372588588593   0.8   0   0   1
5.90374922922927   0.8   0   0   1
5.91377257257261   0.8   0   0   1
5.92379591591596   0.8   0   0   1
5.9338192592593   0.8   0   0   1
5.94384260260264   0.8   0   0   1
5.95386594594599   0.8   0   0   1
5.96388928928933   0.8   0   0   1
5.97391263263267   0.8   0   0   1
5.98393597597602   0.8   0   0   1
5.99395931931936   0.8   0   0   1
6.0039826626627   0.8   0   0   1
6.01400600600605   0.8   0   0   1
6.02402934934939   0.8   0   0   1
6.03405269269273   0.8   0   0   1
6.04407603603608   0.8   0   0   1
6.05409937937942   0.8   0   0   1
6.06412272272276   0.8   0   0   1
6.07414606606611   0.8   0   0   1
6.08416940940945   0.8   0   0   1
6.09419275275279   0.8   0   0   1
6.10421609609614   0.8   0   0   1
6.11423943943948   0.8   0   0   1
6.12426278278283   0.8   0   0   1
6.13428612612617   0.8   0   0   1
6.14430946946951   0.8   0   0   1
6.15433281281286   0.8   0   0   1
6.1643561561562   0.8   0   0   1
6.17437949949954   0.8   0   0   1
6.18440284284289   0.8   0   0   1
6.19442618618623   0.8   0   0   1
6.20444952952957   0.8   0   0   1
6.21447287287292   0.8   0   0   1
6.22449621621626   0.8   0   0   1
6.2345195595596   0.8   0   0   1
6.24454290290295   0.8   0   0   1
6.25456624624629   0.8   0   0   1
6.26458958958963   0.8   0   0   1
6.27461293293298   0.8   0   0   1
6.28463627627632   0.8   0   0   1
6.29465961961966   0.8   0   0   1
6.30468296296301   0.8   0   0   1
6.31470630630635   0.8   0   0   1
6.32472964964969   0.8   0   0   1
6.33475299299304   0.8   0   0   1
6.34477633633638   0.8   0   0   1
6.35479967967972   0.8   0   0   1
6.36482302302307   0.8   0   0   1
6.37484636636641   0.8   0   0   1
6.38486970970975   0.8   0   0   1
6.3948930530531   0.8   0   0   1
6.40491639639644   0.8   0   0   1
6.41493973973978   0.8   0   0   1
6.42496308308313   0.8   0   0   1
6.43498642642647   0.8   0   0   1
6.44500976976981   0.8   0   0   1
6.45503311311316   0.8   0   0   1
6.4650564564565   0.8   0   0   1
6.47507979979985   0.8   0   0   1
6.48510314314319   0.8   0   0   1
6.49512648648653   0.8   0   0   1
6.50514982982988   0.8   0   0   1
6.51517317317322   0.8   0   0   1
6.52519651651656   0.8   0   0   1
6.53521985985991   0.8   0   0   1
6.54524320320325   0.8   0   0   1
6.55526654654659   0.8   0   0   1
6.56528988988994   0.8   0   0   1
6.57531323323328   0.8   0   0   1
6.58533657657662   0.8   0   0   1
6.59535991991997   0.8   0   0   1
6.60538326326331   0.8   0   0   1
6.61540660660665   0.8   0   0   1
6.62542994995   0.8   0   0   1
6.63545329329334   0.8   0   0   1
6.64547663663668   0.8   0   0   1
6.65549997998003   0.8   0   0   1
6.66552332332337   0.8   0   0   1
6.67554666666671   0.8   0   0   1
6.68557001001006   0.8   0   0   1
6.6955933533534   0.8   0   0   1
6.70561669669674   0.8   0   0   1
6.71564004004009   0.8   0   0   1
6.72566338338343   0.8   0   0   1
6.73568672672677   0.8   0   0   1
6.74571007007012   0.8   0   0   1
6.75573341341346   0.8   0   0   1
6.7657567567568   0.8   0   0   1
6.77578010010015   0.8   0   0   1
6.78580344344349   0.8   0   0   1
6.79582678678683   0.8   0   0   1
6.80585013013018   0.8   0   0   1
6.81587347347352   0.8   0   0   1
6.82589681681686   0.8   0   0   1
6.83592016016021   0.8   0   0   1
6.84594350350355   0.8   0   0   1
6.8559668468469   0.8   0   0   1
6.86599019019024   0.8   0   0   1
6.87601353353358   0.8   0   0   1
6.88603687687693   0.8   0   0   1
6.89606022022027   0.8   0   0   1
6.90608356356361   0.8   0   0   1
6.91610690690696   0.8   0   0   1
6.9261302502503   0.8   0   0   1
6.93615359359364   0.8   0   0   1
6.94617693693699   0.8   0   0   1
6.95620028028033   0.8   0   0   1
6.96622362362367   0.8   0   0   1
6.97624696696702   0.8   0   0   1
6.98627031031036   0.8   0   0   1
6.9962936536537   0.8   0   0   1
7.00631699699705   0.8   0   0   1
7.01634034034039   0.8   0   0   1
7.02636368368373   0.8   0   0   1
7.03638702702708   0.8   0   0   1
7.04641037037042   0.8   0   0   1
7.05643371371376   0.8   0   0   1
7.06645705705711   0.8   0   0   1
7.07648040040045   0.8   0   0   1
7.08650374374379   0.8   0   0   1
7.09652708708714   0.8   0   0   1
7.10655043043048   0.8   0   0   1
7.11657377377382   0.8   0   0   1
7.12659711711717   0.8   0   0   1
7.13662046046051   0.8   0   0   1
7.14664380380385   0.8   0   0   1
7.1566671471472   0.8   0   0   1
7.16669049049054   0.8   0   0   1
7.17671383383388   0.8   0   0   1
7.18673717717723   0.8   0   0   1
7.19676052052057   0.8   0   0   1
7.20678386386392   0.8   0   0   1
7.21680720720726   0.8   0   0   1
7.2268305505506   0.8   0   0   1
7.23685389389395   0.8   0   0   1
7.24687723723729   0.8   0   0   1
7.25690058058063   0.8   0   0   1
7.26692392392398   0.8   0   0   1
7.27694726726732   0.8   0   0   1
7.28697061061066   0.8   0   0   1
7.29699395395401   0.8   0   0   1
7.30701729729735   0.8   0   0   1
7.31704064064069   0.8   0   0   1
7.32706398398404   0.8   0   0   1
7.33708732732738   0.8   0   0   1
7.34711067067072   0.8   0   0   1
7.35713401401407   0.8   0   0   1
7.36715735735741   0.8   0   0   1
7.37718070070075   0.8   0   0   1
7.3872040440441   0.8   0   0   1
7.39722738738744   0.8   0   0   1
7.40725073073078   0.8   0   0   1
7.41727407407413   0.8   0   0   1
7.42729741741747   0.8   0   0   1
7.43732076076081   0.8   0   0   1
7.44734410410416   0.8   0   0   1
7.4573674474475   0.8   0   0   1
7.46739079079084   0.8   0   0   1
7.47741413413419   0.8   0   0   1
7.48743747747753   0.8   0   0   1
7.49746082082087   0.8   0   0   1
7.50748416416422   0.8   0   0   1
7.51750750750756   0.8   0   0   1
7.5275308508509   0.8   0   0   1
7.53755419419425   0.8   0   0   1
7.54757753753759   0.8   0   0   1
7.55760088088094   0.8   0   0   1
7.56762422422428   0.8   0   0   1
7.57764756756762   0.8   0   0   1
7.58767091091097   0.8   0   0   1
7.59769425425431   0.8   0   0   1
7.60771759759765   0.8   0   0   1
7.617740940941   0.8   0   0   1
7.62776428428434   0.8   0   0   1
7.63778762762768   0.8   0   0   1
7.64781097097103   0.8   0   0   1
7.65783431431437   0.8   0   0   1
7.66785765765771   0.8   0   0   1
7.67788100100106   0.8   0   0   1
7.6879043443444   0.8   0   0   1
7.69792768768774   0.8   0   0   1
7.70795103103109   0.8   0   0   1
7.71797437437443   0.8   0   0   1
7.72799771771777   0.8   0   0   1
7.73802106106112   0.8   0   0   1
7.74804440440446   0.8   0   0   1
7.7580677477478   0.8   0   0   1
7.76809109109115   0.8   0   0   1
7.77811443443449   0.8   0   0   1
7.78813777777783   0.8   0   0   1
7.79816112112118   0.8   0   0   1
7.80818446446452   0.8   0   0   1
7.81820780780786   0.8   0   0   1
7.82823115115121   0.8   0   0   1
7.83825449449455   0.8   0   0   1
7.84827783783789   0.8   0   0   1
7.85830118118124   0.8   0   0   1
7.86832452452458   0.8   0   0   1
7.87834786786792   0.8   0   0   1
7.88837121121127   0.8   0   0   1
7.89839455455461   0.8   0   0   1
7.90841789789796   0.8   0   0   1
7.9184412412413   0.8   0   0   1
7.92846458458464   0.8   0   0   1
7.93848792792799   0.8   0   0   1
7.94851127127133   0.8   0   0   1
7.95853461461467   0.8   0   0   1
7.96855795795802   0.8   0   0   1
7.97858130130136   0.8   0   0   1
7.9886046446447   0.8   0   0   1
7.99862798798805   0.8   0   0   1
8.00865133133139   0.8   0   0   1
8.01867467467473   0.8   0   0   1
8.02869801801808   0.8   0   0   1
8.03872136136142   0.8   0   0   1
8.04874470470476   0.8   0   0   1
8.05876804804811   0.8   0   0   1
8.06879139139145   0.8   0   0   1
8.07881473473479   0.8   0   0   1
8.08883807807814   0.8   0   0   1
8.09886142142148   0.8   0   0   1
8.10888476476482   0.8   0   0   1
8.11890810810817   0.8   0   0   1
8.12893145145151   0.8   0   0   1
8.13895479479485   0.8   0   0   1
8.1489781381382   0.8   0   0   1
8.15900148148154   0.8   0   0   1
8.16902482482488   0.8   0   0   1
8.17904816816823   0.8   0   0   1
8.18907151151157   0.8   0   0   1
8.19909485485491   0.8   0   0   1
8.20911819819826   0.8   0   0   1
8.2191415415416   0.8   0   0   1
8.22916488488494   0.8   0   0   1
8.23918822822829   0.8   0   0   1
8.24921157157163   0.8   0   0   1
8.25923491491498   0.8   0   0   1
8.26925825825832   0.8   0   0   1
8.27928160160166   0.8   0   0   1
8.28930494494501   0.8   0   0   1
8.29932828828835   0.8   0   0   1
8.30935163163169   0.8   0   0   1
8.31937497497504   0.8   0   0   1
8.32939831831838   0.8   0   0   1
8.33942166166172   0.8   0   0   1
8.34944500500507   0.8   0   0   1
8.35946834834841   0.8   0   0   1
8.36949169169175   0.8   0   0   1
8.3795150350351   0.8   0   0   1
8.38953837837844   0.8   0   0   1
8.39956172172178   0.8   0   0   1
8.40958506506513   0.8   0   0   1
8.41960840840847   0.8   0   0   1
8.42963175175181   0.8   0   0   1
8.43965509509516   0.8   0   0   1
8.4496784384385   0.8   0   0   1
8.45970178178184   0.8   0   0   1
8.46972512512519   0.8   0   0   1
8.47974846846853   0.8   0   0   1
8.48977181181187   0.8   0   0   1
8.49979515515522   0.8   0   0   1
8.50981849849856   0.8   0   0   1
8.5198418418419   0.8   0   0   1
8.52986518518525   0.8   0   0   1
8.53988852852859   0.8   0   0   1
8.54991187187193   0.8   0   0   1
8.55993521521528   0.8   0   0   1
8.56995855855862   0.8   0   0   1
8.57998190190196   0.8   0   0   1
8.59000524524531   0.8   0   0   1
8.60002858858865   0.8   0   0   1
8.610051931932   0.8   0   0   1
8.62007527527534   0.8   0   0   1
8.63009861861868   0.8   0   0   1
8.64012196196203   0.8   0   0   1
8.65014530530537   0.8   0   0   1
8.66016864864871   0.8   0   0   1
8.67019199199206   0.8   0   0   1
8.6802153353354   0.8   0   0   1
8.69023867867874   0.8   0   0   1
8.70026202202209   0.8   0   0   1
8.71028536536543   0.8   0   0   1
8.72030870870877   0.8   0   0   1
8.73033205205212   0.8   0   0   1
8.74035539539546   0.8   0   0   1
8.7503787387388   0.8   0   0   1
8.76040208208215   0.8   0   0   1
8.77042542542549   0.8   0   0   1
8.78044876876883   0.8   0   0   1
8.79047211211218   0.8   0   0   1
8.80049545545552   0.8   0   0   1
8.81051879879886   0.8   0   0   1
8.82054214214221   0.8   0   0   1
8.83056548548555   0.8   0   0   1
8.84058882882889   0.8   0   0   1
8.85061217217224   0.8   0   0   1
8.86063551551558   0.8   0   0   1
8.87065885885892   0.8   0   0   1
8.88068220220227   0.8   0   0   1
8.89070554554561   0.8   0   0   1
8.90072888888895   0.8   0   0   1
8.9107522322323   0.8   0   0   1
8.92077557557564   0.8   0   0   1
8.93079891891898   0.8   0   0   1
8.94082226226233   0.8   0   0   1
8.95084560560567   0.8   0   0   1
8.96086894894901   0.8   0   0   1
8.97089229229236   0.8   0   0   1
8.9809156356357   0.8   0   0   1
8.99093897897905   0.8   0   0   1
9.00096232232239   0.8   0   0   1
9.01098566566573   0.8   0   0   1
9.02100900900908   0.8   0   0   1
9.03103235235242   0.8   0   0   1
9.04105569569576   0.8   0   0   1
9.05107903903911   0.8   0   0   1
9.06110238238245   0.8   0   0   1
9.07112572572579   0.8   0   0   1
9.08114906906914   0.8   0   0   1
9.09117241241248   0.8   0   0   1
9.10119575575582   0.8   0   0   1
9.11121909909917   0.8   0   0   1
9.12124244244251   0.8   0   0   1
9.13126578578585   0.8   0   0   1
9.1412891291292   0.8   0   0   1
9.15131247247254   0.8   0   0   1
9.16133581581588   0.8   0   0   1
9.17135915915923   0.8   0   0   1
9.18138250250257   0.8   0   0   1
9.19140584584591   0.8   0   0   1
9.20142918918926   0.8   0   0   1
9.2114525325326   0.8   0   0   1
9.22147587587594   0.8   0   0   1
9.23149921921929   0.8   0   0   1
9.24152256256263   0.8   0   0   1
9.25154590590597   0.8   0   0   1
9.26156924924932   0.8   0   0   1
9.27159259259266   0.8   0   0   1
9.281615935936   0.8   0   0   1
9.29163927927935   0.8   0   0   1
9.30166262262269   0.8   0   0   1
9.31168596596603   0.8   0   0   1
9.32170930930938   0.8   0   0   1
9.33173265265272   0.8   0   0   1
9.34175599599607   0.8   0   0   1
9.35177933933941   0.8   0   0   1
9.36180268268275   0.8   0   0   1
9.3718260260261   0.8   0   0   1
9.38184936936944   0.8   0   0   1
9.39187271271278   0.8   0   0   1
9.40189605605613   0.8   0   0   1
9.41191939939947   0.8   0   0   1
9.42194274274281   0.8   0   0   1
9.43196608608616   0.8   0   0   1
9.4419894294295   0.8   0   0   1
9.45201277277284   0.8   0   0   1
9.46203611611619   0.8   0   0   1
9.47205945945953   0.8   0   0   1
9.48208280280287   0.8   0   0   1
9.49210614614622   0.8   0   0   1
9.50212948948956   0.8   0   0   1
9.5121528328329   0.8   0   0   1
9.52217617617625   0.8   0   0   1
9.53219951951959   0.8   0   0   1
9.54222286286293   0.8   0   0   1
9.55224620620628   0.8   0   0   1
9.56226954954962   0.8   0   0   1
9.57229289289296   0.8   0   0   1
9.58231623623631   0.8   0   0   1
9.59233957957965   0.8   0   0   1
9.60236292292299   0.8   0   0   1
9.61238626626634   0.8   0   0   1
9.62240960960968   0.8   0   0   1
9.63243295295302   0.8   0   0   1
9.64245629629637   0.8   0   0   1
9.65247963963971   0.8   0   0   1
9.66250298298305   0.8   0   0   1
9.6725263263264   0.8   0   0   1
9.68254966966974   0.8   0   0   1
9.69257301301309   0.8   0   0   1
9.70259635635643   0.8   0   0   1
9.71261969969977   0.8   0   0   1
9.72264304304312   0.8   0   0   1
9.73266638638646   0.8   0   0   1
9.7426897297298   0.8   0   0   1
9.75271307307315   0.8   0   0   1
9.76273641641649   0.8   0   0   1
9.77275975975983   0.8   0   0   1
9.78278310310318   0.8   0   0   1
9.79280644644652   0.8   0   0   1
9.80282978978986   0.8   0   0   1
9.81285313313321   0.8   0   0   1
9.82287647647655   0.8   0   0   1
9.83289981981989   0.8   0   0   1
9.84292316316324   0.8   0   0   1
9.85294650650658   0.8   0   0   1
9.86296984984992   0.8   0   0   1
9.87299319319327   0.8   0   0   1
9.88301653653661   0.8   0   0   1
9.89303987987995   0.8   0   0   1
9.9030632232233   0.8   0   0   1
9.91308656656664   0.8   0   0   1
9.92310990990998   0.8   0   0   1
9.93313325325333   0.8   0   0   1
9.94315659659667   0.8   0   0   1
9.95317993994001   0.8   0   0   1
9.96320328328336   0.8   0   0   1
9.9732266266267   0.8   0   0   1
9.98324996997004   0.8   0   0   1
9.99327331331339   0.8   0   0   1
10.0032966566567   0.8   0   0   1
10.0133200000001   0.8   0   0   1
