variables = x,rho,u,v,p
0   3.8571   2.6293   0   10.3333
0.0100233433433433   3.8571   2.6293   0   10.3333
0.0200466866866867   3.8571   2.6293   0   10.3333
0.03007003003003   3.8571   2.6293   0   10.3333
0.0400933733733734   3.8571   2.6293   0   10.3333
0.0501167167167167   3.8571   2.6293   0   10.3333
0.0601400600600601   3.8571   2.6293   0   10.3333
0.0701634034034034   3.8571   2.6293   0   10.3333
0.0801867467467468   3.8571   2.6293   0   10.3333
0.0902100900900901   3.8571   2.6293   0   10.3333
0.100233433433433   3.8571   2.6293   0   10.3333
0.110256776776777   3.8571   2.6293   0   10.3333
0.12028012012012   3.8571   2.6293   0   10.3333
0.130303463463463   3.8571   2.6293   0   10.3333
0.140326806806807   3.8571   2.6293   0   10.3333
0.15035015015015   3.8571   2.6293   0   10.3333
0.160373493493494   3.8571   2.6293   0   10.3333
0.170396836836837   3.8571   2.6293   0   10.3333
0.18042018018018   3.8571   2.6293   0   10.3333
0.190443523523524   3.8571   2.6293   0   10.3333
0.200466866866867   3.8571   2.6293   0   10.3333
0.21049021021021   3.8571   2.6293   0   10.3333
0.220513553553554   3.8571   2.6293   0   10.3333
0.230536896896897   3.8571   2.6293   0   10.3333
0.24056024024024   3.8571   2.6293   0   10.3333
0.250583583583584   3.8571   2.6293   0   10.3333
0.260606926926927   3.8571   2.6293   0   10.3333
0.27063027027027   3.8571   2.6293   0   10.3333
0.280653613613614   3.8571   2.6293   0   10.3333
0.290676956956957   3.8571   2.6293   0   10.3333
0.3007003003003   3.8571   2.6293   0   10.3333
0.310723643643644   3.8571   2.6293   0   10.3333
0.320746986986987   3.8571   2.6293   0   10.3333
0.330770330330331   3.8571   2.6293   0   10.3333
0.340793673673674   3.8571   2.6293   0   10.3333
0.350817017017017   3.8571   2.6293   0   10.3333
0.360840360360361   3.8571   2.6293   0   10.3333
0.370863703703704   3.8571   2.6293   0   10.3333
0.380887047047047   3.8571   2.6293   0   10.3333
0.390910390390391   3.8571   2.6293   0   10.3333
0.400933733733734   3.8571   2.6293   0   10.3333
0.410957077077078   3.8571   2.6293   0   10.3333
0.420980420420421   3.8571   2.6293   0   10.3333
0.431003763763764   3.8571   2.6293   0   10.3333
0.441027107107108   3.8571   2.6293   0   10.3333
0.451050450450451   3.8571   2.6293   0   10.3333
0.461073793793794   3.8571   2.6293   0   10.3333
0.471097137137138   3.8571   2.6293   0   10.3333
0.481120480480481   3.8571   2.6293   0   10.3333
0.491143823823825   3.8571   2.6293   0   10.3333
0.501167167167168   3.8571   2.6293   0   10.3333
0.511190510510511   3.8571   2.6293   0   10.3333
0.521213853853855   3.8571   2.6293   0   10.3333
0.531237197197198   3.8571   2.6293   0   10.3333
0.541260540540541   3.8571   2.6293   -5.06379318598472e-17   10.3333
0.551283883883884   3.85709999999998   2.62930000000001   -6.28806637818638e-18   10.3332999999999
0.561307227227228   3.85709999999994   2.62930000000004   3.23224481599238e-16   10.3332999999997
0.571330570570571   3.85709999999985   2.62930000000009   4.51856767820505e-16   10.3332999999993
0.581353913913914   3.85709999999969   2.62930000000017   4.04207540002916e-16   10.3332999999987
0.591377257257258   3.85709999999941   2.62930000000034   2.95060618826704e-16   10.3332999999974
0.601400600600601   3.8570999999989   2.62930000000063   1.26487354793694e-16   10.3332999999952
0.611423943943944   3.85709999999801   2.62930000000114   -9.91050495298406e-17   10.3332999999914
0.621447287287288   3.85709999999645   2.62930000000204   -1.01292934874491e-16   10.3332999999846
0.631470630630631   3.85709999999372   2.6293000000036   -5.21727406370208e-16   10.3332999999728
0.641493973973974   3.85709999998898   2.62930000000632   -8.76468491058483e-16   10.3332999999524
0.651517317317318   3.85709999998082   2.62930000001098   -9.15857505469564e-16   10.3332999999173
0.661540660660661   3.85709999996684   2.62930000001895   -9.98057258911342e-16   10.3332999998573
0.671564004004004   3.85709999994308   2.62930000003248   -8.36309009722819e-16   10.3332999997554
0.681587347347348   3.85709999990298   2.62930000005528   -4.66266463486359e-16   10.3332999995838
0.691610690690691   3.85709999983575   2.62930000009343   -1.85642861270298e-16   10.3332999992967
0.701634034034034   3.85709999972387   2.6293000001568   1.82830316011558e-17   10.3332999988198
0.711657377377378   3.85709999953896   2.62930000026135   5.32943447922042e-16   10.3332999980331
0.721680720720721   3.85709999923554   2.62930000043262   6.49038868876963e-16   10.3332999967445
0.731704064064064   3.85709999874116   2.62930000071118   3.44555043587543e-16   10.3332999946489
0.741727407407408   3.85709999794135   2.62930000116104   8.17063864764999e-18   10.3332999912651
0.751750750750751   3.85709999665658   2.62930000188239   -5.48384290682504e-16   10.3332999858397
0.761774094094094   3.85709999460748   2.62930000303086   -1.11347809461501e-15   10.3332999772029
0.771797437437437   3.85709999136254   2.62930000484635   -1.73762372756539e-15   10.3332999635514
0.781820780780781   3.85709998626047   2.62930000769582   -2.05301074858855e-15   10.3332999421275
0.791844124124124   3.85709997829558   2.62930001213632   -2.52934359290156e-15   10.3332999087452
0.801867467467467   3.8570999659502   2.62930001900681   -2.97122249830001e-15   10.3332998571008
0.811890810810811   3.85709994695181   2.62930002956115   -3.13001396050366e-15   10.3332997777746
0.821914154154154   3.85709991792408   2.62930004565866   -3.12996511080252e-15   10.3332996567999
0.831937497497497   3.85709987388988   2.62930007003491   -3.03914968547523e-15   10.3332994736303
0.841960840840841   3.85709980756986   2.62930010668307   -3.10384938426705e-15   10.3332991982776
0.851984184184184   3.85709970840146   2.62930016138612   -3.17843980811914e-15   10.3332987873177
0.862007527527527   3.85709956117937   2.62930024245271   -2.84048069552816e-15   10.3332981783692
0.872030870870871   3.85709934418907   2.62930036172504   -2.62327892305718e-15   10.3332972825316
0.882054214214214   3.85709902666831   2.62930053594663   -2.5338482313506e-15   10.3332959741256
0.892077557557557   3.85709856538772   2.6293007886002   -2.29649091627193e-15   10.3332940769086
0.902100900900901   3.85709790008963   2.62930115235349   -1.91876999252361e-15   10.3332913457331
0.912124244244244   3.85709694746415   2.62930167228153   -1.72735478435379e-15   10.3332874423866
0.922147587587587   3.8570955932737   2.62930241006889   -1.56863429936567e-15   10.333281904089
0.932170930930931   3.85709368216355   2.62930344943287   -1.24281110605889e-15   10.3332741028426
0.942194274274274   3.85709100461763   2.62930490304798   -1.00903011034317e-15   10.3332631935389
0.952217617617617   3.8570872804416   2.62930692129062   -8.47070613727274e-16   10.333248048436
0.96224096096096   3.85708213808268   2.62930970315784   -6.24662514179421e-16   10.3332271753612
0.972264304304304   3.85707508903613   2.62931350974198   -4.67092091481775e-16   10.3331986167862
0.982287647647647   3.85706549655091   2.62931868065831   -6.24416357436927e-16   10.3331598268123
0.99231099099099   3.85705253784235   2.62932565382048   -1.05617750844736e-15   10.3331075231217
1.00233433433433   3.85703515906077   2.62933498893163   -1.31154615347289e-15   10.33303751116
1.01235767767768   3.85701202236559   2.62934739500101   -1.3426673626894e-15   10.3329444782548
1.02238102102102   3.85698144462744   2.62936376209972   -1.31242347724301e-15   10.3328217561077
1.03240436436436   3.85694132754063   2.62938519742888   -1.15004248113742e-15   10.3326610511545
1.04242770770771   3.8568890792831   2.6294130655845   -1.22744331765715e-15   10.3324521437252
1.05245105105105   3.85682152831737   2.6294490326639   -8.47519667929246e-16   10.3321825587414
1.06247439439439   3.85673483048268   2.62949511356973   -5.4361328454475e-16   10.3318372128814
1.07249773773774   3.85662437117551   2.6295537215366   1.84954619138121e-16   10.3313980456512
1.08252108108108   3.85648466513285   2.62962771854238   8.27916908796395e-16   10.3308436445531
1.09254442442442   3.85630925708805   2.62972046488996   1.27635300201908e-15   10.3301488774098
1.10256776776777   3.85609062731974   2.62983586587846   1.56805296183027e-15   10.3292845476954
1.11259111111111   3.85582010680443   2.62997841315355   2.23336696703166e-15   10.3282170912466
1.12261445445445   3.85548780725128   2.6301532180677   3.32120628861831e-15   10.3269083347164
1.1326377977978   3.85508257167493   2.63036603422538   4.36714883723356e-15   10.3253153373487
1.14266114114114   3.85459195128428   2.63062326636714   5.45781847832486e-15   10.3233903378334
1.15268448448449   3.85400221427358   2.63093196288701   6.15380838608504e-15   10.3210808269565
1.16270782782783   3.85329839155667   2.63129978959641   6.72262726757508e-15   10.3183297643303
1.17273117117117   3.85246436356555   2.63173498284956   6.65235824920348e-15   10.315075953643
1.18275451451452   3.85148299095281   2.63224628082071   6.80114907893619e-15   10.311254585649
1.19277785785786   3.85033629043452   2.63284283254525   7.04474762714294e-15   10.3067979517443
1.2028012012012   3.84900565516235   2.63353408526322   7.24024800762283e-15   10.3016363237277
1.21282454454455   3.84747211702335   2.6343296515804   7.33334946232943e-15   10.2956989876681
1.22284788788789   3.84571664625948   2.63523915892398   7.23065764419435e-15   10.2889154121754
1.23287123123123   3.84372048191169   2.6362720846511   7.39946980490061e-15   10.2812165243267
1.24289457457458   3.84146548495965   2.63743758090526   7.2342051382e-15   10.2725360605522
1.25291791791792   3.83893450476768   2.63874429385378   7.29371531179987e-15   10.2628119553642
1.26294126126126   3.83611174865033   2.64020018224246   7.31237410556581e-15   10.2519877282565
1.27296460460461   3.83298314409422   2.64181234025096   7.52718540108316e-15   10.2400138285831
1.28298794794795   3.82953668342736   2.64358682942787   7.97018437170571e-15   10.2268488997582
1.29301129129129   3.82576274148438   2.64552852405032   8.46884498723633e-15   10.2124609275528
1.30303463463464   3.82165435800595   2.64764097362914   8.78318838886194e-15   10.1968282423048
1.31305797797798   3.81720747803406   2.64992628552127   9.07149743043622e-15   10.1799403510878
1.32308132132132   3.81242114530055   2.65238502977595   9.39696158886668e-15   10.161798582829
1.33310466466467   3.80729764542576   2.65501616749321   9.7510304806693e-15   10.1424165365234
1.34312800800801   3.80184259752206   2.65781700316933   1.01279847083217e-14   10.1218203295732
1.35315135135135   3.79606499442146   2.66078316079503   1.00661159177157e-14   10.1000486494842
1.3631746946947   3.78997719312782   2.66390858289472   9.95412460169019e-15   10.0771526173329
1.37319803803804   3.78359485816861   2.66718555127422   9.92522340513088e-15   10.0531954753663
1.38322138138138   3.77693686125483   2.67060472799033   9.64055895329341e-15   10.0282521137028
1.39324472472473   3.77002514104388   2.67415521496605   9.5427772484049e-15   10.0024084523629
1.40326806806807   3.76288452685878   2.67782463073567   9.42564488505246e-15   9.97576069487107
1.41329141141141   3.75554252998938   2.68159920299073   9.39968435368048e-15   9.94841446861314
1.42331475475476   3.74802910574652   2.68546387588032   8.95491740500545e-15   9.92048386523701
1.4333380980981   3.74037638882937   2.68940243135913   8.63277344638982e-15   9.89209039193823
1.44336144144144   3.73261840388179   2.69339762423421   8.72734349103908e-15   9.8633618417731
1.45338478478479   3.7247907524385   2.69743133089351   8.72317724288182e-15   9.83443108851573
1.46340812812813   3.71693027688575   2.70148471196012   8.35695149142765e-15   9.80543480933791
1.47343147147147   3.70907470166636   2.70553838926463   7.88475450494627e-15   9.77651213704481
1.48345481481482   3.70126225182739   2.70957263752042   7.93907432996712e-15   9.74780324302847
1.49347815815816   3.69353124920728   2.71356759088795   7.79185619019049e-15   9.71944785274003
1.50350150150151   3.68591968714406   2.71750346419559   7.68283682341545e-15   9.69158369751159
1.51352484484485   3.6784647855877   2.72136078792945   7.87322183014257e-15   9.66434491007598
1.52354818818819   3.67120252992085   2.72512065521331   8.2917128776477e-15   9.63786037612616
1.53357153153154   3.66416719859589   2.72876497789526   8.84392464985736e-15   9.61225206057668
1.54359487487488   3.65739088680272   2.7322767475869   9.41857062972795e-15   9.58763333453216
1.55361821821822   3.65090303565722   2.73564029614358   9.78795478253045e-15   9.56410733684449
1.56364156156157   3.64472997866339   2.73884154873605   1.02325961470262e-14   9.54176541189489
1.57366490490491   3.63889451922469   2.74186826147962   1.04585440603905e-14   9.52068567205501
1.58368824824825   3.63341555450422   2.74471023470601   1.08267480213563e-14   9.50093173825427
1.5937115915916   3.62830776169386   2.74735949253856   1.10435910897683e-14   9.48255171428404
1.60373493493494   3.62358136250957   2.74981041960102   1.13263104589214e-14   9.46557744907645
1.61375827827828   3.61924198030412   2.75205984655146   1.09888240073922e-14   9.45002413560653
1.62378162162163   3.61529060149628   2.75410707772812   1.04973316299341e-14   9.43589028503237
1.63380496496497   3.61172364910349   2.7559538564862   9.88325602840566e-15   9.42315810041514
1.64382830830831   3.60853317121792   2.75760426667584   9.50250232299511e-15   9.41179425655937
1.65385165165166   3.60570714161282   2.75906457196279   9.32410548774286e-15   9.40175107238328
1.663874994995   3.60322986374639   2.76034299806146   8.95465856660215e-15   9.3929680413614
1.67389833833834   3.60108246375539   2.76144946613915   8.61720165742263e-15   9.38537366579473
1.68392168168169   3.59924345311653   2.76239528836439   8.27180719490081e-15   9.3788875237814
1.69394502502503   3.59768933796007   2.76319283855736   8.38874090939793e-15   9.37342248537914
1.70396836836837   3.59639524988714   2.76385521197576   8.75186817022437e-15   9.36888698772347
1.71399171171172   3.59533557274656   2.76439588835329   8.56000259010832e-15   9.36518727835596
1.72401505505506   3.59448454116252   2.76482841142391   8.53561556488819e-15   9.36222954162885
1.7340383983984   3.59381678948878   2.76516609643552   8.55535542038614e-15   9.35992183407074
1.74406174174175   3.59330783396924   2.76542177478291   8.8329473123756e-15   9.35817576979551
1.75408508508509   3.59293447578483   2.76560758212   9.27220262134218e-15   9.35690791486885
1.76410842842843   3.59267511789915   2.76573479340739   9.57356849192487e-15   9.35604086834684
1.77413177177178   3.59250999373493   2.76581370555882   9.9148179434706e-15   9.35550402589302
1.78415511511512   3.59242131033945   2.76585356587101   1.01114790906972e-14   9.35523403813206
1.79417845845846   3.59239331254586   2.76586254240002   1.05180750647562e-14   9.35517498924166
1.80420180180181   3.59241227753647   2.76584773096516   1.07534867236417e-14   9.3552783311513
1.81422514514515   3.59246645110162   2.76581519253691   1.10696190939538e-14   9.35550261493794
1.82424848848849   3.5925459377997   2.76577001436847   1.12546107408667e-14   9.35581306375465
1.83427183183184   3.59264255726939   2.76571638829073   1.16901509702758e-14   9.35618103132688
1.84429517517518   3.59274967828349   2.76565770001617   1.17520700706632e-14   9.35658338729659
1.85431851851853   3.59286204094879   2.76559662398514   1.14826212006265e-14   9.35700186615485
1.86434186186187   3.59297557593224   2.76553521913834   1.16071411450762e-14   9.35742241084428
1.87436520520521   3.59308722790176   2.76547502192205   1.20052590968326e-14   9.35783453593892
1.88438854854856   3.59319478865449   2.76541713375233   1.20069474310377e-14   9.35823072912655
1.8944118918919   3.59329674377852   2.76536230102501   1.18242592363798e-14   9.35860590391563
1.90443523523524   3.59339213523642   2.76531098652051   1.19632260045588e-14   9.35895691133511
1.91445857857859   3.59348044101775   2.76526343169389   1.1877759530065e-14   9.35928211404751
1.92448192192193   3.59356147200459   2.76521970985344   1.1710449361238e-14   9.35958102281609
1.93450526526527   3.59363528542955   2.76517977061651   1.13447985271449e-14   9.35985399264459
1.94452860860862   3.59370211376274   2.76514347630059   1.09474104199938e-14   9.36010197407647
1.95455195195196   3.59376230751705   2.76511063107533   1.04225333598043e-14   9.36032631399967
1.9645752952953   3.59381629027768   2.76508100378439   1.00476616069228e-14   9.3605285997356
1.97459863863865   3.59386452420906   2.76505434536347   1.00057118392615e-14   9.36071054007406
1.98462198198199   3.59390748433582   2.76503040174905   1.01515960793842e-14   9.36087387713383
1.99464532532533   3.59394564000692   2.76500892310737   1.03008072854811e-14   9.36102032337608
2.00466866866868   3.5939794421058   2.76498967012671   9.65332147383897e-15   9.36115151868622
2.01469201201202   3.59400931474442   2.76497241802054   9.26250644447533e-15   9.361269003097
2.02471535535536   3.59403565035893   2.76495695879061   9.13573509907801e-15   9.36137420139758
2.03473869869871   3.59405880729629   2.76494310220493   9.19212862212838e-15   9.36146841651899
2.04476204204205   3.59407910913639   2.76493067585827   9.18238022022403e-15   9.36155282918119
2.05478538538539   3.59409684512644   2.76491952460624   8.94890753172089e-15   9.36162850181459
2.06480872872874   3.59411227120969   2.76490950959703   8.71306945535837e-15   9.36169638522358
2.07483207207208   3.59412561120658   2.76490050706956   8.11647222509358e-15   9.36175732684007
2.08485541541542   3.59413705774996   2.76489240704103   7.65014861207268e-15   9.36181207972622
2.09487875875877   3.59414677258715   2.7648851119709   7.09634259514035e-15   9.36186131173367
2.10490210210211   3.59415488583615   2.76487853545981   6.41342818022065e-15   9.36190561441931
2.11492544544545   3.59416149372025   2.76487260102063   5.94166224142069e-15   9.36194551146419
2.1249487887888   3.59416665420162   2.76486724094296   5.49687125138402e-15   9.36198146645035
2.13497213213214   3.59417037978646   2.76486239526112   4.7606411315012e-15   9.36201388992804
2.14499547547548   3.59417262658004   2.76485801082777   4.04284630740245e-15   9.36204314575893
2.15501881881883   3.59417327842745   2.76485404049001   3.53657297140017e-15   9.36206955675661
2.16504216216217   3.59417212468446   2.76485044236191   2.74077742984877e-15   9.36209340966703
2.17506550550551   3.59416882982751   2.76484717918541   2.84960835275681e-15   9.36211495954351
2.18508884884886   3.59416289273803   2.76484421777091   2.96876496035772e-15   9.36213443357626
2.1951121921922   3.59415359310006   2.76484152850881   3.17951959062377e-15   9.36215203443599
2.20513553553555   3.5941399219516   2.76483908494348   3.27125846259674e-15   9.36216794318987
2.21515887887889   3.59412049306064   2.76483686340208   3.43217839777692e-15   9.36218232184292
2.22518222222223   3.59409343149745   2.7648348426708   3.69287909299932e-15   9.36219531555352
2.23520556556558   3.59405623559629   2.76483300371254   4.02428041855497e-15   9.36220705456611
2.24522890890892   3.59400560850445   2.76483132942026   3.73528483464319e-15   9.36221765589936
2.25525225225226   3.59393725577358   2.76482980440129   3.63459858465745e-15   9.36222722482268
2.26527559559561   3.59384564603239   2.76482841478829   4.0777112191994e-15   9.36223585614993
2.27529893893895   3.59372373276487   2.76482714807333   4.47150869077404e-15   9.36224363537514
2.28532228228229   3.5935626366715   2.76482599296195   4.71738133076229e-15   9.36225063967141
2.29534562562564   3.59335129006325   2.76482493924458   4.92963096368157e-15   9.36225693877135
2.30536896896898   3.59307604725621   2.76482397768292   5.27224945586137e-15   9.36226259574451
2.31539231231232   3.59272026798781   2.76482309990951   5.48577171699676e-15   9.36226766768551
2.32541565565567   3.59226388440888   2.76482229833861   5.53602693056278e-15   9.36227220632417
2.33543899899901   3.5916829661089   2.76482156608717   5.07662606499585e-15   9.36227625856762
2.34546234234235   3.59094930173536   2.76482089690438   4.70162585332065e-15   9.36227986698286
2.3554856856857   3.59003001984061   2.76482028510905   4.50011178753456e-15   9.36228307022711
2.36550902902904   3.58888727534108   2.76481972553361   3.94566580227658e-15   9.36228590343232
2.37553237237238   3.5874780310686   2.76481921347413   2.97439070526427e-15   9.36228839854917
2.38555571571573   3.58575396596347   2.76481874464554   2.26055608087546e-15   9.3622905846555
2.39557905905907   3.58366154213032   2.76481831514163   1.5304805415533e-15   9.36229248823294
2.40560240240241   3.58114226190109   2.76481792139898   9.46774080573078e-16   9.36229413341562
2.41562574574576   3.57813314292999   2.76481756016481   4.9939679357143e-16   9.36229554221369
2.4256490890891   3.57456743398556   2.76481722846791   -6.73589999934044e-17   9.36229673471464
2.43567243243244   3.57037558643063   2.76481692359259   -5.56421678638105e-16   9.36229772926439
2.44569577577579   3.56548648647859   2.7648166430552   -8.1348179681436e-16   9.3622985426304
2.45571911911913   3.55982894144462   2.76481638458305   -1.16834770796671e-15   9.36229919014843
2.46574246246247   3.55333339982151   2.76481614609532   -8.9457232138991e-16   9.36229968585466
2.47576580580582   3.54593387072638   2.76481592568591   -2.49722324358127e-16   9.3623000426041
2.48578914914916   3.53756999386766   2.76481572160795   2.26272147498363e-16   9.36230027217714
2.4958124924925   3.52818919756703   2.76481553225974   3.41485081262119e-16   9.36230038537475
2.50583583583585   3.51774887049231   2.76481535617217   3.73805619216747e-16   9.36230039210366
2.51585917917919   3.50621846356175   2.7648151919971   3.29224319595632e-16   9.36230030145225
2.52588252252253   3.49358143283322   2.76481503849707   2.57643431839356e-16   9.36230012175825
2.53590586586588   3.47983693280003   2.7648148945357   3.13677394590377e-17   9.3622998606687
2.54592920920922   3.46500117286112   2.76481475906909   -2.00123753657759e-16   9.36229952519329
2.55595255255257   3.44910835801552   2.76481463113793   -3.34360195733478e-16   9.36229912175153
2.56597589589591   3.43221114792783   2.76481450986021   -6.11547081504054e-16   9.36229865621473
2.57599923923925   3.41438058596747   2.7648143944246   -7.68488111891187e-16   9.3622981339431
2.5860225825826   3.39570547086202   2.76481428408431   -1.13478933039079e-15   9.36229755981901
2.59604592592594   3.37629116716475   2.76481417815142   -1.46164039246011e-15   9.36229693827661
2.60606926926928   3.35625787554098   2.76481407599166   -1.7994952927157e-15   9.36229627332867
2.61609261261263   3.33573840851606   2.76481397701953   -2.27750810389152e-15   9.36229556859098
2.62611595595597   3.31487554035512   2.76481388069382   -3.10142345329971e-15   9.36229482730473
2.63613929929931   3.29381901978291   2.7648137865134   -3.64873276166936e-15   9.36229405235743
2.64616264264266   3.27272235009573   2.76481369401331   -3.88992868604872e-15   9.36229324630248
2.656185985986   3.25173945191535   2.76481360276117   -3.94649667338949e-15   9.36229241137787
2.66620932932934   3.23102132876613   2.76481351235373   -3.96807638727546e-15   9.36229154952402
2.67623267267269   3.21071285456806   2.76481342241379   -4.31324733288816e-15   9.36229066240112
2.68625601601603   3.19094979516329   2.76481333258719   -4.61640009523317e-15   9.36228975140578
2.69627935935937   3.17185616363414   2.76481324254011   -4.85953746640113e-15   9.3622888176874
2.70630270270272   3.15354199225489   2.76481315195649   -4.60864137883831e-15   9.3622878621639
2.71632604604606   3.13610158353475   2.76481306053563   -4.66799841970305e-15   9.36228688553694
2.7263493893894   3.11961228021956   2.76481296798996   -4.44753486970425e-15   9.36228588830661
2.73637273273275   3.10413377066605   2.76481287404289   -4.01734862572044e-15   9.36228487078529
2.74639607607609   3.08970792301687   2.76481277842686   -3.63967511702431e-15   9.36228383311077
2.75641941941943   3.076359120309   2.76481268088145   -3.47787095592125e-15   9.36228277525845
2.76644276276278   3.06409505009026   2.76481258115155   -3.36562592462681e-15   9.36228169705242
2.77646610610612   3.05290788710305   2.76481247898571   -3.59612565383839e-15   9.36228059817535
2.78648944944946   3.04277579665415   2.76481237413444   -3.70685044656941e-15   9.3622794781772
2.79651279279281   3.03366467966926   2.76481226634864   -4.04814522576022e-15   9.36227833648254
2.80653613613615   3.02553007809538   2.76481215537803   -4.66659276059453e-15   9.36227717239636
2.81655947947949   3.01831916097795   2.76481204096964   -5.86240864609998e-15   9.36227598510859
2.82658282282284   3.01197271670955   2.76481192286625   -6.77130785320106e-15   9.36227477369687
2.83660616616618   3.00642708497507   2.7648118008049   -7.53841495695096e-15   9.36227353712807
2.84662950950952   3.00161597206284   2.76481167451532   -8.03676186912043e-15   9.36227227425802
2.85665285285287   2.99747210469347   2.76481154371836   -8.2850043563093e-15   9.36227098382987
2.86667619619621   2.9939286895785   2.76481140812436   -9.03117718030302e-15   9.3622696644707
2.87669953953955   2.99092065786328   2.76481126743137   -1.00407723629761e-14   9.36226831468649
2.8867228828829   2.98838568483864   2.7648111213233   -1.09257610895167e-14   9.36226693285505
2.89674622622624   2.98626498535143   2.76481096946778   -1.13814303263928e-14   9.36226551721652
2.90676956956958   2.98450389387103   2.76481081151364   -1.16691245774376e-14   9.36226406586031
2.91679291291293   2.98305224497828   2.76481064708772   -1.19947883601134e-14   9.36226257670666
2.92681625625627   2.98186457506433   2.76481047579044   -1.24285295717639e-14   9.36226104747896
2.93683959959962   2.98090016930139   2.7648102971892   -1.26774936729064e-14   9.36225947565989
2.94686294294296   2.98012297960613   2.76481011080765   -1.27658382044761e-14   9.36225785841751
2.9568862862863   2.97950143955944   2.76480991610725   -1.28518790473565e-14   9.36225619247559
2.96690962962965   2.97900820131293   2.76480971245429   -1.29520373967054e-14   9.36225447387864
2.97693297297299   2.97861981766523   2.76480949905936   -1.29831445721184e-14   9.36225269755723
2.98695631631633   2.97831638998786   2.76480927486437   -1.32481526277715e-14   9.36225085651395
2.99697965965968   2.97808119976168   2.76480903832972   -1.26481469871503e-14   9.36224894028684
3.00700300300302   2.97790033835677   2.76480878703132   -1.24410787356812e-14   9.36224693203624
3.01702634634636   2.97776234650707   2.76480851689498   -1.22229885938887e-14   9.36224480300697
3.02704968968971   2.97765787178987   2.76480822073951   -1.23041148004364e-14   9.36224250198593
3.03707303303305   2.97757934932142   2.76480788550111   -1.23542764443036e-14   9.36223993521457
3.04709637637639   2.97752070769824   2.7648074869429   -1.17715833249371e-14   9.36223692809576
3.05711971971974   2.97747709860896   2.7648069795674   -1.19767185172439e-14   9.36223315217499
3.06714306306308   2.97744464380816   2.76480627737885   -1.17088823445717e-14   9.36222798588376
3.07716640640642   2.97742018590335   2.76480521719188   -1.1351115641509e-14   9.36222024893656
3.08718974974977   2.97740101702799   2.76480348864765   -1.09609285585905e-14   9.36220769572546
3.09721309309311   2.97738453695344   2.76480050072495   -1.11072719136325e-14   9.36218604901295
3.10723643643645   2.97736775002041   2.7647951271165   -1.08684376718219e-14   9.36214715677477
3.1172597797798   2.97734643034559   2.76478522054387   -1.08599438410537e-14   9.36207547655671
3.12728312312314   2.9773136326184   2.76476668633141   -1.06952913887901e-14   9.36194136992838
3.13730646646648   2.9772569358077   2.76473171529333   -1.04181213649201e-14   9.36168831347752
3.14732980980983   2.97715325429468   2.76466541309495   -1.04038228639439e-14   9.36120851016791
3.15735315315317   2.97695899777806   2.76453937116756   -1.00945583183965e-14   9.36029639077611
3.16737649649651   2.97659135737865   2.76429940459656   -9.4055893854915e-15   9.35855999980431
3.17739983983986   2.9758926915371   2.76384216688383   -9.41030083250896e-15   9.35525226018143
3.1874231831832   2.97456279774435   2.76297055939569   -9.52559085586803e-15   9.34895018309528
3.19744652652654   2.9720303941351   2.76130873517519   -9.70159872911454e-15   9.33694684758714
3.20746986986989   2.96721035570491   2.75814018746034   -1.01363377407576e-14   9.31410567664935
3.21749321321323   2.9580492283645   2.7520997050965   -1.03498375153179e-14   9.2707257924423
3.22751655655657   2.94068918683733   2.74058875312539   -1.09214114611033e-14   9.18865258350969
3.23753989989992   2.90798352144008   2.71867158550573   -1.12334597585261e-14   9.03450538295151
3.24756324324326   2.84705160020475   2.67701374368548   -1.09997071946204e-14   8.74899936584892
3.2575865865866   2.73592554727516   2.59813178836023   -1.07040851752863e-14   8.23398749346573
3.26760992992995   2.54129906252349   2.45004202355528   -1.01678367140799e-14   7.3501067028163
3.27763327327329   2.22554389094032   2.17792146923592   -8.63623473797935e-15   5.96774943567745
3.28765661661664   1.7814292555038   1.70615047132185   -6.01444451868816e-15   4.14526927008363
3.29767995995998   1.29913981831507   1.01228344666038   -2.73114750766074e-15   2.37758815559409
3.30770330330332   0.959992856474254   0.34848680856472   -5.52012592173724e-16   1.35303683201814
3.31772664664667   0.830471519148433   0.0636978506652074   -5.3997472607022e-17   1.05622388307228
3.32774998999001   0.804239619514455   0.00871881676827765   -9.46808634137014e-17   1.00746752702092
3.33777333333335   0.80054876190567   0.00112775993665185   -2.94629315927764e-20   1.00096109781123
3.3477966766767   0.800070411108136   0.000144699531958364   -4.10722025061237e-25   1.00012323193635
3.35782002002004   0.800009024704054   1.85463541875966e-05   -2.88145427848543e-31   1.00001579343721
3.36784336336338   0.800001156552877   2.37679121005994e-06   -1.92944494027487e-40   1.0000020239709
3.37786670670673   0.800000148214422   3.04590248305909e-07   -1.22460198502145e-48   1.00000025937529
3.38789005005007   0.800000018993915   3.9033727297417e-08   -5.18508495994615e-58   1.00000003323935
3.39791339339341   0.8000000024341   5.00223316406585e-09   -1.12295442892603e-68   1.00000000425967
3.40793673673676   0.800000000311934   6.41043641802149e-10   -5.79816706158815e-83   1.00000000054588
3.4179600800801   0.800000000039975   8.21503126244246e-11   -8.58559717937538e-98   1.00000000006995
3.42798342342344   0.800000000005123   1.05271846893877e-11   -1.1451289926376e-111   1.00000000000896
3.43800676676679   0.800000000000656   1.34852457291403e-12   -1.28074796993675e-126   1.00000000000115
3.44803011011013   0.800000000000084   1.72445536831812e-13   -1.22811353667459e-142   1.00000000000015
3.45805345345347   0.800000000000011   2.19103922186133e-14   -1.04873082623011e-159   1.00000000000002
3.46807679679682   0.800000000000001   2.65580510309704e-15   -7.48151006771613e-178   1
3.47810014014016   0.8   2.52933816712256e-16   -5.08911752758253e-197   1
3.4881234834835   0.8   1.58083627493083e-17   -1.13944345494244e-217   1
3.49814682682685   0.8   0   0   1
3.50817017017019   0.8   0   0   1
3.51819351351353   0.8   0   0   1
3.52821685685688   0.8   0   0   1
3.53824020020022   0.8   0   0   1
3.54826354354356   0.8   0   0   1
3.55828688688691   0.8   0   0   1
3.56831023023025   0.8   0   0   1
3.57833357357359   0.8   0   0   1
3.58835691691694   0.8   0   0   1
3.59838026026028   0.8   0   0   1
3.60840360360362   0.8   0   0   1
3.61842694694697   0.8   0   0   1
3.62845029029031   0.8   0   0   1
3.63847363363366   0.8   0   0   1
3.648496976977   0.8   0   0   1
3.65852032032034   0.8   0   0   1
3.66854366366369   0.8   0   0   1
3.67856700700703   0.8   0   0   1
3.68859035035037   0.8   0   0   1
3.69861369369372   0.8   0   0   1
3.70863703703706   0.8   0   0   1
3.7186603803804   0.8   0   0   1
3.72868372372375   0.8   0   0   1
3.73870706706709   0.8   0   0   1
3.74873041041043   0.8   0   0   1
3.75875375375378   0.8   0   0   1
3.76877709709712   0.8   0   0   1
3.77880044044046   0.8   0   0   1
3.78882378378381   0.8   0   0   1
3.79884712712715   0.8   0   0   1
3.80887047047049   0.8   0   0   1
3.81889381381384   0.8   0   0   1
3.82891715715718   0.8   0   0   1
3.83894050050052   0.8   0   0   1
3.84896384384387   0.8   0   0   1
3.85898718718721   0.8   0   0   1
3.86901053053055   0.8   0   0   1
3.8790338738739   0.8   0   0   1
3.88905721721724   0.8   0   0   1
3.89908056056058   0.8   0   0   1
3.90910390390393   0.8   0   0   1
3.91912724724727   0.8   0   0   1
3.92915059059061   0.8   0   0   1
3.93917393393396   0.8   0   0   1
3.9491972772773   0.8   0   0   1
3.95922062062064   0.8   0   0   1
3.96924396396399   0.8   0   0   1
3.97926730730733   0.8   0   0   1
3.98929065065068   0.8   0   0   1
3.99931399399402   0.8   0   0   1
4.00933733733736   0.8   0   0   1
4.01936068068071   0.8   0   0   1
4.02938402402405   0.8   0   0   1
4.03940736736739   0.8   0   0   1
4.04943071071074   0.8   0   0   1
4.05945405405408   0.8   0   0   1
4.06947739739742   0.8   0   0   1
4.07950074074077   0.8   0   0   1
4.08952408408411   0.8   0   0   1
4.09954742742745   0.8   0   0   1
4.1095707707708   0.8   0   0   1
4.11959411411414   0.8   0   0   1
4.12961745745748   0.8   0   0   1
4.13964080080083   0.8   0   0   1
4.14966414414417   0.8   0   0   1
4.15968748748751   0.8   0   0   1
4.16971083083086   0.8   0   0   1
4.1797341741742   0.8   0   0   1
4.18975751751754   0.8   0   0   1
4.19978086086089   0.8   0   0   1
4.20980420420423   0.8   0   0   1
4.21982754754757   0.8   0   0   1
4.22985089089092   0.8   0   0   1
4.23987423423426   0.8   0   0   1
4.2498975775776   0.8   0   0   1
4.25992092092095   0.8   0   0   1
4.26994426426429   0.8   0   0   1
4.27996760760763   0.8   0   0   1
4.28999095095098   0.8   0   0   1
4.30001429429432   0.8   0   0   1
4.31003763763766   0.8   0   0   1
4.32006098098101   0.8   0   0   1
4.33008432432435   0.8   0   0   1
4.3401076676677   0.8   0   0   1
4.35013101101104   0.8   0   0   1
4.36015435435438   0.8   0   0   1
4.37017769769773   0.8   0   0   1
4.38020104104107   0.8   0   0   1
4.39022438438441   0.8   0   0   1
4.40024772772776   0.8   0   0   1
4.4102710710711   0.8   0   0   1
4.42029441441444   0.8   0   0   1
4.43031775775779   0.8   0   0   1
4.44034110110113   0.8   0   0   1
4.45036444444447   0.8   0   0   1
4.46038778778782   0.8   0   0   1
4.47041113113116   0.8   0   0   1
4.4804344744745   0.8   0   0   1
4.49045781781785   0.8   0   0   1
4.50048116116119   0.8   0   0   1
4.51050450450453   0.8   0   0   1
4.52052784784788   0.8   0   0   1
4.53055119119122   0.8   0   0   1
4.54057453453456   0.8   0   0   1
4.55059787787791   0.8   0   0   1
4.56062122122125   0.8   0   0   1
4.57064456456459   0.8   0   0   1
4.58066790790794   0.8   0   0   1
4.59069125125128   0.8   0   0   1
4.60071459459462   0.8   0   0   1
4.61073793793797   0.8   0   0   1
4.62076128128131   0.8   0   0   1
4.63078462462465   0.8   0   0   1
4.640807967968   0.8   0   0   1
4.65083131131134   0.8   0   0   1
4.66085465465468   0.8   0   0   1
4.67087799799803   0.8   0   0   1
4.68090134134137   0.8   0   0   1
4.69092468468472   0.8   0   0   1
4.70094802802806   0.8   0   0   1
4.7109713713714   0.8   0   0   1
4.72099471471475   0.8   0   0   1
4.73101805805809   0.8   0   0   1
4.74104140140143   0.8   0   0   1
4.75106474474478   0.8   0   0   1
4.76108808808812   0.8   0   0   1
4.77111143143146   0.8   0   0   1
4.78113477477481   0.8   0   0   1
4.79115811811815   0.8   0   0   1
4.80118146146149   0.8   0   0   1
4.81120480480484   0.8   0   0   1
4.82122814814818   0.8   0   0   1
4.83125149149152   0.8   0   0   1
4.84127483483487   0.8   0   0   1
4.85129817817821   0.8   0   0   1
4.86132152152155   0.8   0   0   1
4.8713448648649   0.8   0   0   1
4.88136820820824   0.8   0   0   1
4.89139155155158   0.8   0   0   1
4.90141489489493   0.8   0   0   1
4.91143823823827   0.8   0   0   1
4.92146158158161   0.8   0   0   1
4.93148492492496   0.8   0   0   1
4.9415082682683   0.8   0   0   1
4.95153161161164   0.8   0   0   1
4.96155495495499   0.8   0   0   1
4.97157829829833   0.8   0   0   1
4.98160164164167   0.8   0   0   1
4.99162498498502   0.8   0   0   1
5.00164832832836   0.8   0   0   1
5.0116716716717   0.8   0   0   1
5.02169501501505   0.8   0   0   1
5.03171835835839   0.8   0   0   1
5.04174170170173   0.8   0   0   1
5.05176504504508   0.8   0   0   1
5.06178838838842   0.8   0   0   1
5.07181173173177   0.8   0   0   1
5.08183507507511   0.8   0   0   1
5.09185841841845   0.8   0   0   1
5.1018817617618   0.8   0   0   1
5.11190510510514   0.8   0   0   1
5.12192844844848   0.8   0   0   1
5.13195179179183   0.8   0   0   1
5.14197513513517   0.8   0   0   1
5.15199847847851   0.8   0   0   1
5.16202182182186   0.8   0   0   1
5.1720451651652   0.8   0   0   1
5.18206850850854   0.8   0   0   1
5.19209185185189   0.8   0   0   1
5.20211519519523   0.8   0   0   1
5.21213853853857   0.8   0   0   1
5.22216188188192   0.8   0   0   1
5.23218522522526   0.8   0   0   1
5.2422085685686   0.8   0   0   1
5.25223191191195   0.8   0   0   1
5.26225525525529   0.8   0   0   1
5.27227859859863   0.8   0   0   1
5.28230194194198   0.8   0   0   1
5.29232528528532   0.8   0   0   1
5.30234862862866   0.8   0   0   1
5.31237197197201   0.8   0   0   1
5.32239531531535   0.8   0   0   1
5.33241865865869   0.8   0   0   1
5.34244200200204   0.8   0   0   1
5.35246534534538   0.8   0   0   1
5.36248868868872   0.8   0   0   1
5.37251203203207   0.8   0   0   1
5.38253537537541   0.8   0   0   1
5.39255871871875   0.8   0   0   1
5.4025820620621   0.8   0   0   1
5.41260540540544   0.8   0   0   1
5.42262874874879   0.8   0   0   1
5.43265209209213   0.8   0   0   1
5.44267543543547   0.8   0   0   1
5.45269877877882   0.8   0   0   1
5.46272212212216   0.8   0   0   1
5.4727454654655   0.8   0   0   1
5.48276880880885   0.8   0   0   1
5.49279215215219   0.8   0   0   1
5.50281549549553   0.8   0   0   1
5.51283883883888   0.8   0   0   1
5.52286218218222   0.8   0   0   1
5.53288552552556   0.8   0   0   1
5.54290886886891   0.8   0   0   1
5.55293221221225   0.8   0   0   1
5.56295555555559   0.8   0   0   1
5.57297889889894   0.8   0   0   1
5.58300224224228   0.8   0   0   1
5.59302558558562   0.8   0   0   1
5.60304892892897   0.8   0   0   1
5.61307227227231   0.8   0   0   1
5.62309561561565   0.8   0   0   1
5.633118958959   0.8   0   0   1
5.64314230230234   0.8   0   0   1
5.65316564564568   0.8   0   0   1
5.66318898898903   0.8   0   0   1
5.67321233233237   0.8   0   0   1
5.68323567567571   0.8   0   0   1
5.69325901901906   0.8   0   0   1
5.7032823623624   0.8   0   0   1
5.71330570570574   0.8   0   0   1
5.72332904904909   0.8   0   0   1
5.73335239239243   0.8   0   0   1
5.74337573573577   0.8   0   0   1
5.75339907907912   0.8   0   0   1
5.76342242242246   0.8   0   0   1
5.77344576576581   0.8   0   0   1
5.78346910910915   0.8   0   0   1
5.79349245245249   0.8   0   0   1
5.80351579579584   0.8   0   0   1
5.81353913913918   0.8   0   0   1
5.82356248248252   0.8   0   0   1
5.83358582582587   0.8   0   0   1
5.84360916916921   0.8   0   0   1
5.85363251251255   0.8   0   0   1
5.8636558558559   0.8   0   0   1
5.87367919919924   0.8   0   0   1
5.88370254254258   0.8   0   0   1
5.89372588588593   0.8   0   0   1
5.90374922922927   0.8   0   0   1
5.91377257257261   0.8   0   0   1
5.92379591591596   0.8   0   0   1
5.9338192592593   0.8   0   0   1
5.94384260260264   0.8   0   0   1
5.95386594594599   0.8   0   0   1
5.96388928928933   0.8   0   0   1
5.97391263263267   0.8   0   0   1
5.98393597597602   0.8   0   0   1
5.99395931931936   0.8   0   0   1
6.0039826626627   0.8   0   0   1
6.01400600600605   0.8   0   0   1
6.02402934934939   0.8   0   0   1
6.03405269269273   0.8   0   0   1
6.04407603603608   0.8   0   0   1
6.05409937937942   0.8   0   0   1
6.06412272272276   0.8   0   0   1
6.07414606606611   0.8   0   0   1
6.08416940940945   0.8   0   0   1
6.09419275275279   0.8   0   0   1
6.10421609609614   0.8   0   0   1
6.11423943943948   0.8   0   0   1
6.12426278278283   0.8   0   0   1
6.13428612612617   0.8   0   0   1
6.14430946946951   0.8   0   0   1
6.15433281281286   0.8   0   0   1
6.1643561561562   0.8   0   0   1
6.17437949949954   0.8   0   0   1
6.18440284284289   0.8   0   0   1
6.19442618618623   0.8   0   0   1
6.20444952952957   0.8   0   0   1
6.21447287287292   0.8   0   0   1
6.22449621621626   0.8   0   0   1
6.2345195595596   0.8   0   0   1
6.24454290290295   0.8   0   0   1
6.25456624624629   0.8   0   0   1
6.26458958958963   0.8   0   0   1
6.27461293293298   0.8   0   0   1
6.28463627627632   0.8   0   0   1
6.29465961961966   0.8   0   0   1
6.30468296296301   0.8   0   0   1
6.31470630630635   0.8   0   0   1
6.32472964964969   0.8   0   0   1
6.33475299299304   0.8   0   0   1
6.34477633633638   0.8   0   0   1
6.35479967967972   0.8   0   0   1
6.36482302302307   0.8   0   0   1
6.37484636636641   0.8   0   0   1
6.38486970970975   0.8   0   0   1
6.3948930530531   0.8   0   0   1
6.40491639639644   0.8   0   0   1
6.41493973973978   0.8   0   0   1
6.42496308308313   0.8   0   0   1
6.43498642642647   0.8   0   0   1
6.44500976976981   0.8   0   0   1
6.45503311311316   0.8   0   0   1
6.4650564564565   0.8   0   0   1
6.47507979979985   0.8   0   0   1
6.48510314314319   0.8   0   0   1
6.49512648648653   0.8   0   0   1
6.50514982982988   0.8   0   0   1
6.51517317317322   0.8   0   0   1
6.52519651651656   0.8   0   0   1
6.53521985985991   0.8   0   0   1
6.54524320320325   0.8   0   0   1
6.55526654654659   0.8   0   0   1
6.56528988988994   0.8   0   0   1
6.57531323323328   0.8   0   0   1
6.58533657657662   0.8   0   0   1
6.59535991991997   0.8   0   0   1
6.60538326326331   0.8   0   0   1
6.61540660660665   0.8   0   0   1
6.62542994995   0.8   0   0   1
6.63545329329334   0.8   0   0   1
6.64547663663668   0.8   0   0   1
6.65549997998003   0.8   0   0   1
6.66552332332337   0.8   0   0   1
6.67554666666671   0.8   0   0   1
6.68557001001006   0.8   0   0   1
6.6955933533534   0.8   0   0   1
6.70561669669674   0.8   0   0   1
6.71564004004009   0.8   0   0   1
6.72566338338343   0.8   0   0   1
6.73568672672677   0.8   0   0   1
6.74571007007012   0.8   0   0   1
6.75573341341346   0.8   0   0   1
6.7657567567568   0.8   0   0   1
6.77578010010015   0.8   0   0   1
6.78580344344349   0.8   0   0   1
6.79582678678683   0.8   0   0   1
6.80585013013018   0.8   0   0   1
6.81587347347352   0.8   0   0   1
6.82589681681686   0.8   0   0   1
6.83592016016021   0.8   0   0   1
6.84594350350355   0.8   0   0   1
6.8559668468469   0.8   0   0   1
6.86599019019024   0.8   0   0   1
6.87601353353358   0.8   0   0   1
6.88603687687693   0.8   0   0   1
6.89606022022027   0.8   0   0   1
6.90608356356361   0.8   0   0   1
6.91610690690696   0.8   0   0   1
6.9261302502503   0.8   0   0   1
6.93615359359364   0.8   0   0   1
6.94617693693699   0.8   0   0   1
6.95620028028033   0.8   0   0   1
6.96622362362367   0.8   0   0   1
6.97624696696702   0.8   0   0   1
6.98627031031036   0.8   0   0   1
6.9962936536537   0.8   0   0   1
7.00631699699705   0.8   0   0   1
7.01634034034039   0.8   0   0   1
7.02636368368373   0.8   0   0   1
7.03638702702708   0.8   0   0   1
7.04641037037042   0.8   0   0   1
7.05643371371376   0.8   0   0   1
7.06645705705711   0.8   0   0   1
7.07648040040045   0.8   0   0   1
7.08650374374379   0.8   0   0   1
7.09652708708714   0.8   0   0   1
7.10655043043048   0.8   0   0   1
7.11657377377382   0.8   0   0   1
7.12659711711717   0.8   0   0   1
7.13662046046051   0.8   0   0   1
7.14664380380385   0.8   0   0   1
7.1566671471472   0.8   0   0   1
7.16669049049054   0.8   0   0   1
7.17671383383388   0.8   0   0   1
7.18673717717723   0.8   0   0   1
7.19676052052057   0.8   0   0   1
7.20678386386392   0.8   0   0   1
7.21680720720726   0.8   0   0   1
7.2268305505506   0.8   0   0   1
7.23685389389395   0.8   0   0   1
7.24687723723729   0.8   0   0   1
7.25690058058063   0.8   0   0   1
7.26692392392398   0.8   0   0   1
7.27694726726732   0.8   0   0   1
7.28697061061066   0.8   0   0   1
7.29699395395401   0.8   0   0   1
7.30701729729735   0.8   0   0   1
7.31704064064069   0.8   0   0   1
7.32706398398404   0.8   0   0   1
7.33708732732738   0.8   0   0   1
7.34711067067072   0.8   0   0   1
7.35713401401407   0.8   0   0   1
7.36715735735741   0.8   0   0   1
7.37718070070075   0.8   0   0   1
7.3872040440441   0.8   0   0   1
7.39722738738744   0.8   0   0   1
7.40725073073078   0.8   0   0   1
7.41727407407413   0.8   0   0   1
7.42729741741747   0.8   0   0   1
7.43732076076081   0.8   0   0   1
7.44734410410416   0.8   0   0   1
7.4573674474475   0.8   0   0   1
7.46739079079084   0.8   0   0   1
7.47741413413419   0.8   0   0   1
7.48743747747753   0.8   0   0   1
7.49746082082087   0.8   0   0   1
7.50748416416422   0.8   0   0   1
7.51750750750756   0.8   0   0   1
7.5275308508509   0.8   0   0   1
7.53755419419425   0.8   0   0   1
7.54757753753759   0.8   0   0   1
7.55760088088094   0.8   0   0   1
7.56762422422428   0.8   0   0   1
7.57764756756762   0.8   0   0   1
7.58767091091097   0.8   0   0   1
7.59769425425431   0.8   0   0   1
7.60771759759765   0.8   0   0   1
7.617740940941   0.8   0   0   1
7.62776428428434   0.8   0   0   1
7.63778762762768   0.8   0   0   1
7.64781097097103   0.8   0   0   1
7.65783431431437   0.8   0   0   1
7.66785765765771   0.8   0   0   1
7.67788100100106   0.8   0   0   1
7.6879043443444   0.8   0   0   1
7.69792768768774   0.8   0   0   1
7.70795103103109   0.8   0   0   1
7.71797437437443   0.8   0   0   1
7.72799771771777   0.8   0   0   1
7.73802106106112   0.8   0   0   1
7.74804440440446   0.8   0   0   1
7.7580677477478   0.8   0   0   1
7.76809109109115   0.8   0   0   1
7.77811443443449   0.8   0   0   1
7.78813777777783   0.8   0   0   1
7.79816112112118   0.8   0   0   1
7.80818446446452   0.8   0   0   1
7.81820780780786   0.8   0   0   1
7.82823115115121   0.8   0   0   1
7.83825449449455   0.8   0   0   1
7.84827783783789   0.8   0   0   1
7.85830118118124   0.8   0   0   1
7.86832452452458   0.8   0   0   1
7.87834786786792   0.8   0   0   1
7.88837121121127   0.8   0   0   1
7.89839455455461   0.8   0   0   1
7.90841789789796   0.8   0   0   1
7.9184412412413   0.8   0   0   1
7.92846458458464   0.8   0   0   1
7.93848792792799   0.8   0   0   1
7.94851127127133   0.8   0   0   1
7.95853461461467   0.8   0   0   1
7.96855795795802   0.8   0   0   1
7.97858130130136   0.8   0   0   1
7.9886046446447   0.8   0   0   1
7.99862798798805   0.8   0   0   1
8.00865133133139   0.8   0   0   1
8.01867467467473   0.8   0   0   1
8.02869801801808   0.8   0   0   1
8.03872136136142   0.8   0   0   1
8.04874470470476   0.8   0   0   1
8.05876804804811   0.8   0   0   1
8.06879139139145   0.8   0   0   1
8.07881473473479   0.8   0   0   1
8.08883807807814   0.8   0   0   1
8.09886142142148   0.8   0   0   1
8.10888476476482   0.8   0   0   1
8.11890810810817   0.8   0   0   1
8.12893145145151   0.8   0   0   1
8.13895479479485   0.8   0   0   1
8.1489781381382   0.8   0   0   1
8.15900148148154   0.8   0   0   1
8.16902482482488   0.8   0   0   1
8.17904816816823   0.8   0   0   1
8.18907151151157   0.8   0   0   1
8.19909485485491   0.8   0   0   1
8.20911819819826   0.8   0   0   1
8.2191415415416   0.8   0   0   1
8.22916488488494   0.8   0   0   1
8.23918822822829   0.8   0   0   1
8.24921157157163   0.8   0   0   1
8.25923491491498   0.8   0   0   1
8.26925825825832   0.8   0   0   1
8.27928160160166   0.8   0   0   1
8.28930494494501   0.8   0   0   1
8.29932828828835   0.8   0   0   1
8.30935163163169   0.8   0   0   1
8.31937497497504   0.8   0   0   1
8.32939831831838   0.8   0   0   1
8.33942166166172   0.8   0   0   1
8.34944500500507   0.8   0   0   1
8.35946834834841   0.8   0   0   1
8.36949169169175   0.8   0   0   1
8.3795150350351   0.8   0   0   1
8.38953837837844   0.8   0   0   1
8.39956172172178   0.8   0   0   1
8.40958506506513   0.8   0   0   1
8.41960840840847   0.8   0   0   1
8.42963175175181   0.8   0   0   1
8.43965509509516   0.8   0   0   1
8.4496784384385   0.8   0   0   1
8.45970178178184   0.8   0   0   1
8.46972512512519   0.8   0   0   1
8.47974846846853   0.8   0   0   1
8.48977181181187   0.8   0   0   1
8.49979515515522   0.8   0   0   1
8.50981849849856   0.8   0   0   1
8.5198418418419   0.8   0   0   1
8.52986518518525   0.8   0   0   1
8.53988852852859   0.8   0   0   1
8.54991187187193   0.8   0   0   1
8.55993521521528   0.8   0   0   1
8.56995855855862   0.8   0   0   1
8.57998190190196   0.8   0   0   1
8.59000524524531   0.8   0   0   1
8.60002858858865   0.8   0   0   1
8.610051931932   0.8   0   0   1
8.62007527527534   0.8   0   0   1
8.63009861861868   0.8   0   0   1
8.64012196196203   0.8   0   0   1
8.65014530530537   0.8   0   0   1
8.66016864864871   0.8   0   0   1
8.67019199199206   0.8   0   0   1
8.6802153353354   0.8   0   0   1
8.69023867867874   0.8   0   0   1
8.70026202202209   0.8   0   0   1
8.71028536536543   0.8   0   0   1
8.72030870870877   0.8   0   0   1
8.73033205205212   0.8   0   0   1
8.74035539539546   0.8   0   0   1
8.7503787387388   0.8   0   0   1
8.76040208208215   0.8   0   0   1
8.77042542542549   0.8   0   0   1
8.78044876876883   0.8   0   0   1
8.79047211211218   0.8   0   0   1
8.80049545545552   0.8   0   0   1
8.81051879879886   0.8   0   0   1
8.82054214214221   0.8   0   0   1
8.83056548548555   0.8   0   0   1
8.84058882882889   0.8   0   0   1
8.85061217217224   0.8   0   0   1
8.86063551551558   0.8   0   0   1
8.87065885885892   0.8   0   0   1
8.88068220220227   0.8   0   0   1
8.89070554554561   0.8   0   0   1
8.90072888888895   0.8   0   0   1
8.9107522322323   0.8   0   0   1
8.92077557557564   0.8   0   0   1
8.93079891891898   0.8   0   0   1
8.94082226226233   0.8   0   0   1
8.95084560560567   0.8   0   0   1
8.96086894894901   0.8   0   0   1
8.97089229229236   0.8   0   0   1
8.9809156356357   0.8   0   0   1
8.99093897897905   0.8   0   0   1
9.00096232232239   0.8   0   0   1
9.01098566566573   0.8   0   0   1
9.02100900900908   0.8   0   0   1
9.03103235235242   0.8   0   0   1
9.04105569569576   0.8   0   0   1
9.05107903903911   0.8   0   0   1
9.06110238238245   0.8   0   0   1
9.07112572572579   0.8   0   0   1
9.08114906906914   0.8   0   0   1
9.09117241241248   0.8   0   0   1
9.10119575575582   0.8   0   0   1
9.11121909909917   0.8   0   0   1
9.12124244244251   0.8   0   0   1
9.13126578578585   0.8   0   0   1
9.1412891291292   0.8   0   0   1
9.15131247247254   0.8   0   0   1
9.16133581581588   0.8   0   0   1
9.17135915915923   0.8   0   0   1
9.18138250250257   0.8   0   0   1
9.19140584584591   0.8   0   0   1
9.20142918918926   0.8   0   0   1
9.2114525325326   0.8   0   0   1
9.22147587587594   0.8   0   0   1
9.23149921921929   0.8   0   0   1
9.24152256256263   0.8   0   0   1
9.25154590590597   0.8   0   0   1
9.26156924924932   0.8   0   0   1
9.27159259259266   0.8   0   0   1
9.281615935936   0.8   0   0   1
9.29163927927935   0.8   0   0   1
9.30166262262269   0.8   0   0   1
9.31168596596603   0.8   0   0   1
9.32170930930938   0.8   0   0   1
9.33173265265272   0.8   0   0   1
9.34175599599607   0.8   0   0   1
9.35177933933941   0.8   0   0   1
9.36180268268275   0.8   0   0   1
9.3718260260261   0.8   0   0   1
9.38184936936944   0.8   0   0   1
9.39187271271278   0.8   0   0   1
9.40189605605613   0.8   0   0   1
9.41191939939947   0.8   0   0   1
9.42194274274281   0.8   0   0   1
9.43196608608616   0.8   0   0   1
9.4419894294295   0.8   0   0   1
9.45201277277284   0.8   0   0   1
9.46203611611619   0.8   0   0   1
9.47205945945953   0.8   0   0   1
9.48208280280287   0.8   0   0   1
9.49210614614622   0.8   0   0   1
9.50212948948956   0.8   0   0   1
9.5121528328329   0.8   0   0   1
9.52217617617625   0.8   0   0   1
9.53219951951959   0.8   0   0   1
9.54222286286293   0.8   0   0   1
9.55224620620628   0.8   0   0   1
9.56226954954962   0.8   0   0   1
9.57229289289296   0.8   0   0   1
9.58231623623631   0.8   0   0   1
9.59233957957965   0.8   0   0   1
9.60236292292299   0.8   0   0   1
9.61238626626634   0.8   0   0   1
9.62240960960968   0.8   0   0   1
9.63243295295302   0.8   0   0   1
9.64245629629637   0.8   0   0   1
9.65247963963971   0.8   0   0   1
9.66250298298305   0.8   0   0   1
9.6725263263264   0.8   0   0   1
9.68254966966974   0.8   0   0   1
9.69257301301309   0.8   0   0   1
9.70259635635643   0.8   0   0   1
9.71261969969977   0.8   0   0   1
9.72264304304312   0.8   0   0   1
9.73266638638646   0.8   0   0   1
9.7426897297298   0.8   0   0   1
9.75271307307315   0.8   0   0   1
9.76273641641649   0.8   0   0   1
9.77275975975983   0.8   0   0   1
9.78278310310318   0.8   0   0   1
9.79280644644652   0.8   0   0   1
9.80282978978986   0.8   0   0   1
9.81285313313321   0.8   0   0   1
9.82287647647655   0.8   0   0   1
9.83289981981989   0.8   0   0   1
9.84292316316324   0.8   0   0   1
9.85294650650658   0.8   0   0   1
9.86296984984992   0.8   0   0   1
9.87299319319327   0.8   0   0   1
9.88301653653661   0.8   0   0   1
9.89303987987995   0.8   0   0   1
9.9030632232233   0.8   0   0   1
9.91308656656664   0.8   0   0   1
9.92310990990998   0.8   0   0   1
9.93313325325333   0.8   0   0   1
9.94315659659667   0.8   0   0   1
9.95317993994001   0.8   0   0   1
9.96320328328336   0.8   0   0   1
9.9732266266267   0.8   0   0   1
9.98324996997004   0.8   0   0   1
9.99327331331339   0.8   0   0   1
10.0032966566567   0.8   0   0   1
10.0133200000001   0.8   0   0   1
