variables = x,rho,u,v,p
0   3.8571   2.6293   0   10.3333
0.0100233433433433   3.8571   2.6293   0   10.3333
0.0200466866866867   3.8571   2.6293   0   10.3333
0.03007003003003   3.8571   2.6293   0   10.3333
0.0400933733733734   3.8571   2.6293   0   10.3333
0.0501167167167167   3.8571   2.6293   0   10.3333
0.0601400600600601   3.8571   2.6293   0   10.3333
0.0701634034034034   3.8571   2.6293   0   10.3333
0.0801867467467468   3.8571   2.6293   0   10.3333
0.0902100900900901   3.8571   2.6293   0   10.3333
0.100233433433433   3.8571   2.6293   0   10.3333
0.110256776776777   3.8571   2.6293   0   10.3333
0.12028012012012   3.8571   2.6293   0   10.3333
0.130303463463463   3.8571   2.6293   0   10.3333
0.140326806806807   3.8571   2.6293   0   10.3333
0.15035015015015   3.8571   2.6293   0   10.3333
0.160373493493494   3.8571   2.6293   0   10.3333
0.170396836836837   3.8571   2.6293   0   10.3333
0.18042018018018   3.8571   2.6293   0   10.3333
0.190443523523524   3.8571   2.6293   0   10.3333
0.200466866866867   3.8571   2.6293   0   10.3333
0.21049021021021   3.8571   2.6293   0   10.3333
0.220513553553554   3.8571   2.6293   0   10.3333
0.230536896896897   3.8571   2.6293   0   10.3333
0.24056024024024   3.8571   2.6293   0   10.3333
0.250583583583584   3.8571   2.6293   0   10.3333
0.260606926926927   3.8571   2.6293   0   10.3333
0.27063027027027   3.8571   2.6293   0   10.3333
0.280653613613614   3.8571   2.6293   0   10.3333
0.290676956956957   3.8571   2.6293   0   10.3333
0.3007003003003   3.8571   2.6293   0   10.3333
0.310723643643644   3.8571   2.6293   0   10.3333
0.320746986986987   3.8571   2.6293   0   10.3333
0.330770330330331   3.8571   2.6293   0   10.3333
0.340793673673674   3.8571   2.6293   0   10.3333
0.350817017017017   3.8571   2.6293   0   10.3333
0.360840360360361   3.8571   2.6293   0   10.3333
0.370863703703704   3.8571   2.6293   0   10.3333
0.380887047047047   3.8571   2.6293   0   10.3333
0.390910390390391   3.8571   2.6293   0   10.3333
0.400933733733734   3.8571   2.6293   0   10.3333
0.410957077077078   3.8571   2.6293   0   10.3333
0.420980420420421   3.8571   2.6293   0   10.3333
0.431003763763764   3.8571   2.6293   0   10.3333
0.441027107107108   3.8571   2.6293   0   10.3333
0.451050450450451   3.8571   2.6293   0   10.3333
0.461073793793794   3.8571   2.6293   0   10.3333
0.471097137137138   3.8571   2.6293   0   10.3333
0.481120480480481   3.8571   2.6293   0   10.3333
0.491143823823825   3.8571   2.6293   0   10.3333
0.501167167167168   3.8571   2.6293   0   10.3333
0.511190510510511   3.8571   2.6293   0   10.3333
0.521213853853855   3.8571   2.6293   0   10.3333
0.531237197197198   3.8571   2.6293   0   10.3333
0.541260540540541   3.8571   2.6293   0   10.3333
0.551283883883884   3.8571   2.6293   -1.99291122636522e-16   10.3333
0.561307227227228   3.85709999999999   2.6293   -6.88579060212419e-16   10.3333
0.571330570570571   3.85709999999996   2.62930000000002   -2.30159424797368e-16   10.3332999999999
0.581353913913914   3.85709999999991   2.62930000000005   -1.83087664871579e-16   10.3332999999996
0.591377257257258   3.8570999999998   2.62930000000012   -2.84807468701235e-17   10.3332999999991
0.601400600600601   3.85709999999957   2.62930000000025   4.21037793074263e-16   10.3332999999981
0.611423943943944   3.8570999999991   2.62930000000054   4.48009898034108e-16   10.3332999999959
0.621447287287288   3.85709999999815   2.62930000000111   5.56620965791452e-16   10.3332999999916
0.631470630630631   3.85709999999621   2.62930000000226   9.16894262645688e-17   10.3332999999829
0.641493973973974   3.85709999999233   2.62930000000456   -2.14236291657785e-16   10.3332999999656
0.651517317317318   3.85709999998465   2.6293000000091   -3.91122505676306e-16   10.3332999999313
0.661540660660661   3.85709999996961   2.62930000001796   -7.0962579984357e-16   10.3332999998644
0.671564004004004   3.85709999994049   2.62930000003509   -6.19657770019527e-16   10.3332999997352
0.681587347347348   3.85709999988466   2.62930000006782   -1.91113712043831e-16   10.3332999994883
0.691610690690691   3.8570999997788   2.62930000012973   -1.54584909174464e-16   10.3332999990214
0.701634034034034   3.85709999958019   2.62930000024557   -1.74621051424021e-16   10.333299998148
0.711657377377378   3.8570999992116   2.62930000045997   3.22357108614836e-16   10.3332999965317
0.721680720720721   3.85709999853488   2.62930000085253   5.90497017364011e-16   10.3332999935728
0.731704064064064   3.85709999730585   2.62930000156357   9.14266692214252e-16   10.3332999882144
0.741727407407408   3.85709999509784   2.62930000283751   7.27362959202242e-16   10.3332999786158
0.751750750750751   3.857099991174   2.62930000509526   1.14841394887279e-15   10.3332999616076
0.761774094094094   3.85709998427668   2.62930000905312   1.52342389823356e-15   10.3332999317977
0.771797437437437   3.85709997228455   2.62930001591575   1.51221075688978e-15   10.3332998801189
0.781820780780781   3.85709995166161   2.62930002768518   1.26880352843933e-15   10.3332997915056
0.791844124124124   3.85709991658395   2.62930004764907   1.24433785322315e-15   10.3332996412229
0.801867467467467   3.8570998575738   2.62930008114167   1.41376758296279e-15   10.3332993891454
0.811890810810811   3.8570997593926   2.62930013671371   1.51643436766613e-15   10.3332989709657
0.821914154154154   3.85709959783586   2.62930022790588   1.45848799979645e-15   10.3332982848688
0.831937497497497   3.85709933492593   2.6293003758993   1.38002284059971e-15   10.3332971716209
0.841960840840841   3.85709891180541   2.62930061341984   1.35135248037992e-15   10.3332953852472
0.851984184184184   3.85709823838445   2.62930099040492   1.21492395053832e-15   10.3332925504816
0.862007527527527   3.85709717848426   2.62930158210531   9.73450149485594e-16   10.3332881019489
0.872030870870871   3.85709552884251   2.62930250049056   9.78457576196546e-16   10.3332811985669
0.882054214214214   3.85709298990917   2.62930391005226   1.25823673025743e-15   10.3332706049748
0.892077557557557   3.85708912587644   2.62930604934585   1.24238881928359e-15   10.3332545299468
0.902100900900901   3.85708331088385   2.62930925986287   1.11152596429092e-15   10.33323040988
0.912124244244244   3.85707465786471   2.62931402405503   1.08097632264381e-15   10.333194623739
0.922147587587587   3.85706192612214   2.62932101450306   1.068071809217e-15   10.3331421245682
0.932170930930931   3.85704340353512   2.62933115628704   1.35947625129713e-15   10.3330659722377
0.942194274274274   3.8570167594099   2.62934570451187   1.38616437561297e-15   10.33295675289
0.952217617617617   3.85697886454374   2.62936633860455   1.5687739998492e-15   10.3328018731327
0.96224096096096   3.85692557619192   2.6293952743612   2.06285835201833e-15   10.3325847218775
0.972264304304304   3.85685148745182   2.62943539372182   2.38716084807717e-15   10.3322837003055
0.982287647647647   3.8567496431883   2.62949039085305   2.83166544328866e-15   10.3318711310438
0.99231099099099   3.8566112280467   2.62956493132215   3.42560483503158e-15   10.3313120712664
1.00233433433433   3.85642523626092   2.62966481900121   3.92101967089099e-15   10.3305630707228
1.01235767767768   3.8561781376658   2.62979716296589   4.15758765942805e-15   10.3295709337645
1.02238102102102   3.8558535592276   2.62997053423575   4.10899409165005e-15   10.3282715628856
1.03240436436436   3.85543200603095   2.63019510000005   4.16973498277434e-15   10.3265889781656
1.04242770770771   3.85489064941096   2.63048272129075   4.33317332982554e-15   10.3244346199664
1.05245105105105   3.85420321213806   2.63084699922899   4.4898928783903e-15   10.3217070487741
1.06247439439439   3.85333998061869   2.63130325528037   4.13956168575205e-15   10.3182921538509
1.07249773773774   3.8522679714636   2.63186843262686   4.01474010651092e-15   10.3140639696054
1.08252108108108   3.8509512742295   2.63256090888147   3.97617849760437e-15   10.3088861745338
1.09254442442442   3.84935158372093   2.63340021484587   3.94110012955252e-15   10.3026143127727
1.10256776776777   3.84742892439108   2.63440665955938   3.63335655956483e-15   10.2950987347873
1.11259111111111   3.84514255692207   2.63560086805029   3.17471949287921e-15   10.2861882049395
1.12261445445445   3.84245204411721   2.63700324439223   3.05100517982125e-15   10.2757340741846
1.1326377977978   3.83931844108695   2.6386333782536   3.14504810084518e-15   10.2635948709751
1.14266114114114   3.83570556462842   2.64050941751385   3.09368950542812e-15   10.2496411274442
1.15268448448449   3.83158128975568   2.64264743225091   2.90387950591245e-15   10.233760235008
1.16270782782783   3.82691881823678   2.64506079622677   2.69990997658496e-15   10.2158611160243
1.17273117117117   3.82169786496705   2.64775961090358   2.62052816443713e-15   10.195878506558
1.18275451451452   3.81590571278962   2.650750194238   2.56871268704317e-15   10.1737766681546
1.19277785785786   3.809538094256   2.65403465244691   2.12447396637258e-15   10.1495523807132
1.2028012012012   3.80259986877143   2.65761054815606   1.71672525784706e-15   10.1232371098184
1.21282454454455   3.79510547440493   2.66147067341364   1.90151357154957e-15   10.0948982855169
1.22284788788789   3.78707914418916   2.66560293151109   1.97685829009815e-15   10.0646396709955
1.23287123123123   3.77855488598816   2.66999032782614   2.07036102599548e-15   10.0326008351818
1.24289457457458   3.76957623225059   2.6746110672599   2.22354204759097e-15   9.99895577039368
1.25291791791792   3.76019577082295   2.67943875437434   2.21453223092225e-15   9.96391071363124
1.26294126126126   3.75047447046535   2.6844426919684   1.87214900975393e-15   9.92770123816209
1.27296460460461   3.74048081513052   2.68958827432349   2.08954190166705e-15   9.8905886821902
1.28298794794795   3.73028976006219   2.69483747233345   2.48939165719873e-15   9.85285597613849
1.29301129129129   3.71998152118573   2.70014940874656   2.34802045361501e-15   9.81480292265539
1.30303463463464   3.70964020807801   2.705481022267   2.31417585985152e-15   9.77674097750598
1.31305797797798   3.69935231101825   2.71078781876071   2.59426282218314e-15   9.73898757867002
1.32308132132132   3.6892050551586   2.71602470580718   2.52442563457996e-15   9.70186007848291
1.33310466466467   3.67928464040838   2.72114690297913   2.34924334988996e-15   9.66566935189359
1.34312800800801   3.66967439452504   2.72611091437542   2.43556213421324e-15   9.6307131838541
1.35315135135135   3.66045287893552   2.73087554224128   3.14555034568027e-15   9.597269579561
1.3631746946947   3.65169200109522   2.73540291153945   3.34521972914027e-15   9.56559018944368
1.37319803803804   3.64345520210938   2.73965946606933   3.51268412102821e-15   9.53589409058624
1.38322138138138   3.63579580158664   2.74361688855459   3.90289282022348e-15   9.50836220950372
1.39324472472473   3.6287555904966   2.74725289168266   3.93228769023332e-15   9.48313269817941
1.40326806806807   3.62236376433314   2.75055182604851   4.37958801917358e-15   9.4602975762733
1.41329141141141   3.61663628082419   2.7535050556682   4.92562144656414e-15   9.43990091963671
1.42331475475476   3.61157570758655   2.75611106282338   5.54628105654861e-15   9.4219388050153
1.4333380980981   3.6071715959662   2.75837526111008   5.91399389344909e-15   9.40636111527247
1.44336144144144   3.60340138019487   2.76030951719159   6.27130669795593e-15   9.39307517746722
1.45338478478479   3.6002317600425   2.76193140538502   6.42203108377171e-15   9.38195106253102
1.46340812812813   3.59762048560256   2.76326324171025   6.90017289867763e-15   9.37282823876203
1.47343147147147   3.59551843016036   2.76433096223153   7.33682616486029e-15   9.36552316095514
1.48345481481482   3.59387181584703   2.7651629218579   7.57132504901004e-15   9.35983730841623
1.49347815815816   3.59262444977589   2.76578869278896   7.91579294188212e-15   9.35556516755741
1.50350150150151   3.5917198361034   2.76623793642505   8.3182355709508e-15   9.35250168918542
1.51352484484485   3.59110305016301   2.7665394100531   8.62251298944477e-15   9.3504488298295
1.52354818818819   3.59072229088276   2.76672015220104   9.14620042289481e-15   9.34922089711596
1.53357153153154   3.5905300625096   2.76680487092971   9.39153736499972e-15   9.3486485446253
1.54359487487488   3.59048397152188   2.76681554014983   9.67233411732733e-15   9.3485813851921
1.55361821821822   3.59054715550777   2.76677119246925   9.63547533787341e-15   9.34888929931094
1.56364156156157   3.59068838492486   2.76668788450398   9.32288610840277e-15   9.3494625977843
1.57366490490491   3.59088189464494   2.76657880262239   8.76705726021426e-15   9.35021125067282
1.58368824824825   3.59110700995331   2.76645447361597   8.17865332404889e-15   9.35106341832391
1.5937115915916   3.59134763215921   2.76632304515291   7.80401202979973e-15   9.35196351863134
1.60373493493494   3.59159164376356   2.7661906041243   7.70751589513244e-15   9.3528700437104
1.61375827827828   3.5918302840552   2.76606150609545   7.24881048336104e-15   9.35375330561262
1.62378162162163   3.59205753483701   2.76593869505616   6.89013871146449e-15   9.35459325096878
1.63380496496497   3.59226954421196   2.76582399872772   6.46300924163364e-15   9.35537744389809
1.64382830830831   3.59246410509145   2.7657183902496   6.10509217204834e-15   9.3560992791036
1.65385165165166   3.59264019501873   2.7656222117809   5.49716508601983e-15   9.35675645527275
1.663874994995   3.59279757535537   2.76553535924364   4.95254206366551e-15   9.35734971389581
1.67389833833834   3.59293644089856   2.76545743009623   4.43659541414453e-15   9.35788183055127
1.68392168168169   3.59305710543693   2.76538783774382   4.13787314485364e-15   9.35835683401164
1.69394502502503   3.59315970438355   2.76532589712111   4.28929236725776e-15   9.35877942219599
1.70396836836837   3.59324389223176   2.76527088629614   4.49413043009087e-15   9.35915454185684
1.71399171171172   3.59330851003787   2.76522208881585   4.87098131220608e-15   9.35948709975792
1.72401505505506   3.5933511964727   2.76517882110152   4.89858681746902e-15   9.35978177591712
1.7340383983984   3.59336791541677   2.76514044863233   5.09083230281532e-15   9.36004291337995
1.74406174174175   3.59335237401346   2.7651063940265   5.69621818348473e-15   9.36027446328439
1.75408508508509   3.59329530812386   2.7650761395106   6.06514332577589e-15   9.36047996820691
1.76410842842843   3.59318361793889   2.76504922570207   6.45318983200068e-15   9.36066257064457
1.77413177177178   3.59299934580046   2.76502524814117   6.66297717668978e-15   9.36082503682855
1.78415511511512   3.59271850163791   2.76500385260466   6.40395939215939e-15   9.36096978882257
1.79417845845846   3.59230975911929   2.76498472991368   6.2077584759735e-15   9.36109894004884
1.80420180180181   3.59173306745874   2.76496761070271   5.61711857915722e-15   9.36121433105697
1.81422514514515   3.59093824898565   2.76495226043652   5.26734056387254e-15   9.36131756358483
1.82424848848849   3.58986367948749   2.76493847483341   4.38221756073315e-15   9.3614100318358
1.83427183183184   3.58843517460943   2.76492607576607   3.47643227780979e-15   9.36149295049237
1.84429517517518   3.58656522812438   2.76491490765449   2.38941972936794e-15   9.36156737937182
1.85431851851853   3.58415276305209   2.76490483433162   1.538767117342e-15   9.36163424486255
1.86434186186187   3.5810835605992   2.76489573634319   3.3358304675672e-16   9.36169435840671
1.87436520520521   3.5772315212031   2.76488750863518   -8.41468031434811e-16   9.36174843235106
1.88438854854856   3.57246088392094   2.76488005858032   -2.01810835360077e-15   9.36179709349856
1.8944118918919   3.56662948375465   2.76487330429712   -3.20927895525476e-15   9.36184089467874
1.90443523523524   3.55959306189535   2.7648671732189   -4.14731495236385e-15   9.36188032462492
1.91445857857859   3.55121056420042   2.76486160087521   -5.00229941043643e-15   9.36191581641222
1.92448192192193   3.54135027371043   2.76485652985299   -5.23645045378547e-15   9.36194775467404
1.93450526526527   3.52989653100198   2.76485190890953   -5.41947546601499e-15   9.36197648178229
1.94452860860862   3.51675671054088   2.76484769221331   -5.48501802888426e-15   9.3620023031463
1.95455195195196   3.50186805152559   2.7648438386929   -5.00343215424618e-15   9.36202549176075
1.9645752952953   3.48520389718406   2.7648403114765   -4.88277759610614e-15   9.36204629211127
1.97459863863865   3.46677888473558   2.76483707740815   -4.12902415782905e-15   9.36206492352931
1.98462198198199   3.44665265420602   2.76483410662819   -3.34909888524975e-15   9.36208158307392
1.99464532532533   3.42493170938136   2.76483137220784   -2.86222745247019e-15   9.36209644800649
2.00466866866868   3.40176916573334   2.76482884982925   -2.50123206949604e-15   9.36210967791556
2.01469201201202   3.37736225139594   2.76482651750379   -2.00562438431493e-15   9.36212141654142
2.02471535535536   3.35194757787269   2.76482435532249   -1.39037288966811e-15   9.36213179334394
2.03473869869871   3.32579435416984   2.76482234523362   -9.10026550651857e-16   9.36214092485165
2.04476204204205   3.29919586729802   2.7648204708434   -5.09263716242813e-16   9.36214891582604
2.05478538538539   3.27245967970534   2.76481871723619   9.8040020991628e-17   9.36215586027012
2.06480872872874   3.2458970882344   2.76481707081171   5.85492505169044e-16   9.36216184230705
2.07483207207208   3.21981244091825   2.76481551913679   8.66501672482679e-16   9.36216693695057
2.08485541541542   3.19449291285494   2.76481405080983   9.66653140727619e-16   9.36217121078544
2.09487875875877   3.17019930071226   2.76481265533648   5.71343048328701e-16   9.36217472257271
2.10490210210211   3.14715831186934   2.76481132301497   2.16550568626426e-16   9.36217752379039
2.11492544544545   3.12555670747748   2.76481004482959   -1.1992665796577e-16   9.3621796591165
2.1249487887888   3.10553752033413   2.7648088123509   -4.57033061860229e-16   9.36218116685616
2.13497213213214   3.08719842140537   2.7648076176402   -7.10256510846951e-16   9.36218207930727
2.14499547547548   3.07059216611639   2.76480645315494   -9.1989678649606e-16   9.36218242304843
2.15501881881883   3.05572892483125   2.76480531164935   -1.28289542591097e-15   9.36218221911408
2.16504216216217   3.04258020049427   2.76480418605991   -1.51319662916035e-15   9.36218148298694
2.17506550550551   3.03108396625606   2.7648030693566   -1.6210988772786e-15   9.36218022427408
2.18508884884886   3.02115061961984   2.76480195432418   -1.92589257528481e-15   9.36217844581088
2.1951121921922   3.01266934639855   2.76480083320563   -1.99604547237262e-15   9.36217614170497
2.20513553553555   3.00551451383166   2.76479969707872   -1.85615257171672e-15   9.36217329338848
2.21515887887889   2.99955176164131   2.76479853471957   -1.78265382546899e-15   9.3621698618998
2.22518222222223   2.99464352533556   2.76479733048347   -2.11288458675967e-15   9.36216577299608
2.23520556556558   2.99065379993781   2.76479606030591   -2.22304845049071e-15   9.36216088860494
2.24522890890892   2.98745202703694   2.76479468411098   -2.07703618521028e-15   9.36215495221693
2.25525225225226   2.98491605689134   2.76479313135701   -2.30465179831859e-15   9.36214748454502
2.26527559559561   2.98293419452485   2.76479127347662   -2.09966353468637e-15   9.36213758425768
2.27529893893895   2.98140637929174   2.76478887129593   -1.99841467083837e-15   9.36212354752737
2.28532228228229   2.98024456609522   2.7647854746947   -2.20933005174004e-15   9.36210214178838
2.29534562562564   2.97937236623061   2.76478023111999   -2.46309725963643e-15   9.3620672196319
2.30536896896898   2.97872395430589   2.76477152017465   -2.73205059590875e-15   9.36200707366046
2.31539231231232   2.97824213097121   2.76475625635919   -3.32223058071263e-15   9.36189938935677
2.32541565565567   2.97787520232034   2.76472855871365   -4.17818972987126e-15   9.36170161613012
2.33543899899901   2.97757190424633   2.76467721271719   -4.87464095254466e-15   9.36133260014716
2.34546234234235   2.97727278698988   2.76458082839067   -5.69420224520208e-15   9.36063755711194
2.3554856856857   2.97689494342425   2.76439860422895   -6.18509571657666e-15   9.35932129815527
2.36550902902904   2.97630407242215   2.76405271091752   -6.52231441028817e-15   9.35682101851519
2.37553237237238   2.97526241000547   2.7633946963567   -7.16703921008497e-15   9.35206424140944
2.38555571571573   2.97333080809171   2.76214143572127   -7.77499458713424e-15   9.34300929279122
2.39557905905907   2.96968421120016   2.75975307805262   -8.07567598930671e-15   9.32577674669679
2.40560240240241   2.96276534590204   2.75520067944001   -8.4941480422609e-15   9.2930215887215
2.41562574574576   2.94964240932886   2.7465246302498   -8.60970260328453e-15   9.23093232990958
2.4256490890891   2.92484757190407   2.72999861523951   -8.44664825293656e-15   9.11387873109229
2.43567243243244   2.87838547828008   2.69855899894472   -8.56437751548521e-15   8.89550642290312
2.44569577577579   2.79270653423098   2.63890593512187   -8.45439839128067e-15   8.49616886410816
2.45571911911913   2.63946541361148   2.52638867100313   -7.96860303004323e-15   7.79295053816576
2.46574246246247   2.38081707847743   2.3171515414857   -7.03384478155096e-15   6.63922410094737
2.47576580580582   1.98929327338559   1.94226232997305   -5.452977072731e-15   4.97890697206108
2.48578914914916   1.50421975221495   1.33713705584007   -3.1680815037406e-15   3.09608545047797
2.4958124924925   1.08134509378541   0.605121831142948   -1.04270907488199e-15   1.68877889537513
2.50583583583585   0.866777235309724   0.142577561012092   -7.27721699039837e-17   1.13090965782787
2.51585917917919   0.810256235851868   0.0211496979312286   -1.73962447006327e-19   1.01824947024441
2.52588252252253   0.801348459094562   0.00277139441014003   -5.47371883437884e-23   1.00236447618094
2.53590586586588   0.800173334468318   0.000356214736281828   -1.3957501498556e-27   1.00030341116746
2.54592920920922   0.80002222152084   4.56666962160972e-05   -2.97804554004945e-33   1.00003888890532
2.55595255255257   0.800002847842835   5.85250449127028e-06   -5.42304933347289e-40   1.00000498374538
2.56597589589591   0.80000036495486   7.50006280003092e-07   -8.40576305000738e-48   1.00000063867134
2.57599923923925   0.800000046769148   9.61136843549632e-08   -1.10888448682008e-56   1.00000008184601
2.5860225825826   0.800000005993479   1.23169948401552e-08   -1.2196091597424e-66   1.00000001048859
2.59604592592594   0.800000000768065   1.57842370410362e-09   -1.01807234670934e-77   1.00000000134411
2.60606926926928   0.800000000098427   2.02274419546679e-10   -5.65119804591138e-90   1.00000000017225
2.61609261261263   0.800000000012613   2.59210588191282e-11   -1.63682582051339e-103   1.00000000002207
2.62611595595597   0.800000000001617   3.32142702033801e-12   -8.63799051505218e-119   1.00000000000283
2.63613929929931   0.800000000000207   4.25255852171065e-13   -3.20602647909402e-134   1.00000000000036
2.64616264264266   0.800000000000026   5.42023742630555e-14   -8.335540797885e-151   1.00000000000005
2.656185985986   0.800000000000003   6.77430822634249e-15   -1.22887301480608e-168   1.00000000000001
2.66620932932934   0.8   7.03516144200317e-16   -1.02996112301675e-188   1
2.67623267267269   0.8   5.53327114537309e-17   -6.97667804247285e-209   1
2.68625601601603   0.8   0   0   1
2.69627935935937   0.8   0   0   1
2.70630270270272   0.8   0   0   1
2.71632604604606   0.8   0   0   1
2.7263493893894   0.8   0   0   1
2.73637273273275   0.8   0   0   1
2.74639607607609   0.8   0   0   1
2.75641941941943   0.8   0   0   1
2.76644276276278   0.8   0   0   1
2.77646610610612   0.8   0   0   1
2.78648944944946   0.8   0   0   1
2.79651279279281   0.8   0   0   1
2.80653613613615   0.8   0   0   1
2.81655947947949   0.8   0   0   1
2.82658282282284   0.8   0   0   1
2.83660616616618   0.8   0   0   1
2.84662950950952   0.8   0   0   1
2.85665285285287   0.8   0   0   1
2.86667619619621   0.8   0   0   1
2.87669953953955   0.8   0   0   1
2.8867228828829   0.8   0   0   1
2.89674622622624   0.8   0   0   1
2.90676956956958   0.8   0   0   1
2.91679291291293   0.8   0   0   1
2.92681625625627   0.8   0   0   1
2.93683959959962   0.8   0   0   1
2.94686294294296   0.8   0   0   1
2.9568862862863   0.8   0   0   1
2.96690962962965   0.8   0   0   1
2.97693297297299   0.8   0   0   1
2.98695631631633   0.8   0   0   1
2.99697965965968   0.8   0   0   1
3.00700300300302   0.8   0   0   1
3.01702634634636   0.8   0   0   1
3.02704968968971   0.8   0   0   1
3.03707303303305   0.8   0   0   1
3.04709637637639   0.8   0   0   1
3.05711971971974   0.8   0   0   1
3.06714306306308   0.8   0   0   1
3.07716640640642   0.8   0   0   1
3.08718974974977   0.8   0   0   1
3.09721309309311   0.8   0   0   1
3.10723643643645   0.8   0   0   1
3.1172597797798   0.8   0   0   1
3.12728312312314   0.8   0   0   1
3.13730646646648   0.8   0   0   1
3.14732980980983   0.8   0   0   1
3.15735315315317   0.8   0   0   1
3.16737649649651   0.8   0   0   1
3.17739983983986   0.8   0   0   1
3.1874231831832   0.8   0   0   1
3.19744652652654   0.8   0   0   1
3.20746986986989   0.8   0   0   1
3.21749321321323   0.8   0   0   1
3.22751655655657   0.8   0   0   1
3.23753989989992   0.8   0   0   1
3.24756324324326   0.8   0   0   1
3.2575865865866   0.8   0   0   1
3.26760992992995   0.8   0   0   1
3.27763327327329   0.8   0   0   1
3.28765661661664   0.8   0   0   1
3.29767995995998   0.8   0   0   1
3.30770330330332   0.8   0   0   1
3.31772664664667   0.8   0   0   1
3.32774998999001   0.8   0   0   1
3.33777333333335   0.8   0   0   1
3.3477966766767   0.8   0   0   1
3.35782002002004   0.8   0   0   1
3.36784336336338   0.8   0   0   1
3.37786670670673   0.8   0   0   1
3.38789005005007   0.8   0   0   1
3.39791339339341   0.8   0   0   1
3.40793673673676   0.8   0   0   1
3.4179600800801   0.8   0   0   1
3.42798342342344   0.8   0   0   1
3.43800676676679   0.8   0   0   1
3.44803011011013   0.8   0   0   1
3.45805345345347   0.8   0   0   1
3.46807679679682   0.8   0   0   1
3.47810014014016   0.8   0   0   1
3.4881234834835   0.8   0   0   1
3.49814682682685   0.8   0   0   1
3.50817017017019   0.8   0   0   1
3.51819351351353   0.8   0   0   1
3.52821685685688   0.8   0   0   1
3.53824020020022   0.8   0   0   1
3.54826354354356   0.8   0   0   1
3.55828688688691   0.8   0   0   1
3.56831023023025   0.8   0   0   1
3.57833357357359   0.8   0   0   1
3.58835691691694   0.8   0   0   1
3.59838026026028   0.8   0   0   1
3.60840360360362   0.8   0   0   1
3.61842694694697   0.8   0   0   1
3.62845029029031   0.8   0   0   1
3.63847363363366   0.8   0   0   1
3.648496976977   0.8   0   0   1
3.65852032032034   0.8   0   0   1
3.66854366366369   0.8   0   0   1
3.67856700700703   0.8   0   0   1
3.68859035035037   0.8   0   0   1
3.69861369369372   0.8   0   0   1
3.70863703703706   0.8   0   0   1
3.7186603803804   0.8   0   0   1
3.72868372372375   0.8   0   0   1
3.73870706706709   0.8   0   0   1
3.74873041041043   0.8   0   0   1
3.75875375375378   0.8   0   0   1
3.76877709709712   0.8   0   0   1
3.77880044044046   0.8   0   0   1
3.78882378378381   0.8   0   0   1
3.79884712712715   0.8   0   0   1
3.80887047047049   0.8   0   0   1
3.81889381381384   0.8   0   0   1
3.82891715715718   0.8   0   0   1
3.83894050050052   0.8   0   0   1
3.84896384384387   0.8   0   0   1
3.85898718718721   0.8   0   0   1
3.86901053053055   0.8   0   0   1
3.8790338738739   0.8   0   0   1
3.88905721721724   0.8   0   0   1
3.89908056056058   0.8   0   0   1
3.90910390390393   0.8   0   0   1
3.91912724724727   0.8   0   0   1
3.92915059059061   0.8   0   0   1
3.93917393393396   0.8   0   0   1
3.9491972772773   0.8   0   0   1
3.95922062062064   0.8   0   0   1
3.96924396396399   0.8   0   0   1
3.97926730730733   0.8   0   0   1
3.98929065065068   0.8   0   0   1
3.99931399399402   0.8   0   0   1
4.00933733733736   0.8   0   0   1
4.01936068068071   0.8   0   0   1
4.02938402402405   0.8   0   0   1
4.03940736736739   0.8   0   0   1
4.04943071071074   0.8   0   0   1
4.05945405405408   0.8   0   0   1
4.06947739739742   0.8   0   0   1
4.07950074074077   0.8   0   0   1
4.08952408408411   0.8   0   0   1
4.09954742742745   0.8   0   0   1
4.1095707707708   0.8   0   0   1
4.11959411411414   0.8   0   0   1
4.12961745745748   0.8   0   0   1
4.13964080080083   0.8   0   0   1
4.14966414414417   0.8   0   0   1
4.15968748748751   0.8   0   0   1
4.16971083083086   0.8   0   0   1
4.1797341741742   0.8   0   0   1
4.18975751751754   0.8   0   0   1
4.19978086086089   0.8   0   0   1
4.20980420420423   0.8   0   0   1
4.21982754754757   0.8   0   0   1
4.22985089089092   0.8   0   0   1
4.23987423423426   0.8   0   0   1
4.2498975775776   0.8   0   0   1
4.25992092092095   0.8   0   0   1
4.26994426426429   0.8   0   0   1
4.27996760760763   0.8   0   0   1
4.28999095095098   0.8   0   0   1
4.30001429429432   0.8   0   0   1
4.31003763763766   0.8   0   0   1
4.32006098098101   0.8   0   0   1
4.33008432432435   0.8   0   0   1
4.3401076676677   0.8   0   0   1
4.35013101101104   0.8   0   0   1
4.36015435435438   0.8   0   0   1
4.37017769769773   0.8   0   0   1
4.38020104104107   0.8   0   0   1
4.39022438438441   0.8   0   0   1
4.40024772772776   0.8   0   0   1
4.4102710710711   0.8   0   0   1
4.42029441441444   0.8   0   0   1
4.43031775775779   0.8   0   0   1
4.44034110110113   0.8   0   0   1
4.45036444444447   0.8   0   0   1
4.46038778778782   0.8   0   0   1
4.47041113113116   0.8   0   0   1
4.4804344744745   0.8   0   0   1
4.49045781781785   0.8   0   0   1
4.50048116116119   0.8   0   0   1
4.51050450450453   0.8   0   0   1
4.52052784784788   0.8   0   0   1
4.53055119119122   0.8   0   0   1
4.54057453453456   0.8   0   0   1
4.55059787787791   0.8   0   0   1
4.56062122122125   0.8   0   0   1
4.57064456456459   0.8   0   0   1
4.58066790790794   0.8   0   0   1
4.59069125125128   0.8   0   0   1
4.60071459459462   0.8   0   0   1
4.61073793793797   0.8   0   0   1
4.62076128128131   0.8   0   0   1
4.63078462462465   0.8   0   0   1
4.640807967968   0.8   0   0   1
4.65083131131134   0.8   0   0   1
4.66085465465468   0.8   0   0   1
4.67087799799803   0.8   0   0   1
4.68090134134137   0.8   0   0   1
4.69092468468472   0.8   0   0   1
4.70094802802806   0.8   0   0   1
4.7109713713714   0.8   0   0   1
4.72099471471475   0.8   0   0   1
4.73101805805809   0.8   0   0   1
4.74104140140143   0.8   0   0   1
4.75106474474478   0.8   0   0   1
4.76108808808812   0.8   0   0   1
4.77111143143146   0.8   0   0   1
4.78113477477481   0.8   0   0   1
4.79115811811815   0.8   0   0   1
4.80118146146149   0.8   0   0   1
4.81120480480484   0.8   0   0   1
4.82122814814818   0.8   0   0   1
4.83125149149152   0.8   0   0   1
4.84127483483487   0.8   0   0   1
4.85129817817821   0.8   0   0   1
4.86132152152155   0.8   0   0   1
4.8713448648649   0.8   0   0   1
4.88136820820824   0.8   0   0   1
4.89139155155158   0.8   0   0   1
4.90141489489493   0.8   0   0   1
4.91143823823827   0.8   0   0   1
4.92146158158161   0.8   0   0   1
4.93148492492496   0.8   0   0   1
4.9415082682683   0.8   0   0   1
4.95153161161164   0.8   0   0   1
4.96155495495499   0.8   0   0   1
4.97157829829833   0.8   0   0   1
4.98160164164167   0.8   0   0   1
4.99162498498502   0.8   0   0   1
5.00164832832836   0.8   0   0   1
5.0116716716717   0.8   0   0   1
5.02169501501505   0.8   0   0   1
5.03171835835839   0.8   0   0   1
5.04174170170173   0.8   0   0   1
5.05176504504508   0.8   0   0   1
5.06178838838842   0.8   0   0   1
5.07181173173177   0.8   0   0   1
5.08183507507511   0.8   0   0   1
5.09185841841845   0.8   0   0   1
5.1018817617618   0.8   0   0   1
5.11190510510514   0.8   0   0   1
5.12192844844848   0.8   0   0   1
5.13195179179183   0.8   0   0   1
5.14197513513517   0.8   0   0   1
5.15199847847851   0.8   0   0   1
5.16202182182186   0.8   0   0   1
5.1720451651652   0.8   0   0   1
5.18206850850854   0.8   0   0   1
5.19209185185189   0.8   0   0   1
5.20211519519523   0.8   0   0   1
5.21213853853857   0.8   0   0   1
5.22216188188192   0.8   0   0   1
5.23218522522526   0.8   0   0   1
5.2422085685686   0.8   0   0   1
5.25223191191195   0.8   0   0   1
5.26225525525529   0.8   0   0   1
5.27227859859863   0.8   0   0   1
5.28230194194198   0.8   0   0   1
5.29232528528532   0.8   0   0   1
5.30234862862866   0.8   0   0   1
5.31237197197201   0.8   0   0   1
5.32239531531535   0.8   0   0   1
5.33241865865869   0.8   0   0   1
5.34244200200204   0.8   0   0   1
5.35246534534538   0.8   0   0   1
5.36248868868872   0.8   0   0   1
5.37251203203207   0.8   0   0   1
5.38253537537541   0.8   0   0   1
5.39255871871875   0.8   0   0   1
5.4025820620621   0.8   0   0   1
5.41260540540544   0.8   0   0   1
5.42262874874879   0.8   0   0   1
5.43265209209213   0.8   0   0   1
5.44267543543547   0.8   0   0   1
5.45269877877882   0.8   0   0   1
5.46272212212216   0.8   0   0   1
5.4727454654655   0.8   0   0   1
5.48276880880885   0.8   0   0   1
5.49279215215219   0.8   0   0   1
5.50281549549553   0.8   0   0   1
5.51283883883888   0.8   0   0   1
5.52286218218222   0.8   0   0   1
5.53288552552556   0.8   0   0   1
5.54290886886891   0.8   0   0   1
5.55293221221225   0.8   0   0   1
5.56295555555559   0.8   0   0   1
5.57297889889894   0.8   0   0   1
5.58300224224228   0.8   0   0   1
5.59302558558562   0.8   0   0   1
5.60304892892897   0.8   0   0   1
5.61307227227231   0.8   0   0   1
5.62309561561565   0.8   0   0   1
5.633118958959   0.8   0   0   1
5.64314230230234   0.8   0   0   1
5.65316564564568   0.8   0   0   1
5.66318898898903   0.8   0   0   1
5.67321233233237   0.8   0   0   1
5.68323567567571   0.8   0   0   1
5.69325901901906   0.8   0   0   1
5.7032823623624   0.8   0   0   1
5.71330570570574   0.8   0   0   1
5.72332904904909   0.8   0   0   1
5.73335239239243   0.8   0   0   1
5.74337573573577   0.8   0   0   1
5.75339907907912   0.8   0   0   1
5.76342242242246   0.8   0   0   1
5.77344576576581   0.8   0   0   1
5.78346910910915   0.8   0   0   1
5.79349245245249   0.8   0   0   1
5.80351579579584   0.8   0   0   1
5.81353913913918   0.8   0   0   1
5.82356248248252   0.8   0   0   1
5.83358582582587   0.8   0   0   1
5.84360916916921   0.8   0   0   1
5.85363251251255   0.8   0   0   1
5.8636558558559   0.8   0   0   1
5.87367919919924   0.8   0   0   1
5.88370254254258   0.8   0   0   1
5.89372588588593   0.8   0   0   1
5.90374922922927   0.8   0   0   1
5.91377257257261   0.8   0   0   1
5.92379591591596   0.8   0   0   1
5.9338192592593   0.8   0   0   1
5.94384260260264   0.8   0   0   1
5.95386594594599   0.8   0   0   1
5.96388928928933   0.8   0   0   1
5.97391263263267   0.8   0   0   1
5.98393597597602   0.8   0   0   1
5.99395931931936   0.8   0   0   1
6.0039826626627   0.8   0   0   1
6.01400600600605   0.8   0   0   1
6.02402934934939   0.8   0   0   1
6.03405269269273   0.8   0   0   1
6.04407603603608   0.8   0   0   1
6.05409937937942   0.8   0   0   1
6.06412272272276   0.8   0   0   1
6.07414606606611   0.8   0   0   1
6.08416940940945   0.8   0   0   1
6.09419275275279   0.8   0   0   1
6.10421609609614   0.8   0   0   1
6.11423943943948   0.8   0   0   1
6.12426278278283   0.8   0   0   1
6.13428612612617   0.8   0   0   1
6.14430946946951   0.8   0   0   1
6.15433281281286   0.8   0   0   1
6.1643561561562   0.8   0   0   1
6.17437949949954   0.8   0   0   1
6.18440284284289   0.8   0   0   1
6.19442618618623   0.8   0   0   1
6.20444952952957   0.8   0   0   1
6.21447287287292   0.8   0   0   1
6.22449621621626   0.8   0   0   1
6.2345195595596   0.8   0   0   1
6.24454290290295   0.8   0   0   1
6.25456624624629   0.8   0   0   1
6.26458958958963   0.8   0   0   1
6.27461293293298   0.8   0   0   1
6.28463627627632   0.8   0   0   1
6.29465961961966   0.8   0   0   1
6.30468296296301   0.8   0   0   1
6.31470630630635   0.8   0   0   1
6.32472964964969   0.8   0   0   1
6.33475299299304   0.8   0   0   1
6.34477633633638   0.8   0   0   1
6.35479967967972   0.8   0   0   1
6.36482302302307   0.8   0   0   1
6.37484636636641   0.8   0   0   1
6.38486970970975   0.8   0   0   1
6.3948930530531   0.8   0   0   1
6.40491639639644   0.8   0   0   1
6.41493973973978   0.8   0   0   1
6.42496308308313   0.8   0   0   1
6.43498642642647   0.8   0   0   1
6.44500976976981   0.8   0   0   1
6.45503311311316   0.8   0   0   1
6.4650564564565   0.8   0   0   1
6.47507979979985   0.8   0   0   1
6.48510314314319   0.8   0   0   1
6.49512648648653   0.8   0   0   1
6.50514982982988   0.8   0   0   1
6.51517317317322   0.8   0   0   1
6.52519651651656   0.8   0   0   1
6.53521985985991   0.8   0   0   1
6.54524320320325   0.8   0   0   1
6.55526654654659   0.8   0   0   1
6.56528988988994   0.8   0   0   1
6.57531323323328   0.8   0   0   1
6.58533657657662   0.8   0   0   1
6.59535991991997   0.8   0   0   1
6.60538326326331   0.8   0   0   1
6.61540660660665   0.8   0   0   1
6.62542994995   0.8   0   0   1
6.63545329329334   0.8   0   0   1
6.64547663663668   0.8   0   0   1
6.65549997998003   0.8   0   0   1
6.66552332332337   0.8   0   0   1
6.67554666666671   0.8   0   0   1
6.68557001001006   0.8   0   0   1
6.6955933533534   0.8   0   0   1
6.70561669669674   0.8   0   0   1
6.71564004004009   0.8   0   0   1
6.72566338338343   0.8   0   0   1
6.73568672672677   0.8   0   0   1
6.74571007007012   0.8   0   0   1
6.75573341341346   0.8   0   0   1
6.7657567567568   0.8   0   0   1
6.77578010010015   0.8   0   0   1
6.78580344344349   0.8   0   0   1
6.79582678678683   0.8   0   0   1
6.80585013013018   0.8   0   0   1
6.81587347347352   0.8   0   0   1
6.82589681681686   0.8   0   0   1
6.83592016016021   0.8   0   0   1
6.84594350350355   0.8   0   0   1
6.8559668468469   0.8   0   0   1
6.86599019019024   0.8   0   0   1
6.87601353353358   0.8   0   0   1
6.88603687687693   0.8   0   0   1
6.89606022022027   0.8   0   0   1
6.90608356356361   0.8   0   0   1
6.91610690690696   0.8   0   0   1
6.9261302502503   0.8   0   0   1
6.93615359359364   0.8   0   0   1
6.94617693693699   0.8   0   0   1
6.95620028028033   0.8   0   0   1
6.96622362362367   0.8   0   0   1
6.97624696696702   0.8   0   0   1
6.98627031031036   0.8   0   0   1
6.9962936536537   0.8   0   0   1
7.00631699699705   0.8   0   0   1
7.01634034034039   0.8   0   0   1
7.02636368368373   0.8   0   0   1
7.03638702702708   0.8   0   0   1
7.04641037037042   0.8   0   0   1
7.05643371371376   0.8   0   0   1
7.06645705705711   0.8   0   0   1
7.07648040040045   0.8   0   0   1
7.08650374374379   0.8   0   0   1
7.09652708708714   0.8   0   0   1
7.10655043043048   0.8   0   0   1
7.11657377377382   0.8   0   0   1
7.12659711711717   0.8   0   0   1
7.13662046046051   0.8   0   0   1
7.14664380380385   0.8   0   0   1
7.1566671471472   0.8   0   0   1
7.16669049049054   0.8   0   0   1
7.17671383383388   0.8   0   0   1
7.18673717717723   0.8   0   0   1
7.19676052052057   0.8   0   0   1
7.20678386386392   0.8   0   0   1
7.21680720720726   0.8   0   0   1
7.2268305505506   0.8   0   0   1
7.23685389389395   0.8   0   0   1
7.24687723723729   0.8   0   0   1
7.25690058058063   0.8   0   0   1
7.26692392392398   0.8   0   0   1
7.27694726726732   0.8   0   0   1
7.28697061061066   0.8   0   0   1
7.29699395395401   0.8   0   0   1
7.30701729729735   0.8   0   0   1
7.31704064064069   0.8   0   0   1
7.32706398398404   0.8   0   0   1
7.33708732732738   0.8   0   0   1
7.34711067067072   0.8   0   0   1
7.35713401401407   0.8   0   0   1
7.36715735735741   0.8   0   0   1
7.37718070070075   0.8   0   0   1
7.3872040440441   0.8   0   0   1
7.39722738738744   0.8   0   0   1
7.40725073073078   0.8   0   0   1
7.41727407407413   0.8   0   0   1
7.42729741741747   0.8   0   0   1
7.43732076076081   0.8   0   0   1
7.44734410410416   0.8   0   0   1
7.4573674474475   0.8   0   0   1
7.46739079079084   0.8   0   0   1
7.47741413413419   0.8   0   0   1
7.48743747747753   0.8   0   0   1
7.49746082082087   0.8   0   0   1
7.50748416416422   0.8   0   0   1
7.51750750750756   0.8   0   0   1
7.5275308508509   0.8   0   0   1
7.53755419419425   0.8   0   0   1
7.54757753753759   0.8   0   0   1
7.55760088088094   0.8   0   0   1
7.56762422422428   0.8   0   0   1
7.57764756756762   0.8   0   0   1
7.58767091091097   0.8   0   0   1
7.59769425425431   0.8   0   0   1
7.60771759759765   0.8   0   0   1
7.617740940941   0.8   0   0   1
7.62776428428434   0.8   0   0   1
7.63778762762768   0.8   0   0   1
7.64781097097103   0.8   0   0   1
7.65783431431437   0.8   0   0   1
7.66785765765771   0.8   0   0   1
7.67788100100106   0.8   0   0   1
7.6879043443444   0.8   0   0   1
7.69792768768774   0.8   0   0   1
7.70795103103109   0.8   0   0   1
7.71797437437443   0.8   0   0   1
7.72799771771777   0.8   0   0   1
7.73802106106112   0.8   0   0   1
7.74804440440446   0.8   0   0   1
7.7580677477478   0.8   0   0   1
7.76809109109115   0.8   0   0   1
7.77811443443449   0.8   0   0   1
7.78813777777783   0.8   0   0   1
7.79816112112118   0.8   0   0   1
7.80818446446452   0.8   0   0   1
7.81820780780786   0.8   0   0   1
7.82823115115121   0.8   0   0   1
7.83825449449455   0.8   0   0   1
7.84827783783789   0.8   0   0   1
7.85830118118124   0.8   0   0   1
7.86832452452458   0.8   0   0   1
7.87834786786792   0.8   0   0   1
7.88837121121127   0.8   0   0   1
7.89839455455461   0.8   0   0   1
7.90841789789796   0.8   0   0   1
7.9184412412413   0.8   0   0   1
7.92846458458464   0.8   0   0   1
7.93848792792799   0.8   0   0   1
7.94851127127133   0.8   0   0   1
7.95853461461467   0.8   0   0   1
7.96855795795802   0.8   0   0   1
7.97858130130136   0.8   0   0   1
7.9886046446447   0.8   0   0   1
7.99862798798805   0.8   0   0   1
8.00865133133139   0.8   0   0   1
8.01867467467473   0.8   0   0   1
8.02869801801808   0.8   0   0   1
8.03872136136142   0.8   0   0   1
8.04874470470476   0.8   0   0   1
8.05876804804811   0.8   0   0   1
8.06879139139145   0.8   0   0   1
8.07881473473479   0.8   0   0   1
8.08883807807814   0.8   0   0   1
8.09886142142148   0.8   0   0   1
8.10888476476482   0.8   0   0   1
8.11890810810817   0.8   0   0   1
8.12893145145151   0.8   0   0   1
8.13895479479485   0.8   0   0   1
8.1489781381382   0.8   0   0   1
8.15900148148154   0.8   0   0   1
8.16902482482488   0.8   0   0   1
8.17904816816823   0.8   0   0   1
8.18907151151157   0.8   0   0   1
8.19909485485491   0.8   0   0   1
8.20911819819826   0.8   0   0   1
8.2191415415416   0.8   0   0   1
8.22916488488494   0.8   0   0   1
8.23918822822829   0.8   0   0   1
8.24921157157163   0.8   0   0   1
8.25923491491498   0.8   0   0   1
8.26925825825832   0.8   0   0   1
8.27928160160166   0.8   0   0   1
8.28930494494501   0.8   0   0   1
8.29932828828835   0.8   0   0   1
8.30935163163169   0.8   0   0   1
8.31937497497504   0.8   0   0   1
8.32939831831838   0.8   0   0   1
8.33942166166172   0.8   0   0   1
8.34944500500507   0.8   0   0   1
8.35946834834841   0.8   0   0   1
8.36949169169175   0.8   0   0   1
8.3795150350351   0.8   0   0   1
8.38953837837844   0.8   0   0   1
8.39956172172178   0.8   0   0   1
8.40958506506513   0.8   0   0   1
8.41960840840847   0.8   0   0   1
8.42963175175181   0.8   0   0   1
8.43965509509516   0.8   0   0   1
8.4496784384385   0.8   0   0   1
8.45970178178184   0.8   0   0   1
8.46972512512519   0.8   0   0   1
8.47974846846853   0.8   0   0   1
8.48977181181187   0.8   0   0   1
8.49979515515522   0.8   0   0   1
8.50981849849856   0.8   0   0   1
8.5198418418419   0.8   0   0   1
8.52986518518525   0.8   0   0   1
8.53988852852859   0.8   0   0   1
8.54991187187193   0.8   0   0   1
8.55993521521528   0.8   0   0   1
8.56995855855862   0.8   0   0   1
8.57998190190196   0.8   0   0   1
8.59000524524531   0.8   0   0   1
8.60002858858865   0.8   0   0   1
8.610051931932   0.8   0   0   1
8.62007527527534   0.8   0   0   1
8.63009861861868   0.8   0   0   1
8.64012196196203   0.8   0   0   1
8.65014530530537   0.8   0   0   1
8.66016864864871   0.8   0   0   1
8.67019199199206   0.8   0   0   1
8.6802153353354   0.8   0   0   1
8.69023867867874   0.8   0   0   1
8.70026202202209   0.8   0   0   1
8.71028536536543   0.8   0   0   1
8.72030870870877   0.8   0   0   1
8.73033205205212   0.8   0   0   1
8.74035539539546   0.8   0   0   1
8.7503787387388   0.8   0   0   1
8.76040208208215   0.8   0   0   1
8.77042542542549   0.8   0   0   1
8.78044876876883   0.8   0   0   1
8.79047211211218   0.8   0   0   1
8.80049545545552   0.8   0   0   1
8.81051879879886   0.8   0   0   1
8.82054214214221   0.8   0   0   1
8.83056548548555   0.8   0   0   1
8.84058882882889   0.8   0   0   1
8.85061217217224   0.8   0   0   1
8.86063551551558   0.8   0   0   1
8.87065885885892   0.8   0   0   1
8.88068220220227   0.8   0   0   1
8.89070554554561   0.8   0   0   1
8.90072888888895   0.8   0   0   1
8.9107522322323   0.8   0   0   1
8.92077557557564   0.8   0   0   1
8.93079891891898   0.8   0   0   1
8.94082226226233   0.8   0   0   1
8.95084560560567   0.8   0   0   1
8.96086894894901   0.8   0   0   1
8.97089229229236   0.8   0   0   1
8.9809156356357   0.8   0   0   1
8.99093897897905   0.8   0   0   1
9.00096232232239   0.8   0   0   1
9.01098566566573   0.8   0   0   1
9.02100900900908   0.8   0   0   1
9.03103235235242   0.8   0   0   1
9.04105569569576   0.8   0   0   1
9.05107903903911   0.8   0   0   1
9.06110238238245   0.8   0   0   1
9.07112572572579   0.8   0   0   1
9.08114906906914   0.8   0   0   1
9.09117241241248   0.8   0   0   1
9.10119575575582   0.8   0   0   1
9.11121909909917   0.8   0   0   1
9.12124244244251   0.8   0   0   1
9.13126578578585   0.8   0   0   1
9.1412891291292   0.8   0   0   1
9.15131247247254   0.8   0   0   1
9.16133581581588   0.8   0   0   1
9.17135915915923   0.8   0   0   1
9.18138250250257   0.8   0   0   1
9.19140584584591   0.8   0   0   1
9.20142918918926   0.8   0   0   1
9.2114525325326   0.8   0   0   1
9.22147587587594   0.8   0   0   1
9.23149921921929   0.8   0   0   1
9.24152256256263   0.8   0   0   1
9.25154590590597   0.8   0   0   1
9.26156924924932   0.8   0   0   1
9.27159259259266   0.8   0   0   1
9.281615935936   0.8   0   0   1
9.29163927927935   0.8   0   0   1
9.30166262262269   0.8   0   0   1
9.31168596596603   0.8   0   0   1
9.32170930930938   0.8   0   0   1
9.33173265265272   0.8   0   0   1
9.34175599599607   0.8   0   0   1
9.35177933933941   0.8   0   0   1
9.36180268268275   0.8   0   0   1
9.3718260260261   0.8   0   0   1
9.38184936936944   0.8   0   0   1
9.39187271271278   0.8   0   0   1
9.40189605605613   0.8   0   0   1
9.41191939939947   0.8   0   0   1
9.42194274274281   0.8   0   0   1
9.43196608608616   0.8   0   0   1
9.4419894294295   0.8   0   0   1
9.45201277277284   0.8   0   0   1
9.46203611611619   0.8   0   0   1
9.47205945945953   0.8   0   0   1
9.48208280280287   0.8   0   0   1
9.49210614614622   0.8   0   0   1
9.50212948948956   0.8   0   0   1
9.5121528328329   0.8   0   0   1
9.52217617617625   0.8   0   0   1
9.53219951951959   0.8   0   0   1
9.54222286286293   0.8   0   0   1
9.55224620620628   0.8   0   0   1
9.56226954954962   0.8   0   0   1
9.57229289289296   0.8   0   0   1
9.58231623623631   0.8   0   0   1
9.59233957957965   0.8   0   0   1
9.60236292292299   0.8   0   0   1
9.61238626626634   0.8   0   0   1
9.62240960960968   0.8   0   0   1
9.63243295295302   0.8   0   0   1
9.64245629629637   0.8   0   0   1
9.65247963963971   0.8   0   0   1
9.66250298298305   0.8   0   0   1
9.6725263263264   0.8   0   0   1
9.68254966966974   0.8   0   0   1
9.69257301301309   0.8   0   0   1
9.70259635635643   0.8   0   0   1
9.71261969969977   0.8   0   0   1
9.72264304304312   0.8   0   0   1
9.73266638638646   0.8   0   0   1
9.7426897297298   0.8   0   0   1
9.75271307307315   0.8   0   0   1
9.76273641641649   0.8   0   0   1
9.77275975975983   0.8   0   0   1
9.78278310310318   0.8   0   0   1
9.79280644644652   0.8   0   0   1
9.80282978978986   0.8   0   0   1
9.81285313313321   0.8   0   0   1
9.82287647647655   0.8   0   0   1
9.83289981981989   0.8   0   0   1
9.84292316316324   0.8   0   0   1
9.85294650650658   0.8   0   0   1
9.86296984984992   0.8   0   0   1
9.87299319319327   0.8   0   0   1
9.88301653653661   0.8   0   0   1
9.89303987987995   0.8   0   0   1
9.9030632232233   0.8   0   0   1
9.91308656656664   0.8   0   0   1
9.92310990990998   0.8   0   0   1
9.93313325325333   0.8   0   0   1
9.94315659659667   0.8   0   0   1
9.95317993994001   0.8   0   0   1
9.96320328328336   0.8   0   0   1
9.9732266266267   0.8   0   0   1
9.98324996997004   0.8   0   0   1
9.99327331331339   0.8   0   0   1
10.0032966566567   0.8   0   0   1
10.0133200000001   0.8   0   0   1
