variables = x,rho,u,v,p
0   3.8571   2.6293   0   10.3333
0.0100233433433433   3.8571   2.6293   0   10.3333
0.0200466866866867   3.8571   2.6293   0   10.3333
0.03007003003003   3.8571   2.6293   0   10.3333
0.0400933733733734   3.8571   2.6293   0   10.3333
0.0501167167167167   3.8571   2.6293   0   10.3333
0.0601400600600601   3.8571   2.6293   0   10.3333
0.0701634034034034   3.8571   2.6293   0   10.3333
0.0801867467467468   3.8571   2.6293   0   10.3333
0.0902100900900901   3.8571   2.6293   0   10.3333
0.100233433433433   3.8571   2.6293   0   10.3333
0.110256776776777   3.8571   2.6293   0   10.3333
0.12028012012012   3.8571   2.6293   0   10.3333
0.130303463463463   3.8571   2.6293   0   10.3333
0.140326806806807   3.8571   2.6293   0   10.3333
0.15035015015015   3.8571   2.6293   0   10.3333
0.160373493493494   3.8571   2.6293   0   10.3333
0.170396836836837   3.8571   2.6293   0   10.3333
0.18042018018018   3.8571   2.6293   0   10.3333
0.190443523523524   3.8571   2.6293   0   10.3333
0.200466866866867   3.8571   2.6293   0   10.3333
0.21049021021021   3.8571   2.6293   0   10.3333
0.220513553553554   3.8571   2.6293   0   10.3333
0.230536896896897   3.8571   2.6293   0   10.3333
0.24056024024024   3.8571   2.6293   0   10.3333
0.250583583583584   3.8571   2.6293   0   10.3333
0.260606926926927   3.8571   2.6293   0   10.3333
0.27063027027027   3.8571   2.6293   0   10.3333
0.280653613613614   3.8571   2.6293   0   10.3333
0.290676956956957   3.8571   2.6293   0   10.3333
0.3007003003003   3.8571   2.6293   0   10.3333
0.310723643643644   3.8571   2.6293   0   10.3333
0.320746986986987   3.8571   2.6293   0   10.3333
0.330770330330331   3.8571   2.6293   0   10.3333
0.340793673673674   3.8571   2.6293   0   10.3333
0.350817017017017   3.8571   2.6293   0   10.3333
0.360840360360361   3.8571   2.6293   0   10.3333
0.370863703703704   3.8571   2.6293   0   10.3333
0.380887047047047   3.8571   2.6293   0   10.3333
0.390910390390391   3.8571   2.6293   0   10.3333
0.400933733733734   3.8571   2.6293   0   10.3333
0.410957077077078   3.8571   2.6293   0   10.3333
0.420980420420421   3.8571   2.6293   0   10.3333
0.431003763763764   3.8571   2.6293   0   10.3333
0.441027107107108   3.8571   2.6293   0   10.3333
0.451050450450451   3.8571   2.6293   0   10.3333
0.461073793793794   3.8571   2.6293   0   10.3333
0.471097137137138   3.8571   2.6293   0   10.3333
0.481120480480481   3.8571   2.6293   0   10.3333
0.491143823823825   3.8571   2.6293   0   10.3333
0.501167167167168   3.8571   2.6293   0   10.3333
0.511190510510511   3.8571   2.6293   0   10.3333
0.521213853853855   3.8571   2.6293   0   10.3333
0.531237197197198   3.8571   2.6293   0   10.3333
0.541260540540541   3.8571   2.6293   1.95156930340175e-18   10.3333
0.551283883883884   3.85709999999998   2.62930000000001   1.36506810681738e-16   10.3332999999999
0.561307227227228   3.85709999999994   2.62930000000003   8.35873712561736e-17   10.3332999999998
0.571330570570571   3.85709999999988   2.62930000000007   -2.52852911546421e-16   10.3332999999995
0.581353913913914   3.85709999999975   2.62930000000015   -8.74876326594457e-16   10.3332999999989
0.591377257257258   3.8570999999995   2.6293000000003   -7.25945706346439e-16   10.3332999999978
0.601400600600601   3.85709999999902   2.62930000000057   -7.4673355401238e-16   10.3332999999957
0.611423943943944   3.85709999999813   2.62930000000109   -7.20262513377837e-16   10.3332999999918
0.621447287287288   3.85709999999648   2.62930000000205   -6.57641418755988e-16   10.3332999999845
0.631470630630631   3.85709999999343   2.62930000000383   -8.66928289761433e-16   10.3332999999711
0.641493973973974   3.85709999998785   2.62930000000707   -1.39886774647857e-15   10.3332999999467
0.651517317317318   3.8570999999777   2.62930000001294   -1.75605557677693e-15   10.3332999999025
0.661540660660661   3.85709999995945   2.62930000002348   -1.84597402557854e-15   10.333299999823
0.671564004004004   3.85709999992685   2.62930000004227   -1.75601750728592e-15   10.3332999996815
0.681587347347348   3.85709999986915   2.62930000007545   -1.78808037099521e-15   10.3332999994316
0.691610690690691   3.85709999976787   2.62930000013357   -1.72905632767227e-15   10.3332999989938
0.701634034034034   3.85709999959157   2.62930000023452   -1.80299293494877e-15   10.3332999982335
0.711657377377378   3.85709999928732   2.62930000040838   -1.68874525355273e-15   10.3332999969243
0.721680720720721   3.85709999876666   2.62930000070528   -1.48155338956631e-15   10.3332999946891
0.731704064064064   3.85709999788324   2.62930000120796   -1.52642499851695e-15   10.3332999909051
0.741727407407408   3.85709999639704   2.62930000205184   -1.45731251760679e-15   10.3332999845535
0.751750750750751   3.85709999391804   2.62930000345645   -1.31244205954347e-15   10.3332999739829
0.761774094094094   3.85709998981823   2.62930000577448   -1.33160453477241e-15   10.3332999565408
0.771797437437437   3.85709998309579   2.62930000956726   -1.07559078127718e-15   10.3332999280058
0.781820780780781   3.85709997216723   2.62930001572   -6.68366465628603e-16   10.3332998817222
0.791844124124124   3.8570999545529   2.62930002561566   -2.69212218664391e-16   10.333299807293
0.801867467467467   3.85709992640598   2.62930004139477   2.6093600226155e-16   10.3332996886287
0.811890810810811   3.85709988181452   2.62930006633932   1.86601164731515e-16   10.3332995010631
0.821914154154154   3.85709981177822   2.6293001054341   2.82478055304999e-16   10.3332992071384
0.831937497497497   3.85709970272465   2.62930016617857   4.57549514035324e-16   10.333298750509
0.841960840840841   3.85709953438102   2.62930025974808   8.90803680331989e-16   10.3332980472239
0.851984184184184   3.85709927675583   2.62930040263627   1.28773388151817e-15   10.3332969733988
0.862007527527527   3.85709888590627   2.6293006189518   1.06638742833253e-15   10.333295347981
0.872030870870871   3.85709829807122   2.62930094359272   1.08437986905945e-15   10.33329290893
0.882054214214214   3.85709742163404   2.62930142658261   1.24419195470182e-15   10.33328928069
0.892077557557557   3.85709612624404   2.62930213892212   1.40936728186077e-15   10.3332839302998
0.902100900900901   3.85709422827241   2.6293031803886   1.57600650252493e-15   10.3332761089047
0.912124244244244   3.85709147161133   2.62930468980109   1.61766652817435e-15   10.333264774795
0.922147587587587   3.85708750265229   2.62930685835448   1.55095904048365e-15   10.3332484934556
0.932170930930931   3.85708183811266   2.62930994670853   1.54958089086028e-15   10.3332253094976
0.942194274274274   3.85707382423598   2.629314306585   1.74808675921998e-15   10.333192584845
0.952217617617617   3.85706258579354   2.62932040766797   1.80717453586317e-15   10.3331467972397
0.96224096096096   3.85704696329062   2.62932887060349   1.84696974271155e-15   10.3330832931321
0.972264304304304   3.85702543686367   2.62934050683826   1.36996326825304e-15   10.3329959894579
0.982287647647647   3.85699603558026   2.62935636590484   1.08234716972052e-15   10.3328770198089
0.99231099099099   3.85695623125892   2.62937779053467   1.10408190096469e-15   10.3327163222218
1.00233433433433   3.85690281654363   2.62940647964517   1.07923288754807e-15   10.3325011683474
1.01235767767768   3.85683176782255   2.62944455879137   1.13136951826092e-15   10.3322156372149
1.02238102102102   3.85673809468186   2.62949465709558   1.30411323285391e-15   10.3318400411779
1.03240436436436   3.85661567892126   2.62955998897786   1.79738528840438e-15   10.3313503168665
1.04242770770771   3.85645710768892   2.62964443823087   2.23176530439864e-15   10.3307173998861
1.05245105105105   3.85625350694809   2.62975264115462   2.7843120765047e-15   10.3299066083056
1.06247439439439   3.85599438315868   2.62989006464684   3.31873440376176e-15   10.3288770662286
1.07249773773774   3.85566748260692   2.63006307440751   3.62631082267096e-15   10.327581204385
1.08252108108108   3.85525867907938   2.63027898784337   3.96492954431899e-15   10.3259643790914
1.09254442442442   3.85475190137727   2.63054610594022   4.46001397028128e-15   10.3239646534071
1.10256776776777   3.85412911233118   2.63087371838755   4.98439849966456e-15   10.3215127842428
1.11259111111111   3.85337035035926   2.63127207665872   5.39126148252348e-15   10.3185324560142
1.12261445445445   3.85245384311924   2.63175233060517   5.80386939723206e-15   10.3149407948893
1.1326377977978   3.85135620041335   2.63232642541413   5.89566232810513e-15   10.3106491877162
1.14266114114114   3.8500526902799   2.63300695745828   5.91689787068147e-15   10.3055644166769
1.15268448448449   3.84851759830499   2.63380698953939   5.75306444066617e-15   10.299590105271
1.16270782782783   3.84672466585826   2.63473982816272   5.60972972074966e-15   10.2926284544105
1.17273117117117   3.84464759851357   2.63581876761186   5.55203821733854e-15   10.2845822304545
1.18275451451452   3.84226063171094   2.63705680755   5.64510618913743e-15   10.2753569513109
1.19277785785786   3.83953913710277   2.63846635248791   5.76556370073932e-15   10.2648632036243
1.2028012012012   3.83646025031401   2.64005890259323   6.33983774435679e-15   10.2530190146911
1.21282454454455   3.83300349926331   2.64184474587745   6.83658887778391e-15   10.2397521979133
1.22284788788789   3.82915141186109   2.64383266175205   6.92199018760264e-15   10.2250025906875
1.23287123123123   3.8248900828234   2.64602964531633   7.10442373931855e-15   10.2087241085334
1.24289457457458   3.82020968139705   2.64844066060753   7.73541676871896e-15   10.1908865484256
1.25291791791792   3.81510488476265   2.65106842953225   8.36101632931148e-15   10.1714770867849
1.26294126126126   3.8095752254735   2.65391326145919   8.80704260150157e-15   10.1505014322023
1.27296460460461   3.80362534517013   2.65697292664741   9.44760755610454e-15   10.1279846084241
1.28298794794795   3.79726515065195   2.66024257496614   1.00040284086101e-14   10.1039713581335
1.29301129129129   3.79050987189385   2.66371469986119   1.00274012203585e-14   10.0785261715238
1.30303463463464   3.78338002453155   2.66737914633649   1.00334348789504e-14   10.0517329547116
1.31305797797798   3.77590128154631   2.67122316090485   1.00711589070644e-14   10.0236943611328
1.32308132132132   3.76810426028476   2.67523148103669   1.00298797805357e-14   9.99453081400151
1.33310466466467   3.76002423156154   2.67938646157809   1.01084475649602e-14   9.96437924977135
1.34312800800801   3.75170075749582   2.68366823586469   9.55462142206048e-15   9.93339161170942
1.35315135135135   3.7431772640736   2.68805490974333   9.0349629538814e-15   9.90173311976763
1.3631746946947   3.73450055340115   2.69252278732549   8.85451170020418e-15   9.86958033867645
1.37319803803804   3.72572025945013   2.69704662791487   8.10208012861798e-15   9.83711906146153
1.38322138138138   3.71688825003741   2.70159993405089   7.50000058575166e-15   9.80454202131133
1.39324472472473   3.70805797708529   2.70615527085782   6.93303791317891e-15   9.77204644181382
1.40326806806807   3.69928377710768   2.71068461676497   6.44164236177534e-15   9.73983143487838
1.41329141141141   3.6906201245718   2.71515974505722   5.91652008994007e-15   9.70809525788186
1.42331475475476   3.68212084244762   2.71955263454979   5.23421466396217e-15   9.67703244723234
1.4333380980981   3.67383827694989   2.72383590592158   4.8766525907705e-15   9.64683085484599
1.44336144144144   3.6658224471673   2.72798327791486   4.60109835731011e-15   9.61766862680263
1.45338478478479   3.65812018478828   2.73197003482112   4.52410635083204e-15   9.5897111790279
1.46340812812813   3.6507742841493   2.73577349361779   4.66783748355071e-15   9.56310824204669
1.47343147147147   3.64382268786358   2.73937345608774   4.74514589124267e-15   9.53799106391288
1.48345481481482   3.63729773771067   2.74275262861153   4.74795007258669e-15   9.51446987512237
1.49347815815816   3.63122552356434   2.74589699049233   5.2487661035209e-15   9.49263172914316
1.50350150150151   3.62562536418151   2.74879609107669   5.32206144554016e-15   9.47253883463128
1.51352484484485   3.62050945204472   2.75144325692751   5.93008440750922e-15   9.45422748832201
1.52354818818819   3.61588268974341   2.75383569310668   6.852749265975e-15   9.43770769968619
1.53357153153154   3.61174273753311   2.75597446724783   7.20390485241054e-15   9.42296356963147
1.54359487487488   3.60808028107748   2.75786437131081   7.47911964076778e-15   9.40995444718894
1.55361821821822   3.60487951573899   2.75951366322477   7.71253021143336e-15   9.39861684314346
1.56364156156157   3.60211883028923   2.76093369835392   7.82212366711248e-15   9.38886703209425
1.57366490490491   3.59977165993857   2.76213846804809   7.979193762235e-15   9.3806042293827
1.58368824824825   3.59780746754853   2.76314406865707   7.96898695435165e-15   9.37371419165683
1.5937115915916   3.59619280401699   2.76396812860988   8.19582983710153e-15   9.36807306380392
1.60373493493494   3.59489239496774   2.76462922303965   8.26359316516253e-15   9.36355128342981
1.61375827827828   3.59387020137672   2.7651463048286   8.23326320720524e-15   9.36001735801826
1.62378162162163   3.59309040642666   2.76553817802626   8.41589705963394e-15   9.35734134844897
1.63380496496497   3.59251828900673   2.76582303480408   8.87899539790313e-15   9.35539792304284
1.64382830830831   3.59212095481088   2.76601807108101   9.39531423841227e-15   9.35406888486866
1.65385165165166   3.59186790770517   2.76613918939911   9.82231256527597e-15   9.35324511723672
1.663874994995   3.59173145570216   2.76620079123033   1.02309950002729e-14   9.35282793376309
1.67389833833834   3.59168695643774   2.76621565522265   1.08470762348799e-14   9.35272985640977
1.68392168168169   3.59171291570922   2.76619489334838   1.12185232994844e-14   9.35287487481347
1.69394502502503   3.59179095894497   2.7661479737092   1.15110914304693e-14   9.35319826152626
1.70396836836837   3.59190569930248   2.7660827969164   1.17190296147079e-14   9.35364603016842
1.71399171171172   3.5920445275738   2.76600581238933   1.19453567325828e-14   9.3541741275652
1.72401505505506   3.59219734855456   2.76592216138967   1.23529822253972e-14   9.35474744801362
1.7340383983984   3.59235628646541   2.76583583487074   1.2958046745966e-14   9.35533874959879
1.74406174174175   3.59251537889931   2.76574983599323   1.32174866932405e-14   9.35592754075723
1.75408508508509   3.5926702750836   2.76566633918714   1.32234345034631e-14   9.35649899176454
1.76410842842843   3.59281795040248   2.76558683970993   1.29761342465197e-14   9.3570429119528
1.77413177177178   3.59295644544658   2.76551228959842   1.28138685436669e-14   9.35755282035068
1.78415511511512   3.5930846345665   2.7654432176288   1.2493777562346e-14   9.35802512584975
1.79417845845846   3.59320202614044   2.76537983232109   1.2369555341119e-14   9.35845842336752
1.80420180180181   3.59330859457564   2.76532210813257   1.20312734913004e-14   9.35885290496143
1.81422514514515   3.59340464244201   2.76526985578611   1.18756117884452e-14   9.35920987939577
1.82424848848849   3.59349069003223   2.76522277820702   1.15446224146995e-14   9.35953139007609
1.83427183183184   3.59356738897543   2.76518051383609   1.12456271475518e-14   9.35981991925982
1.84429517517518   3.59363545620942   2.76514266919617   1.06161229786954e-14   9.36007816570628
1.85431851851853   3.59369562454291   2.76510884256133   9.66777244599679e-15   9.36030888312433
1.86434186186187   3.59374860612258   2.7650786404541   8.81302265600829e-15   9.36051476762102
1.87436520520521   3.59379506527934   2.76505168851453   8.3950211929539e-15   9.3606983835976
1.88438854854856   3.59383559739141   2.76502763807404   7.58295535745668e-15   9.36086211898111
1.8944118918919   3.59387071051211   2.76500616954951   6.6145551120048e-15   9.3610081621675
1.90443523523524   3.59390080652144   2.76498699356439   5.60395271630077e-15   9.36113849447964
1.91445857857859   3.59392615843919   2.7649698505135   4.92980163226145e-15   9.36125489324297
1.92448192192193   3.59394688026419   2.76495450912258   3.88168153165721e-15   9.36135894171439
1.93450526526527   3.5939628852732   2.76494076441385   2.66695710951125e-15   9.361452043056
1.94452860860862   3.59397382813525   2.76492843537483   1.77739913441996e-15   9.36153543632356
1.95455195195196   3.59397902550287   2.76491736253737   1.34954297180398e-15   9.3616102130578
1.9645752952953   3.59397734898605   2.76490740560431   1.05142517225547e-15   9.36167733354147
1.97459863863865   3.59396708367904   2.76489844120894   5.65843467619932e-16   9.3617376421405
1.98462198198199   3.59394574480634   2.76489036085516   3.90084834051476e-16   9.36179188140514
1.99464532532533   3.59390984472735   2.76488306905924   3.95369689430459e-16   9.36184070478698
2.00466866866868   3.59385460266105   2.76487648169723   2.88064406359186e-16   9.3618846879481
2.01469201201202   3.59377359025921   2.76487052454989   3.10275398246633e-16   9.36192433871539
2.02471535535536   3.5936583077755   2.76486513203145   1.58092246419904e-16   9.36196010577729
2.03473869869871   3.59349768824541   2.76486024608445   3.95902112719301e-17   9.36199238624237
2.04476204204205   3.59327753097382   2.76485581522247   8.22797049936419e-17   9.36202153218639
2.05478538538539   3.59297987082507   2.76485179370241   2.34590917393344e-16   9.36204785631232
2.06480872872874   3.59258229632932   2.76484814080939   9.51967128639989e-16   9.36207163683986
2.07483207207208   3.59205723733491   2.76484482023893   1.23445375403663e-15   9.3620931217302
2.08485541541542   3.59137125156669   2.7648417995626   1.47948937036714e-15   9.36211253233993
2.09487875875877   3.59048434853334   2.76483904976525   1.73468375799273e-15   9.36213006658616
2.10490210210211   3.58934939812149   2.76483654484357   1.82179104290949e-15   9.36214590169367
2.11492544544545   3.58791167910965   2.76483426145699   1.58035892785974e-15   9.36216019658461
2.1249487887888   3.58610862879671   2.76483217862359   1.36249052077887e-15   9.36217309396264
2.13497213213214   3.58386985796607   2.76483027745454   1.23119378575203e-15   9.36218472213473
2.14499547547548   3.58111749452271   2.7648285409217   7.70326866529357e-16   9.36219519660822
2.15501881881883   3.57776691350024   2.76482695365383   1.74529796282124e-16   9.36220462149372
2.16504216216217   3.57372790013624   2.76482550175747   6.9958999284113e-18   9.3622130907405
2.17506550550551   3.56890627611358   2.76482417265937   -2.87264990345906e-16   9.36222068922638
2.18508884884886   3.56320599707394   2.76482295496748   -2.43944777796854e-16   9.36222749372092
2.1951121921922   3.5565317028589   2.76482183834818   2.46355742787362e-16   9.36223357373763
2.20513553553555   3.5487916718994   2.76482081341779   1.01164634019731e-15   9.36223899228867
2.21515887887889   3.53990109954159   2.76481987164644   1.81503798814925e-15   9.3622438065535
2.22518222222223   3.52978558907082   2.76481900527278   2.17987057764948e-15   9.36224806847128
2.23520556556558   3.51838471625081   2.76481820722832   2.91975983390267e-15   9.36225182526551
2.24522890890892   3.50565550587682   2.76481747107003   3.49354690367362e-15   9.36225511990838
2.25525225225226   3.49157564453512   2.76481679092026   4.00230751901892e-15   9.36225799153119
2.26527559559561   3.47614624944917   2.76481616141312   4.25897682030322e-15   9.36226047578706
2.27529893893895   3.45939402032754   2.76481557764633   4.63203167822241e-15   9.36226260517066
2.28532228228229   3.44137262004639   2.76481503513805   5.15942653174421e-15   9.36226440930037
2.29534562562564   3.42216316040155   2.76481452978789   5.33658556153273e-15   9.36226591516662
2.30536896896898   3.40187370967921   2.76481405784171   5.33680394505851e-15   9.36226714735105
2.31539231231232   3.38063778713522   2.76481361585952   5.18582910515197e-15   9.36226812821972
2.32541565565567   3.35861186259159   2.76481320068639   5.00762179459652e-15   9.36226887809415
2.33543899899901   3.33597193367705   2.76481280942572   4.78983086855486e-15   9.36226941540301
2.34546234234235   3.31290930494497   2.76481243941476   4.2294626586421e-15   9.36226975681743
2.3554856856857   3.28962573847769   2.76481208820208   3.42184084367803e-15   9.36226991737243
2.36550902902904   3.26632818133179   2.76481175352673   2.17503713781452e-15   9.36226991057665
2.37553237237238   3.24322329870777   2.76481143329907   1.09585323845744e-15   9.36226974851215
2.38555571571573   3.22051205138938   2.76481112558285   -1.23321441841887e-16   9.36226944192613
2.39557905905907   3.19838455121989   2.76481082857874   -1.31103955325354e-15   9.36226900031556
2.40560240240241   3.17701540970488   2.76481054060889   -2.32235206695811e-15   9.36226843200593
2.41562574574576   3.15655976383827   2.7648102601026   -3.01788511077633e-15   9.36226774422467
2.4256490890891   3.1371501224115   2.76480998558301   -4.00242399883791e-15   9.3622669431699
2.43567243243244   3.118894128501   2.76480971565453   -5.14127116010365e-15   9.36226603407467
2.44569577577579   3.10187328301506   2.76480944899123   -6.42189794034393e-15   9.36226502126664
2.45571911911913   3.08614262365354   2.76480918432579   -7.2019352099797e-15   9.36226390822348
2.46574246246247   3.07173130669216   2.7648089204392   -7.97576679091315e-15   9.36226269762331
2.47576580580582   3.0586439984598   2.76480865615087   -8.47111574009426e-15   9.36226139139035
2.48578914914916   3.04686295136617   2.76480839030933   -8.870605887139e-15   9.36225999073502
2.4958124924925   3.03635061719773   2.76480812178317   -8.98350716447851e-15   9.36225849618807
2.50583583583585   3.02705263863893   2.76480784945218   -9.00760976471886e-15   9.36225690762826
2.51585917917919   3.01890105831084   2.76480757219862   -8.95653763571839e-15   9.36225522430217
2.52588252252253   3.01181759207738   2.76480728889809   -8.94037523347741e-15   9.36225344483469
2.53590586586588   3.00571682844192   2.76480699840977   -9.07677218096322e-15   9.3622515672271
2.54592920920922   3.00050923668018   2.76480669956501   -8.78511690944624e-15   9.36224958883706
2.55595255255257   2.99610389089534   2.76480639115287   -8.76083572281967e-15   9.36224750633004
2.56597589589591   2.99241084341675   2.76480607189973   -9.2492859315497e-15   9.36224531558227
2.57599923923925   2.98934310703573   2.76480574043761   -9.45804966989143e-15   9.36224301149692
2.5860225825826   2.98681822990275   2.76480539525114   -9.49386342620852e-15   9.36224058766112
2.59604592592594   2.98475946828135   2.76480503458388   -9.62845475096971e-15   9.36223803570486
2.60606926926928   2.98309657993509   2.76480465626744   -9.59485876983669e-15   9.36223534409736
2.61609261261263   2.98176627427451   2.76480425740346   -9.83800911798151e-15   9.36223249587587
2.62611595595597   2.98071236441468   2.7648038337654   -9.72567317909572e-15   9.36222946434295
2.63613929929931   2.97988567117604   2.76480337866595   -9.82992565419491e-15   9.36222620489383
2.64616264264266   2.97924373017748   2.76480288080548   -9.96749053658701e-15   9.36222263946524
2.656185985986   2.97875035097569   2.76480232017686   -1.03495073305039e-14   9.36221862691257
2.66620932932934   2.97837507209478   2.76480166026265   -1.05177319780984e-14   9.36221390654573
2.67623267267269   2.97809254791007   2.7648008331596   -1.04951454057787e-14   9.36220799046345
2.68625601601603   2.97788189230217   2.7647997112109   -1.06986690815664e-14   9.36219995821457
2.69627935935937   2.9777259883481   2.76479805290015   -1.04308380378808e-14   9.36218806513835
2.70630270270272   2.97761074970235   2.76479539964689   -1.01774976508624e-14   9.36216899528287
2.71632604604606   2.97752428078166   2.76479087894276   -9.7197569098085e-15   9.36213643634444
2.7263493893894   2.97745581568972   2.76478282882775   -9.56682528677811e-15   9.36207836138086
2.73637273273275   2.97739419352163   2.76476808156804   -9.71515892518989e-15   9.3619718438507
2.74639607607609   2.97732539958171   2.76474059726423   -9.58432093821816e-15   9.36177316815324
2.75641941941943   2.97722827143865   2.76468885748414   -9.90540192692313e-15   9.36139896895301
2.76644276276278   2.97706665160575   2.76459089378772   -9.81424303682458e-15   9.36069026757036
2.77646610610612   2.97677471560408   2.76440480535435   -9.70125847171103e-15   9.35934391973852
2.78648944944946   2.97622925483377   2.76405067405847   -9.41708486536741e-15   9.35678202847019
2.79651279279281   2.97519710993916   2.76337607734683   -9.41987710704772e-15   9.35190348975299
2.80653613613615   2.97323544872531   2.76209033987625   -9.18908796505333e-15   9.3426123914647
2.81655947947949   2.96950309020399   2.75963924879312   -8.83811774884536e-15   9.32492686523546
2.82658282282284   2.96240584284049   2.75496654973446   -8.68394198364772e-15   9.29130971560759
2.83660616616618   2.94893861657932   2.74606076121708   -8.84264995744417e-15   9.22759387098223
2.84662950950952   2.92349707528526   2.72909733485109   -8.60451433692932e-15   9.10750920482433
2.85665285285287   2.87584619837948   2.6968278398108   -8.12071850528513e-15   8.88361385843228
2.86667619619621   2.78805615075554   2.63561015338878   -7.63777807665412e-15   8.47463373942854
2.87669953953955   2.63130959018817   2.52018431794516   -6.98896366223552e-15   7.75594626706274
2.8867228828829   2.36759774355423   2.30573356010162   -6.0014884249602e-15   6.58144077941435
2.89674622622624   1.9707995818478   1.92244570513563   -4.2395946680647e-15   4.9033057252374
2.90676956956958   1.48450523376487   1.30805403523455   -2.13170831717448e-15   3.02464582327419
2.91679291291293   1.06823435614162   0.578364548336078   -4.82153848732476e-16   1.65051215702376
2.92681625625627   0.862317015320595   0.132772354087629   -1.35289444913003e-17   1.12131945373877
2.93683959959962   0.809460137302347   0.0194994724134998   -3.30331342168198e-20   1.01680959820132
2.94686294294296   0.801241143653515   0.00255080616247442   -5.98051565829012e-24   1.00217595348243
2.9568862862863   0.80015950180242   0.000327787347105295   -9.17163243242931e-29   1.00027919236659
2.96690962962965   0.800020447730939   4.20214157204079e-05   -1.25271928585317e-34   1.00003578458232
2.97693297297299   0.800002620536045   5.38537070450115e-06   -1.43638263454786e-41   1.00000458595537
2.98695631631633   0.800000335828817   6.901498757515e-07   -1.39942935042483e-49   1.00000058770071
2.99697965965968   0.800000043037158   8.84441353444963e-08   -1.15428869649556e-58   1.00000007531503
3.00700300300302   0.800000005515298   1.13342914783295e-08   -7.85336502247249e-69   1.00000000965177
3.01702634634636   0.800000000706796   1.45251141623006e-09   -4.1846799187579e-80   1.00000000123689
3.02704968968971   0.800000000090577   1.86141638237297e-10   -1.60794386670674e-92   1.00000000015851
3.03707303303305   0.800000000011608   2.38539719766962e-11   -3.90138987292647e-106   1.00000000002031
3.04709637637639   0.800000000001488   3.05647353817529e-12   -6.16349183298916e-121   1.0000000000026
3.05711971971974   0.800000000000191   3.91245938569437e-13   -1.63941031871791e-136   1.00000000000033
3.06714306306308   0.800000000000024   4.9773236550192e-14   -3.62836496198758e-153   1.00000000000004
3.07716640640642   0.800000000000003   6.09419800435099e-15   -6.02582423489731e-171   1
3.08718974974977   0.8   6.71863576294295e-16   -6.45233451188752e-190   1
3.09721309309311   0.8   5.53299357179642e-17   -3.93113232476815e-210   1
3.10723643643645   0.8   0   0   1
3.1172597797798   0.8   0   0   1
3.12728312312314   0.8   0   0   1
3.13730646646648   0.8   0   0   1
3.14732980980983   0.8   0   0   1
3.15735315315317   0.8   0   0   1
3.16737649649651   0.8   0   0   1
3.17739983983986   0.8   0   0   1
3.1874231831832   0.8   0   0   1
3.19744652652654   0.8   0   0   1
3.20746986986989   0.8   0   0   1
3.21749321321323   0.8   0   0   1
3.22751655655657   0.8   0   0   1
3.23753989989992   0.8   0   0   1
3.24756324324326   0.8   0   0   1
3.2575865865866   0.8   0   0   1
3.26760992992995   0.8   0   0   1
3.27763327327329   0.8   0   0   1
3.28765661661664   0.8   0   0   1
3.29767995995998   0.8   0   0   1
3.30770330330332   0.8   0   0   1
3.31772664664667   0.8   0   0   1
3.32774998999001   0.8   0   0   1
3.33777333333335   0.8   0   0   1
3.3477966766767   0.8   0   0   1
3.35782002002004   0.8   0   0   1
3.36784336336338   0.8   0   0   1
3.37786670670673   0.8   0   0   1
3.38789005005007   0.8   0   0   1
3.39791339339341   0.8   0   0   1
3.40793673673676   0.8   0   0   1
3.4179600800801   0.8   0   0   1
3.42798342342344   0.8   0   0   1
3.43800676676679   0.8   0   0   1
3.44803011011013   0.8   0   0   1
3.45805345345347   0.8   0   0   1
3.46807679679682   0.8   0   0   1
3.47810014014016   0.8   0   0   1
3.4881234834835   0.8   0   0   1
3.49814682682685   0.8   0   0   1
3.50817017017019   0.8   0   0   1
3.51819351351353   0.8   0   0   1
3.52821685685688   0.8   0   0   1
3.53824020020022   0.8   0   0   1
3.54826354354356   0.8   0   0   1
3.55828688688691   0.8   0   0   1
3.56831023023025   0.8   0   0   1
3.57833357357359   0.8   0   0   1
3.58835691691694   0.8   0   0   1
3.59838026026028   0.8   0   0   1
3.60840360360362   0.8   0   0   1
3.61842694694697   0.8   0   0   1
3.62845029029031   0.8   0   0   1
3.63847363363366   0.8   0   0   1
3.648496976977   0.8   0   0   1
3.65852032032034   0.8   0   0   1
3.66854366366369   0.8   0   0   1
3.67856700700703   0.8   0   0   1
3.68859035035037   0.8   0   0   1
3.69861369369372   0.8   0   0   1
3.70863703703706   0.8   0   0   1
3.7186603803804   0.8   0   0   1
3.72868372372375   0.8   0   0   1
3.73870706706709   0.8   0   0   1
3.74873041041043   0.8   0   0   1
3.75875375375378   0.8   0   0   1
3.76877709709712   0.8   0   0   1
3.77880044044046   0.8   0   0   1
3.78882378378381   0.8   0   0   1
3.79884712712715   0.8   0   0   1
3.80887047047049   0.8   0   0   1
3.81889381381384   0.8   0   0   1
3.82891715715718   0.8   0   0   1
3.83894050050052   0.8   0   0   1
3.84896384384387   0.8   0   0   1
3.85898718718721   0.8   0   0   1
3.86901053053055   0.8   0   0   1
3.8790338738739   0.8   0   0   1
3.88905721721724   0.8   0   0   1
3.89908056056058   0.8   0   0   1
3.90910390390393   0.8   0   0   1
3.91912724724727   0.8   0   0   1
3.92915059059061   0.8   0   0   1
3.93917393393396   0.8   0   0   1
3.9491972772773   0.8   0   0   1
3.95922062062064   0.8   0   0   1
3.96924396396399   0.8   0   0   1
3.97926730730733   0.8   0   0   1
3.98929065065068   0.8   0   0   1
3.99931399399402   0.8   0   0   1
4.00933733733736   0.8   0   0   1
4.01936068068071   0.8   0   0   1
4.02938402402405   0.8   0   0   1
4.03940736736739   0.8   0   0   1
4.04943071071074   0.8   0   0   1
4.05945405405408   0.8   0   0   1
4.06947739739742   0.8   0   0   1
4.07950074074077   0.8   0   0   1
4.08952408408411   0.8   0   0   1
4.09954742742745   0.8   0   0   1
4.1095707707708   0.8   0   0   1
4.11959411411414   0.8   0   0   1
4.12961745745748   0.8   0   0   1
4.13964080080083   0.8   0   0   1
4.14966414414417   0.8   0   0   1
4.15968748748751   0.8   0   0   1
4.16971083083086   0.8   0   0   1
4.1797341741742   0.8   0   0   1
4.18975751751754   0.8   0   0   1
4.19978086086089   0.8   0   0   1
4.20980420420423   0.8   0   0   1
4.21982754754757   0.8   0   0   1
4.22985089089092   0.8   0   0   1
4.23987423423426   0.8   0   0   1
4.2498975775776   0.8   0   0   1
4.25992092092095   0.8   0   0   1
4.26994426426429   0.8   0   0   1
4.27996760760763   0.8   0   0   1
4.28999095095098   0.8   0   0   1
4.30001429429432   0.8   0   0   1
4.31003763763766   0.8   0   0   1
4.32006098098101   0.8   0   0   1
4.33008432432435   0.8   0   0   1
4.3401076676677   0.8   0   0   1
4.35013101101104   0.8   0   0   1
4.36015435435438   0.8   0   0   1
4.37017769769773   0.8   0   0   1
4.38020104104107   0.8   0   0   1
4.39022438438441   0.8   0   0   1
4.40024772772776   0.8   0   0   1
4.4102710710711   0.8   0   0   1
4.42029441441444   0.8   0   0   1
4.43031775775779   0.8   0   0   1
4.44034110110113   0.8   0   0   1
4.45036444444447   0.8   0   0   1
4.46038778778782   0.8   0   0   1
4.47041113113116   0.8   0   0   1
4.4804344744745   0.8   0   0   1
4.49045781781785   0.8   0   0   1
4.50048116116119   0.8   0   0   1
4.51050450450453   0.8   0   0   1
4.52052784784788   0.8   0   0   1
4.53055119119122   0.8   0   0   1
4.54057453453456   0.8   0   0   1
4.55059787787791   0.8   0   0   1
4.56062122122125   0.8   0   0   1
4.57064456456459   0.8   0   0   1
4.58066790790794   0.8   0   0   1
4.59069125125128   0.8   0   0   1
4.60071459459462   0.8   0   0   1
4.61073793793797   0.8   0   0   1
4.62076128128131   0.8   0   0   1
4.63078462462465   0.8   0   0   1
4.640807967968   0.8   0   0   1
4.65083131131134   0.8   0   0   1
4.66085465465468   0.8   0   0   1
4.67087799799803   0.8   0   0   1
4.68090134134137   0.8   0   0   1
4.69092468468472   0.8   0   0   1
4.70094802802806   0.8   0   0   1
4.7109713713714   0.8   0   0   1
4.72099471471475   0.8   0   0   1
4.73101805805809   0.8   0   0   1
4.74104140140143   0.8   0   0   1
4.75106474474478   0.8   0   0   1
4.76108808808812   0.8   0   0   1
4.77111143143146   0.8   0   0   1
4.78113477477481   0.8   0   0   1
4.79115811811815   0.8   0   0   1
4.80118146146149   0.8   0   0   1
4.81120480480484   0.8   0   0   1
4.82122814814818   0.8   0   0   1
4.83125149149152   0.8   0   0   1
4.84127483483487   0.8   0   0   1
4.85129817817821   0.8   0   0   1
4.86132152152155   0.8   0   0   1
4.8713448648649   0.8   0   0   1
4.88136820820824   0.8   0   0   1
4.89139155155158   0.8   0   0   1
4.90141489489493   0.8   0   0   1
4.91143823823827   0.8   0   0   1
4.92146158158161   0.8   0   0   1
4.93148492492496   0.8   0   0   1
4.9415082682683   0.8   0   0   1
4.95153161161164   0.8   0   0   1
4.96155495495499   0.8   0   0   1
4.97157829829833   0.8   0   0   1
4.98160164164167   0.8   0   0   1
4.99162498498502   0.8   0   0   1
5.00164832832836   0.8   0   0   1
5.0116716716717   0.8   0   0   1
5.02169501501505   0.8   0   0   1
5.03171835835839   0.8   0   0   1
5.04174170170173   0.8   0   0   1
5.05176504504508   0.8   0   0   1
5.06178838838842   0.8   0   0   1
5.07181173173177   0.8   0   0   1
5.08183507507511   0.8   0   0   1
5.09185841841845   0.8   0   0   1
5.1018817617618   0.8   0   0   1
5.11190510510514   0.8   0   0   1
5.12192844844848   0.8   0   0   1
5.13195179179183   0.8   0   0   1
5.14197513513517   0.8   0   0   1
5.15199847847851   0.8   0   0   1
5.16202182182186   0.8   0   0   1
5.1720451651652   0.8   0   0   1
5.18206850850854   0.8   0   0   1
5.19209185185189   0.8   0   0   1
5.20211519519523   0.8   0   0   1
5.21213853853857   0.8   0   0   1
5.22216188188192   0.8   0   0   1
5.23218522522526   0.8   0   0   1
5.2422085685686   0.8   0   0   1
5.25223191191195   0.8   0   0   1
5.26225525525529   0.8   0   0   1
5.27227859859863   0.8   0   0   1
5.28230194194198   0.8   0   0   1
5.29232528528532   0.8   0   0   1
5.30234862862866   0.8   0   0   1
5.31237197197201   0.8   0   0   1
5.32239531531535   0.8   0   0   1
5.33241865865869   0.8   0   0   1
5.34244200200204   0.8   0   0   1
5.35246534534538   0.8   0   0   1
5.36248868868872   0.8   0   0   1
5.37251203203207   0.8   0   0   1
5.38253537537541   0.8   0   0   1
5.39255871871875   0.8   0   0   1
5.4025820620621   0.8   0   0   1
5.41260540540544   0.8   0   0   1
5.42262874874879   0.8   0   0   1
5.43265209209213   0.8   0   0   1
5.44267543543547   0.8   0   0   1
5.45269877877882   0.8   0   0   1
5.46272212212216   0.8   0   0   1
5.4727454654655   0.8   0   0   1
5.48276880880885   0.8   0   0   1
5.49279215215219   0.8   0   0   1
5.50281549549553   0.8   0   0   1
5.51283883883888   0.8   0   0   1
5.52286218218222   0.8   0   0   1
5.53288552552556   0.8   0   0   1
5.54290886886891   0.8   0   0   1
5.55293221221225   0.8   0   0   1
5.56295555555559   0.8   0   0   1
5.57297889889894   0.8   0   0   1
5.58300224224228   0.8   0   0   1
5.59302558558562   0.8   0   0   1
5.60304892892897   0.8   0   0   1
5.61307227227231   0.8   0   0   1
5.62309561561565   0.8   0   0   1
5.633118958959   0.8   0   0   1
5.64314230230234   0.8   0   0   1
5.65316564564568   0.8   0   0   1
5.66318898898903   0.8   0   0   1
5.67321233233237   0.8   0   0   1
5.68323567567571   0.8   0   0   1
5.69325901901906   0.8   0   0   1
5.7032823623624   0.8   0   0   1
5.71330570570574   0.8   0   0   1
5.72332904904909   0.8   0   0   1
5.73335239239243   0.8   0   0   1
5.74337573573577   0.8   0   0   1
5.75339907907912   0.8   0   0   1
5.76342242242246   0.8   0   0   1
5.77344576576581   0.8   0   0   1
5.78346910910915   0.8   0   0   1
5.79349245245249   0.8   0   0   1
5.80351579579584   0.8   0   0   1
5.81353913913918   0.8   0   0   1
5.82356248248252   0.8   0   0   1
5.83358582582587   0.8   0   0   1
5.84360916916921   0.8   0   0   1
5.85363251251255   0.8   0   0   1
5.8636558558559   0.8   0   0   1
5.87367919919924   0.8   0   0   1
5.88370254254258   0.8   0   0   1
5.89372588588593   0.8   0   0   1
5.90374922922927   0.8   0   0   1
5.91377257257261   0.8   0   0   1
5.92379591591596   0.8   0   0   1
5.9338192592593   0.8   0   0   1
5.94384260260264   0.8   0   0   1
5.95386594594599   0.8   0   0   1
5.96388928928933   0.8   0   0   1
5.97391263263267   0.8   0   0   1
5.98393597597602   0.8   0   0   1
5.99395931931936   0.8   0   0   1
6.0039826626627   0.8   0   0   1
6.01400600600605   0.8   0   0   1
6.02402934934939   0.8   0   0   1
6.03405269269273   0.8   0   0   1
6.04407603603608   0.8   0   0   1
6.05409937937942   0.8   0   0   1
6.06412272272276   0.8   0   0   1
6.07414606606611   0.8   0   0   1
6.08416940940945   0.8   0   0   1
6.09419275275279   0.8   0   0   1
6.10421609609614   0.8   0   0   1
6.11423943943948   0.8   0   0   1
6.12426278278283   0.8   0   0   1
6.13428612612617   0.8   0   0   1
6.14430946946951   0.8   0   0   1
6.15433281281286   0.8   0   0   1
6.1643561561562   0.8   0   0   1
6.17437949949954   0.8   0   0   1
6.18440284284289   0.8   0   0   1
6.19442618618623   0.8   0   0   1
6.20444952952957   0.8   0   0   1
6.21447287287292   0.8   0   0   1
6.22449621621626   0.8   0   0   1
6.2345195595596   0.8   0   0   1
6.24454290290295   0.8   0   0   1
6.25456624624629   0.8   0   0   1
6.26458958958963   0.8   0   0   1
6.27461293293298   0.8   0   0   1
6.28463627627632   0.8   0   0   1
6.29465961961966   0.8   0   0   1
6.30468296296301   0.8   0   0   1
6.31470630630635   0.8   0   0   1
6.32472964964969   0.8   0   0   1
6.33475299299304   0.8   0   0   1
6.34477633633638   0.8   0   0   1
6.35479967967972   0.8   0   0   1
6.36482302302307   0.8   0   0   1
6.37484636636641   0.8   0   0   1
6.38486970970975   0.8   0   0   1
6.3948930530531   0.8   0   0   1
6.40491639639644   0.8   0   0   1
6.41493973973978   0.8   0   0   1
6.42496308308313   0.8   0   0   1
6.43498642642647   0.8   0   0   1
6.44500976976981   0.8   0   0   1
6.45503311311316   0.8   0   0   1
6.4650564564565   0.8   0   0   1
6.47507979979985   0.8   0   0   1
6.48510314314319   0.8   0   0   1
6.49512648648653   0.8   0   0   1
6.50514982982988   0.8   0   0   1
6.51517317317322   0.8   0   0   1
6.52519651651656   0.8   0   0   1
6.53521985985991   0.8   0   0   1
6.54524320320325   0.8   0   0   1
6.55526654654659   0.8   0   0   1
6.56528988988994   0.8   0   0   1
6.57531323323328   0.8   0   0   1
6.58533657657662   0.8   0   0   1
6.59535991991997   0.8   0   0   1
6.60538326326331   0.8   0   0   1
6.61540660660665   0.8   0   0   1
6.62542994995   0.8   0   0   1
6.63545329329334   0.8   0   0   1
6.64547663663668   0.8   0   0   1
6.65549997998003   0.8   0   0   1
6.66552332332337   0.8   0   0   1
6.67554666666671   0.8   0   0   1
6.68557001001006   0.8   0   0   1
6.6955933533534   0.8   0   0   1
6.70561669669674   0.8   0   0   1
6.71564004004009   0.8   0   0   1
6.72566338338343   0.8   0   0   1
6.73568672672677   0.8   0   0   1
6.74571007007012   0.8   0   0   1
6.75573341341346   0.8   0   0   1
6.7657567567568   0.8   0   0   1
6.77578010010015   0.8   0   0   1
6.78580344344349   0.8   0   0   1
6.79582678678683   0.8   0   0   1
6.80585013013018   0.8   0   0   1
6.81587347347352   0.8   0   0   1
6.82589681681686   0.8   0   0   1
6.83592016016021   0.8   0   0   1
6.84594350350355   0.8   0   0   1
6.8559668468469   0.8   0   0   1
6.86599019019024   0.8   0   0   1
6.87601353353358   0.8   0   0   1
6.88603687687693   0.8   0   0   1
6.89606022022027   0.8   0   0   1
6.90608356356361   0.8   0   0   1
6.91610690690696   0.8   0   0   1
6.9261302502503   0.8   0   0   1
6.93615359359364   0.8   0   0   1
6.94617693693699   0.8   0   0   1
6.95620028028033   0.8   0   0   1
6.96622362362367   0.8   0   0   1
6.97624696696702   0.8   0   0   1
6.98627031031036   0.8   0   0   1
6.9962936536537   0.8   0   0   1
7.00631699699705   0.8   0   0   1
7.01634034034039   0.8   0   0   1
7.02636368368373   0.8   0   0   1
7.03638702702708   0.8   0   0   1
7.04641037037042   0.8   0   0   1
7.05643371371376   0.8   0   0   1
7.06645705705711   0.8   0   0   1
7.07648040040045   0.8   0   0   1
7.08650374374379   0.8   0   0   1
7.09652708708714   0.8   0   0   1
7.10655043043048   0.8   0   0   1
7.11657377377382   0.8   0   0   1
7.12659711711717   0.8   0   0   1
7.13662046046051   0.8   0   0   1
7.14664380380385   0.8   0   0   1
7.1566671471472   0.8   0   0   1
7.16669049049054   0.8   0   0   1
7.17671383383388   0.8   0   0   1
7.18673717717723   0.8   0   0   1
7.19676052052057   0.8   0   0   1
7.20678386386392   0.8   0   0   1
7.21680720720726   0.8   0   0   1
7.2268305505506   0.8   0   0   1
7.23685389389395   0.8   0   0   1
7.24687723723729   0.8   0   0   1
7.25690058058063   0.8   0   0   1
7.26692392392398   0.8   0   0   1
7.27694726726732   0.8   0   0   1
7.28697061061066   0.8   0   0   1
7.29699395395401   0.8   0   0   1
7.30701729729735   0.8   0   0   1
7.31704064064069   0.8   0   0   1
7.32706398398404   0.8   0   0   1
7.33708732732738   0.8   0   0   1
7.34711067067072   0.8   0   0   1
7.35713401401407   0.8   0   0   1
7.36715735735741   0.8   0   0   1
7.37718070070075   0.8   0   0   1
7.3872040440441   0.8   0   0   1
7.39722738738744   0.8   0   0   1
7.40725073073078   0.8   0   0   1
7.41727407407413   0.8   0   0   1
7.42729741741747   0.8   0   0   1
7.43732076076081   0.8   0   0   1
7.44734410410416   0.8   0   0   1
7.4573674474475   0.8   0   0   1
7.46739079079084   0.8   0   0   1
7.47741413413419   0.8   0   0   1
7.48743747747753   0.8   0   0   1
7.49746082082087   0.8   0   0   1
7.50748416416422   0.8   0   0   1
7.51750750750756   0.8   0   0   1
7.5275308508509   0.8   0   0   1
7.53755419419425   0.8   0   0   1
7.54757753753759   0.8   0   0   1
7.55760088088094   0.8   0   0   1
7.56762422422428   0.8   0   0   1
7.57764756756762   0.8   0   0   1
7.58767091091097   0.8   0   0   1
7.59769425425431   0.8   0   0   1
7.60771759759765   0.8   0   0   1
7.617740940941   0.8   0   0   1
7.62776428428434   0.8   0   0   1
7.63778762762768   0.8   0   0   1
7.64781097097103   0.8   0   0   1
7.65783431431437   0.8   0   0   1
7.66785765765771   0.8   0   0   1
7.67788100100106   0.8   0   0   1
7.6879043443444   0.8   0   0   1
7.69792768768774   0.8   0   0   1
7.70795103103109   0.8   0   0   1
7.71797437437443   0.8   0   0   1
7.72799771771777   0.8   0   0   1
7.73802106106112   0.8   0   0   1
7.74804440440446   0.8   0   0   1
7.7580677477478   0.8   0   0   1
7.76809109109115   0.8   0   0   1
7.77811443443449   0.8   0   0   1
7.78813777777783   0.8   0   0   1
7.79816112112118   0.8   0   0   1
7.80818446446452   0.8   0   0   1
7.81820780780786   0.8   0   0   1
7.82823115115121   0.8   0   0   1
7.83825449449455   0.8   0   0   1
7.84827783783789   0.8   0   0   1
7.85830118118124   0.8   0   0   1
7.86832452452458   0.8   0   0   1
7.87834786786792   0.8   0   0   1
7.88837121121127   0.8   0   0   1
7.89839455455461   0.8   0   0   1
7.90841789789796   0.8   0   0   1
7.9184412412413   0.8   0   0   1
7.92846458458464   0.8   0   0   1
7.93848792792799   0.8   0   0   1
7.94851127127133   0.8   0   0   1
7.95853461461467   0.8   0   0   1
7.96855795795802   0.8   0   0   1
7.97858130130136   0.8   0   0   1
7.9886046446447   0.8   0   0   1
7.99862798798805   0.8   0   0   1
8.00865133133139   0.8   0   0   1
8.01867467467473   0.8   0   0   1
8.02869801801808   0.8   0   0   1
8.03872136136142   0.8   0   0   1
8.04874470470476   0.8   0   0   1
8.05876804804811   0.8   0   0   1
8.06879139139145   0.8   0   0   1
8.07881473473479   0.8   0   0   1
8.08883807807814   0.8   0   0   1
8.09886142142148   0.8   0   0   1
8.10888476476482   0.8   0   0   1
8.11890810810817   0.8   0   0   1
8.12893145145151   0.8   0   0   1
8.13895479479485   0.8   0   0   1
8.1489781381382   0.8   0   0   1
8.15900148148154   0.8   0   0   1
8.16902482482488   0.8   0   0   1
8.17904816816823   0.8   0   0   1
8.18907151151157   0.8   0   0   1
8.19909485485491   0.8   0   0   1
8.20911819819826   0.8   0   0   1
8.2191415415416   0.8   0   0   1
8.22916488488494   0.8   0   0   1
8.23918822822829   0.8   0   0   1
8.24921157157163   0.8   0   0   1
8.25923491491498   0.8   0   0   1
8.26925825825832   0.8   0   0   1
8.27928160160166   0.8   0   0   1
8.28930494494501   0.8   0   0   1
8.29932828828835   0.8   0   0   1
8.30935163163169   0.8   0   0   1
8.31937497497504   0.8   0   0   1
8.32939831831838   0.8   0   0   1
8.33942166166172   0.8   0   0   1
8.34944500500507   0.8   0   0   1
8.35946834834841   0.8   0   0   1
8.36949169169175   0.8   0   0   1
8.3795150350351   0.8   0   0   1
8.38953837837844   0.8   0   0   1
8.39956172172178   0.8   0   0   1
8.40958506506513   0.8   0   0   1
8.41960840840847   0.8   0   0   1
8.42963175175181   0.8   0   0   1
8.43965509509516   0.8   0   0   1
8.4496784384385   0.8   0   0   1
8.45970178178184   0.8   0   0   1
8.46972512512519   0.8   0   0   1
8.47974846846853   0.8   0   0   1
8.48977181181187   0.8   0   0   1
8.49979515515522   0.8   0   0   1
8.50981849849856   0.8   0   0   1
8.5198418418419   0.8   0   0   1
8.52986518518525   0.8   0   0   1
8.53988852852859   0.8   0   0   1
8.54991187187193   0.8   0   0   1
8.55993521521528   0.8   0   0   1
8.56995855855862   0.8   0   0   1
8.57998190190196   0.8   0   0   1
8.59000524524531   0.8   0   0   1
8.60002858858865   0.8   0   0   1
8.610051931932   0.8   0   0   1
8.62007527527534   0.8   0   0   1
8.63009861861868   0.8   0   0   1
8.64012196196203   0.8   0   0   1
8.65014530530537   0.8   0   0   1
8.66016864864871   0.8   0   0   1
8.67019199199206   0.8   0   0   1
8.6802153353354   0.8   0   0   1
8.69023867867874   0.8   0   0   1
8.70026202202209   0.8   0   0   1
8.71028536536543   0.8   0   0   1
8.72030870870877   0.8   0   0   1
8.73033205205212   0.8   0   0   1
8.74035539539546   0.8   0   0   1
8.7503787387388   0.8   0   0   1
8.76040208208215   0.8   0   0   1
8.77042542542549   0.8   0   0   1
8.78044876876883   0.8   0   0   1
8.79047211211218   0.8   0   0   1
8.80049545545552   0.8   0   0   1
8.81051879879886   0.8   0   0   1
8.82054214214221   0.8   0   0   1
8.83056548548555   0.8   0   0   1
8.84058882882889   0.8   0   0   1
8.85061217217224   0.8   0   0   1
8.86063551551558   0.8   0   0   1
8.87065885885892   0.8   0   0   1
8.88068220220227   0.8   0   0   1
8.89070554554561   0.8   0   0   1
8.90072888888895   0.8   0   0   1
8.9107522322323   0.8   0   0   1
8.92077557557564   0.8   0   0   1
8.93079891891898   0.8   0   0   1
8.94082226226233   0.8   0   0   1
8.95084560560567   0.8   0   0   1
8.96086894894901   0.8   0   0   1
8.97089229229236   0.8   0   0   1
8.9809156356357   0.8   0   0   1
8.99093897897905   0.8   0   0   1
9.00096232232239   0.8   0   0   1
9.01098566566573   0.8   0   0   1
9.02100900900908   0.8   0   0   1
9.03103235235242   0.8   0   0   1
9.04105569569576   0.8   0   0   1
9.05107903903911   0.8   0   0   1
9.06110238238245   0.8   0   0   1
9.07112572572579   0.8   0   0   1
9.08114906906914   0.8   0   0   1
9.09117241241248   0.8   0   0   1
9.10119575575582   0.8   0   0   1
9.11121909909917   0.8   0   0   1
9.12124244244251   0.8   0   0   1
9.13126578578585   0.8   0   0   1
9.1412891291292   0.8   0   0   1
9.15131247247254   0.8   0   0   1
9.16133581581588   0.8   0   0   1
9.17135915915923   0.8   0   0   1
9.18138250250257   0.8   0   0   1
9.19140584584591   0.8   0   0   1
9.20142918918926   0.8   0   0   1
9.2114525325326   0.8   0   0   1
9.22147587587594   0.8   0   0   1
9.23149921921929   0.8   0   0   1
9.24152256256263   0.8   0   0   1
9.25154590590597   0.8   0   0   1
9.26156924924932   0.8   0   0   1
9.27159259259266   0.8   0   0   1
9.281615935936   0.8   0   0   1
9.29163927927935   0.8   0   0   1
9.30166262262269   0.8   0   0   1
9.31168596596603   0.8   0   0   1
9.32170930930938   0.8   0   0   1
9.33173265265272   0.8   0   0   1
9.34175599599607   0.8   0   0   1
9.35177933933941   0.8   0   0   1
9.36180268268275   0.8   0   0   1
9.3718260260261   0.8   0   0   1
9.38184936936944   0.8   0   0   1
9.39187271271278   0.8   0   0   1
9.40189605605613   0.8   0   0   1
9.41191939939947   0.8   0   0   1
9.42194274274281   0.8   0   0   1
9.43196608608616   0.8   0   0   1
9.4419894294295   0.8   0   0   1
9.45201277277284   0.8   0   0   1
9.46203611611619   0.8   0   0   1
9.47205945945953   0.8   0   0   1
9.48208280280287   0.8   0   0   1
9.49210614614622   0.8   0   0   1
9.50212948948956   0.8   0   0   1
9.5121528328329   0.8   0   0   1
9.52217617617625   0.8   0   0   1
9.53219951951959   0.8   0   0   1
9.54222286286293   0.8   0   0   1
9.55224620620628   0.8   0   0   1
9.56226954954962   0.8   0   0   1
9.57229289289296   0.8   0   0   1
9.58231623623631   0.8   0   0   1
9.59233957957965   0.8   0   0   1
9.60236292292299   0.8   0   0   1
9.61238626626634   0.8   0   0   1
9.62240960960968   0.8   0   0   1
9.63243295295302   0.8   0   0   1
9.64245629629637   0.8   0   0   1
9.65247963963971   0.8   0   0   1
9.66250298298305   0.8   0   0   1
9.6725263263264   0.8   0   0   1
9.68254966966974   0.8   0   0   1
9.69257301301309   0.8   0   0   1
9.70259635635643   0.8   0   0   1
9.71261969969977   0.8   0   0   1
9.72264304304312   0.8   0   0   1
9.73266638638646   0.8   0   0   1
9.7426897297298   0.8   0   0   1
9.75271307307315   0.8   0   0   1
9.76273641641649   0.8   0   0   1
9.77275975975983   0.8   0   0   1
9.78278310310318   0.8   0   0   1
9.79280644644652   0.8   0   0   1
9.80282978978986   0.8   0   0   1
9.81285313313321   0.8   0   0   1
9.82287647647655   0.8   0   0   1
9.83289981981989   0.8   0   0   1
9.84292316316324   0.8   0   0   1
9.85294650650658   0.8   0   0   1
9.86296984984992   0.8   0   0   1
9.87299319319327   0.8   0   0   1
9.88301653653661   0.8   0   0   1
9.89303987987995   0.8   0   0   1
9.9030632232233   0.8   0   0   1
9.91308656656664   0.8   0   0   1
9.92310990990998   0.8   0   0   1
9.93313325325333   0.8   0   0   1
9.94315659659667   0.8   0   0   1
9.95317993994001   0.8   0   0   1
9.96320328328336   0.8   0   0   1
9.9732266266267   0.8   0   0   1
9.98324996997004   0.8   0   0   1
9.99327331331339   0.8   0   0   1
10.0032966566567   0.8   0   0   1
10.0133200000001   0.8   0   0   1
